100 100
-24 601 346 563 -166 -940 595 -706 867 487 -278 392 -761 93 0 0 -963 563 507 1000 303 0 0 -926 -67 0 -962 -320 130 -836 816 925 -506 -246 -168 39 -683 -993 0 0 -85 710 315 -593 450 477 252 29 -464 396 454 995 182 -921 -614 -88 982 998 906 300 209 -471 0 0 0 -137 639 504 -471 -837 0 736 493 531 -11 0 -916 273 -936 22 -713 -669 1000 445 0 285 -704 -831 -830 -38 0 -79 0 367 -80 0 -806 -987 328 723
-42 0 0 758 730 -108 936 360 -405 -283 457 435 -991 -939 -289 571 -876 215 649 61 660 0 395 0 0 -951 -423 -930 872 682 -774 0 -979 890 -505 -637 -639 23 -703 69 -242 -993 -463 -539 -22 948 -983 -668 -325 -452 -194 -579 678 -406 -735 906 0 651 88 -930 854 -689 0 384 0 246 -776 989 -618 401 0 -552 -918 974 0 -975 570 0 -357 -964 286 -281 -889 -29 20 -330 -643 72 270 -867 -868 484 -634 587 -915 0 -892 -117 746 0
335 -342 539 -953 0 0 0 -356 678 560 443 857 841 -708 510 0 -37 146 -990 72 -102 -411 1000 286 694 0 981 -804 -250 56 0 -667 271 -563 214 300 0 -921 849 0 37 0 0 -640 0 -283 51 251 -584 -813 -7 990 -228 823 -1000 372 659 -623 -123 -740 214 -99 0 761 710 404 -104 0 -272 874 394 47 -202 -380 263 -960 960 -882 -999 754 817 -812 -411 -989 -299 -972 -145 882 956 454 -142 755 -314 713 112 -995 154 -681 0 0
-576 820 521 924 -350 -368 510 880 0 -32 -539 31 538 -76 -567 -454 -289 714 0 0 687 -516 297 -586 -51 919 -424 0 -751 -231 271 -438 0 -879 -991 0 586 255 606 -317 -780 0 0 709 984 919 0 360 0 822 -680 -413 -122 -762 -308 241 0 -929 587 133 901 70 -427 433 519 0 -995 0 661 29 -894 0 859 -59 362 47 0 515 -611 -793 0 -294 -975 968 412 144 -119 -130 843 -54 668 -254 0 0 0 118 -286 -456 0 823
908 -966 60 -471 -232 0 270 394 -776 -85 0 -724 880 -200 -893 -781 0 382 0 -936 -866 4 -617 -221 0 716 444 966 375 207 997 405 -996 181 -726 -61 898 712 476 -585 -247 564 -391 -915 -555 -610 572 70 316 -948 415 0 -941 0 145 328 -70 680 -249 -804 792 0 0 -996 914 -178 101 0 -568 -906 406 681 -201 -329 529 -148 169 0 -24 296 -857 810 -979 734 0 895 -41 -819 -607 -18 547 0 0 445 878 -470 318 52 -132 8
0 950 341 0 461 237 44 -706 967 -870 545 -168 116 -600 387 487 962 927 923 197 797 -327 -409 203 -205 -294 271 -282 -788 -976 504 0 -713 646 0 -551 206 698 410 515 74 204 0 0 65 21 -95 896 828 -40 -843 92 -425 846 0 -926 -165 -420 265 -921 0 -626 399 -833 -130 -89 -678 727 -828 561 928 611 -567 -925 793 216 -849 220 819 0 -439 -767 -266 -252 791 -872 531 0 934 532 942 96 0 961 530 70 -76 -960 -748 -458
-510 -940 972 -295 -772 732 -906 810 -565 -202 -680 -178 -24 -28 179 837 817 0 -395 540 557 473 -920 195 994 0 553 0 -626 -821 -264 177 -806 -623 0 0 164 471 787 530 0 100 -723 -947 -470 732 -999 828 -214 998 -10 0 -990 514 999 -192 -942 787 -777 695 -701 -227 577 -304 0 234 -384 -254 841 672 -317 543 -846 0 0 0 189 695 -598 0 -275 -924 153 -324 255 -101 -221 -693 192 565 -254 -814 -253 -293 0 189 79 0 0 58
365 -468 -342 -989 349 -67 -400 0 -338 0 5 864 262 0 375 -67 782 -620 -52 -639 86 102 -660 674 326 666 0 -993 -109 -212 -862 -430 361 -966 153 -850 768 -861 0 0 -766 -607 97 925 -287 117 367 0 669 380 74 -158 630 844 -423 -908 0 969 651 0 -466 -33 -377 965 0 64 962 -237 -202 904 825 -668 -912 -892 898 191 -874 119 0 -757 -146 6 300 -936 -88 713 -997 0 0 -289 840 278 -832 -352 -768 -185 -127 -724 979 -751
-476 318 0 -628 110 945 -991 -841 -358 134 151 -693 505 -723 -948 832 -675 940 -154 0 -10 947 152 -539 -915 -521 975 816 -274 -403 -231 -774 -755 -28 651 -40 -660 -155 -783 -221 -204 625 640 -353 833 32 -749 864 0 137 -959 -862 411 751 -973 -185 732 -2 -953 -539 103 889 782 -110 -595 154 -211 -39 0 787 0 -202 -219 0 658 0 -428 155 0 372 782 -431 -975 939 670 353 553 0 0 -844 -104 -607 666 686 -115 893 261 915 736 -185
16 -797 755 266 0 -362 795 536 849 -606 383 -685 875 -231 400 259 -26 0 -285 0 49 -829 119 0 -649 0 -792 -971 897 876 0 -155 65 -612 -958 -178 -400 -67 -387 290 946 0 -950 -919 219 0 -274 25 -358 334 -249 36 823 550 -667 -713 -147 516 689 -483 0 263 61 -656 913 -535 0 -115 556 -565 164 -239 578 -380 277 24 0 330 83 -878 -450 0 202 -738 209 -639 530 -733 345 726 440 442 -452 648 0 -558 0 -558 981 -42
29 -667 994 -868 220 -24 -1 -236 370 977 254 -559 -446 0 0 0 -53 840 549 571 -323 389 -554 455 -150 -260 367 -452 -571 -860 -962 -981 -935 813 -767 -580 0 -157 306 4 184 0 490 11 0 421 388 0 -204 290 -712 390 37 42 993 751 -682 782 19 -153 0 0 909 662 164 450 -998 82 279 -192 -611 0 -503 -46 -978 -546 795 0 350 52 -436 739 848 121 293 921 845 -991 699 80 960 720 0 0 394 -732 -976 820 -98 631
-396 959 977 0 494 407 0 15 144 -385 -736 -450 783 536 0 737 751 -201 0 350 -945 966 -525 -840 29 26 216 -555 -420 -497 -425 415 -869 988 947 832 788 -158 418 -808 808 981 -42 -890 972 125 972 -26 -991 275 600 0 287 410 437 752 0 -402 -988 197 -115 -466 -998 -448 596 530 -699 449 503 17 -972 106 -426 0 -197 203 0 0 -635 -652 -350 -760 973 -883 680 -321 -55 -417 -661 854 291 0 793 207 185 -550 869 773 -511 986
-449 0 -960 573 229 -446 843 -835 -733 0 443 -827 39 447 -304 916 277 -459 0 989 -362 -167 10 0 -186 332 546 -981 -113 -838 0 0 -791 711 504 0 -416 0 652 4 -686 253 -162 -982 -493 867 57 8 213 968 -643 272 93 -386 553 0 234 -703 801 978 -397 898 919 -512 -397 647 389 25 200 0 648 0 -693 719 0 0 868 -959 -98 902 -167 0 963 -220 -727 -958 541 602 969 -445 -762 -674 377 190 946 433 949 -877 -683 327
960 833 618 0 776 -378 -836 -136 -500 397 -139 25 -60 746 723 -795 -990 910 433 -794 131 -797 0 449 -804 -706 585 330 0 0 688 194 0 -709 809 0 -203 -89 -587 -938 535 54 -637 799 443 775 560 4 874 -450 -107 940 -494 -998 -679 -973 -605 -734 187 -490 568 0 0 430 777 -514 -105 0 -847 -275 -620 647 280 -20 114 -430 58 -316 -596 -1000 0 -946 482 -899 -581 0 984 616 -107 -558 -21 0 -753 -187 -100 -990 0 -816 -124 323
354 -15 0 -128 -931 69 -831 36 390 448 0 862 0 73 -451 961 -238 -42 201 86 -307 0 0 0 -924 -972 0 163 69 -357 974 198 -231 846 -453 899 176 839 -706 925 -678 -545 861 1000 -999 0 -232 0 -518 991 0 680 685 -153 -500 135 0 -499 -317 469 -881 -362 -504 -788 357 1000 578 115 -268 -883 0 80 21 -722 727 8 -322 0 -409 -841 696 0 242 -420 -875 347 -954 0 -921 0 640 -652 418 -459 -732 -915 -140 -127 97 -913
245 -330 -512 280 -98 -622 -524 901 455 924 -129 689 72 -21 -639 -65 -232 -307 660 943 -390 186 -860 843 0 -507 742 -126 866 996 625 775 51 853 -437 -286 337 -3 -642 -310 0 727 103 -984 -687 -484 85 417 -227 0 599 -646 880 0 615 0 -621 777 -835 712 -922 -286 0 508 0 -475 -505 -920 0 -785 0 -168 -959 -499 -985 89 -611 490 -769 914 99 0 0 -496 -311 -795 -817 997 -32 418 81 -527 603 227 375 -287 316 -798 28 -65
-862 0 658 277 454 637 0 -598 -411 0 0 0 166 -224 -91 359 -143 -325 -433 -740 316 0 868 954 -731 384 -334 142 906 -226 -571 -151 -95 0 850 -995 36 -268 -762 966 0 -308 595 451 -392 8 937 -916 -402 839 221 791 132 -616 47 0 -896 -14 -475 0 832 0 -716 0 726 941 840 -287 -992 -386 -61 877 147 -279 -925 922 -71 -375 898 0 34 302 -225 539 -955 -204 0 828 -169 936 665 -892 -794 -728 938 955 825 319 514 -946
-833 -221 971 0 535 -207 -749 0 974 0 604 -584 -89 823 -930 544 774 -191 684 352 824 -817 -183 -865 0 -717 297 -374 -552 -1 7 831 905 336 -942 0 268 0 0 -266 781 212 0 0 -855 -901 645 840 0 -587 35 -55 0 0 -221 391 142 -879 -271 -397 -866 -223 720 -868 347 0 -718 0 -110 206 989 -511 101 0 -841 -617 724 -415 0 559 -957 -529 76 568 116 886 413 11 710 -590 775 -152 675 -410 67 -874 0 563 442 853
0 -138 359 -126 325 -980 515 462 -482 -412 -370 -17 0 -39 -747 -694 -998 100 -50 -508 507 666 -24 734 -738 -663 -190 -784 583 972 205 642 -53 -691 -134 -577 0 -889 760 -842 810 0 -721 -290 0 0 184 74 -115 -936 648 -770 0 946 0 416 979 -804 -315 342 0 155 465 812 -1 0 601 -680 0 32 422 519 -364 343 715 -925 656 166 0 -208 411 638 769 84 -990 119 778 -10 -46 460 0 13 960 0 -90 -542 111 74 -995 -323
660 -230 859 562 -24 -44 -977 4 -102 -986 -262 0 -997 698 -967 341 407 0 922 -812 -646 -372 -840 0 742 24 -983 -558 873 0 -961 -786 104 0 179 -610 227 995 -145 990 892 0 607 0 -169 -14 -306 -995 168 -824 840 265 577 285 283 0 -733 -241 -972 478 209 -937 312 862 -31 -13 543 -437 -767 28 379 -249 -805 323 -885 221 636 161 28 -806 653 171 71 989 13 -31 684 -156 0 722 -839 0 462 -470 916 901 0 -738 -503 165
32 -977 -842 610 -401 -943 -961 349 -586 532 396 77 -713 -2 -632 -18 -149 641 -6 327 370 -688 -348 -180 -292 28 -551 994 -354 -258 -774 234 854 743 0 0 -535 -496 5 -751 -347 -122 -406 -22 -909 193 573 -819 0 917 -591 -98 658 562 -171 5 0 999 276 674 0 -638 -912 0 -543 500 -862 234 -762 -747 -855 -326 0 369 0 345 0 745 651 -999 -202 186 161 555 837 -219 54 0 -807 -251 -170 -275 0 0 -360 233 0 649 991 559
249 -996 690 751 -689 0 -988 0 1000 856 -866 -456 244 -496 401 -346 74 331 252 -193 -498 0 0 0 126 985 0 0 912 -928 602 431 -863 628 -395 -79 0 127 -160 984 -808 -50 -439 70 -552 0 -4 770 883 488 459 -146 -78 105 213 -126 -484 935 -569 839 914 -268 -299 349 -139 -690 53 -585 -728 -627 731 -50 464 990 -647 -905 553 897 -578 456 448 718 351 443 -953 1000 -149 645 988 476 -153 0 -542 -987 -887 867 255 620 -68 383
518 131 0 -832 5 722 744 0 -841 -437 0 0 221 -742 10 -487 740 607 -977 720 -96 894 249 0 175 716 196 -741 535 963 269 307 0 326 0 80 -261 -876 -126 315 -166 -101 0 719 217 -198 188 -215 -579 440 -568 618 159 -306 23 -240 -433 0 939 0 -774 180 -22 -73 972 63 681 -964 0 0 47 -37 561 -556 0 -811 -326 412 339 -279 518 -198 34 106 472 -29 -10 632 -987 676 715 963 847 694 698 -558 0 101 151 -24
-496 279 241 -945 -62 137 -202 468 740 623 248 0 962 718 -955 836 988 0 953 -256 0 -983 0 -993 -627 -219 904 875 364 -860 91 0 202 0 -505 795 -899 0 0 0 702 967 638 -299 972 195 -855 80 72 0 68 0 468 702 -59 0 -568 -186 -263 976 138 765 -578 -989 543 -574 -589 0 -212 -72 -238 464 970 -861 0 62 -736 -324 686 -451 -87 838 0 -34 273 0 630 313 436 604 0 182 -713 225 86 469 360 -644 -207 -335
-914 44 847 660 33 -862 690 878 686 329 0 42 221 -237 -269 -97 -997 937 -511 948 0 206 997 -680 183 -784 875 0 385 0 -968 -611 -758 434 885 0 -932 685 425 62 -348 10 -492 0 -309 -899 -705 -343 982 589 -122 -1 -559 415 -697 -64 -71 -981 48 -723 -191 352 -294 773 782 0 -1000 416 -330 -697 41 -770 -505 -403 -631 844 -953 941 -767 -114 -4 0 0 503 113 0 471 446 -562 960 269 -19 788 -86 696 583 -188 0 603 988
-671 548 -876 -620 0 750 1000 -804 657 -4 827 -982 -521 103 622 -18 714 730 0 -621 303 -789 -970 78 -761 -294 -819 -347 0 357 924 -816 -516 -502 -196 632 883 998 152 905 -191 -387 730 0 0 442 614 344 -268 -324 376 829 -626 427 5 995 -676 -858 -490 -135 -44 697 -102 -891 114 0 639 0 0 505 119 0 -797 994 961 39 670 -414 1000 929 -27 164 154 -552 518 0 668 0 -226 -869 -997 -159 -576 -519 -115 0 0 -309 0 -300
170 0 0 587 224 -320 672 -100 597 640 980 0 13 -773 -8 -772 -141 -965 -794 818 494 0 -147 -947 0 904 -722 -528 329 -229 467 -945 -57 -461 0 161 -372 1 973 -231 753 -938 -935 0 628 403 -728 -498 115 0 409 0 533 -52 -878 -955 -93 0 826 841 920 -882 0 317 -748 539 -207 383 0 163 -18 0 0 700 -482 0 0 -922 -464 -767 -989 -747 0 -331 536 226 0 -708 -128 627 749 -551 0 -967 537 -96 608 0 416 0
-233 969 -722 466 -1 -932 -463 955 -844 -240 124 -455 552 807 -212 -660 649 -567 65 166 -91 -189 370 -998 -430 -648 901 908 941 879 -917 -968 99 0 866 -800 -876 648 0 -38 779 767 -985 -1000 -319 -40 246 826 84 -218 997 609 964 0 -236 116 873 -56 -96 -788 500 940 -554 212 326 -872 -812 500 339 0 -270 0 -287 250 245 -469 -342 774 -160 287 -916 -596 -773 0 0 -523 433 -860 -536 -5 -798 -983 -348 -381 -311 -956 -742 652 -945 -407
47 0 0 -917 428 622 115 67 210 535 -539 696 397 -622 -964 726 -266 600 211 0 158 84 -255 694 -367 -779 204 -147 193 978 -626 238 -726 729 986 -950 -140 237 396 863 489 899 228 531 0 -125 170 -82 -209 -952 -926 -687 -134 -520 -277 -796 0 -223 -820 -87 -380 -154 -656 -638 121 -22 556 130 939 860 0 0 415 234 -112 240 501 943 948 997 656 850 0 898 248 -573 999 -537 -488 802 -260 827 839 -652 855 967 -870 -887 371 -270
0 620 -300 536 -2 888 -641 0 -486 -394 -125 -465 -594 -172 559 -970 -839 711 0 393 -176 398 -40 -661 -129 999 81 0 -593 -222 857 612 -823 -393 167 -240 -92 930 -541 84 211 285 -4 -127 921 265 -318 -452 777 -753 0 -401 -570 441 0 905 -998 -576 459 0 985 993 -919 -919 -193 474 -194 -249 565 60 -693 -556 404 0 436 -27 544 -568 0 0 -775 931 -302 0 915 -788 771 682 0 420 994 -371 58 266 0 602 0 -909 -673 768
-453 356 -725 633 271 -381 9 -607 -296 -47 264 784 6 55 141 463 477 0 704 -981 408 -621 -456 -720 0 750 -2 -549 725 -38 10 480 0 41 548 -58 261 0 628 550 -513 921 673 638 -977 -601 -3 0 0 156 -394 218 897 742 869 103 718 496 -251 -778 -88 178 -664 86 524 -472 -946 -215 99 -619 290 -910 -914 960 -827 -238 932 -36 -554 -926 -838 720 -625 758 -976 0 0 -293 500 -907 -376 -591 0 -27 0 614 -565 752 -8 418
-944 634 993 -589 970 0 -559 -632 857 -500 -345 -526 -716 765 944 814 906 294 941 506 0 0 512 -186 222 212 -990 -340 606 396 -950 -285 951 909 -597 -566 -849 -132 777 -104 20 -930 -690 967 256 -885 -797 712 935 -81 550 466 549 -21 -978 155 -212 235 139 0 60 501 282 603 -992 369 824 -83 73 -470 0 -596 -699 -703 0 -404 682 -186 -183 -568 675 -592 317 878 -106 0 434 -994 614 -102 -214 -811 -151 0 617 -790 -994 0 -768 -557
691 640 892 712 0 53 950 406 -374 168 -388 -860 -775 270 23 -843 -947 -898 -601 -719 0 -719 -73 0 44 0 885 -137 -616 -230 -917 -400 -873 -876 153 0 -142 115 -248 0 180 -949 871 668 75 -43 -768 -887 117 -805 -230 993 310 -378 -107 -523 -701 180 0 728 -29 -42 -604 0 138 657 442 0 664 0 -333 -944 -122 203 257 770 996 -460 974 -535 983 -15 -259 0 -841 531 -29 353 -947 983 403 -294 19 -161 0 -255 -537 0 -828 104
147 450 -464 1 -74 854 -402 198 -564 619 -988 -317 0 122 -50 -642 -742 -518 409 23 -555 624 537 559 -552 761 -762 448 -772 -71 -870 -881 347 924 -616 -953 0 0 838 918 661 -886 -237 510 -215 -154 73 197 -1000 -459 468 -708 534 -994 992 -506 -663 -325 224 -76 835 -283 -643 635 0 -316 3 -897 -725 -722 968 387 0 461 959 907 -771 -179 582 36 0 177 -666 0 704 554 0 -662 -392 -567 -484 12 -824 775 551 -927 -465 881 319 -748
878 617 -529 0 -514 903 588 819 989 -784 -301 -302 906 862 738 -290 -590 790 -629 603 -5 348 951 868 0 -997 72 -890 -820 -800 329 430 591 935 864 -746 0 -230 82 -963 325 354 303 769 -936 -577 -258 645 689 -804 -124 0 362 723 0 -421 -706 -609 888 851 41 -691 471 656 -947 -418 0 900 574 944 650 942 8 -614 641 0 329 -509 -37 172 880 0 -984 -198 -322 0 -979 0 482 -820 247 -693 0 -70 396 -143 -372 -91 -372 -176
0 594 665 824 408 0 -44 363 -1000 -367 650 -170 0 149 328 0 -755 -1 239 60 123 0 0 -965 0 0 -493 -566 -60 -112 261 901 670 -927 606 0 -8 158 193 -108 -799 -749 -438 -445 -927 -240 736 671 -24 -159 -236 -574 474 161 198 -822 -746 666 0 0 -879 0 0 279 907 -955 0 0 -61 0 435 568 -837 0 235 -621 -937 -102 550 40 552 507 0 0 -109 603 -879 955 873 -912 -522 328 -684 -69 0 951 43 96 800 146
-980 608 -772 -609 -565 352 -658 419 384 481 -993 165 332 -635 -421 -578 -884 -147 365 41 -650 316 829 0 -389 -840 254 295 -781 321 -314 439 -430 88 15 160 0 0 78 0 302 -845 298 49 749 -113 0 974 -460 437 421 -224 860 0 -866 836 0 -51 211 871 -712 361 227 -251 -916 980 231 221 192 -654 -562 -550 -197 276 -155 174 -269 -30 0 -369 279 -10 775 879 -983 -220 977 -902 950 0 164 -776 755 -286 -596 258 744 0 793 79
215 820 0 -868 -626 -765 0 -714 -74 -910 452 -209 -727 -472 -139 998 -204 610 -462 -29 -687 411 -1000 -592 -737 -841 -636 -29 -203 86 877 -780 -89 -519 317 718 -93 244 -150 30 -588 -463 62 -481 991 -157 -645 0 -167 -775 8 925 481 82 657 0 -14 -665 213 562 906 -675 0 -654 984 285 -894 -576 -826 -6 557 664 0 -840 -512 0 -101 -138 -539 992 781 -474 993 -997 944 0 429 581 573 918 341 115 -975 993 -873 -771 0 801 0 -413
-20 733 711 -510 -906 -419 -200 -441 -576 909 -504 -281 995 664 -873 -3 85 232 27 623 -541 -923 -880 70 -526 0 724 -229 -613 -463 881 -984 101 831 -468 -661 816 -399 73 -696 -60 292 606 0 -925 491 0 0 811 -267 0 533 -997 690 99 673 293 952 12 -146 -532 313 -969 -999 718 -38 0 589 0 -617 0 825 127 688 -274 -51 -781 -104 -342 112 -958 -985 744 260 0 0 -543 -15 -950 0 -530 19 591 826 19 -392 -947 88 -937 -594
-987 -163 0 -968 694 875 -668 483 -66 0 913 874 -195 -473 0 709 -498 -373 0 108 -575 -1 -720 545 -998 -81 700 424 189 35 930 926 -692 -56 0 -480 -777 -871 814 -55 -438 -841 551 0 -424 -590 112 918 -971 782 6 -124 -360 -902 0 387 423 381 436 764 -410 830 -902 -762 -750 -121 585 868 401 -662 428 934 572 175 -948 922 -177 216 0 -96 -684 -397 -176 -212 69 -64 0 -894 0 823 -203 -937 754 19 -346 -300 0 -375 -100 0
0 -206 -744 527 939 406 -933 -821 -836 -628 179 632 718 -240 -123 -597 0 -185 936 -142 0 201 -258 -372 -941 842 -316 768 -833 0 0 880 0 -418 459 -411 -415 685 -883 762 -242 -282 -703 -6 0 0 -674 -344 0 -798 988 -137 -725 -275 604 -77 142 0 -381 -15 -790 -163 -502 658 -898 -897 0 -163 -49 -688 90 -16 856 0 0 131 -987 609 -671 610 0 636 361 344 -391 0 -277 -821 879 -899 427 -665 47 163 332 -441 37 -946 -231 548
-263 0 65 114 0 240 0 0 -251 0 0 -39 211 645 294 -410 941 0 0 985 873 689 -254 683 -30 -681 522 397 0 496 -203 14 171 -133 529 573 165 320 -334 -623 119 -969 37 964 828 719 994 -1 0 -976 203 -814 0 113 -971 -62 0 -382 -876 788 661 0 -58 258 638 -51 0 457 883 998 131 -565 -187 855 195 -771 975 431 -498 784 284 0 -412 -724 -619 307 701 117 470 -673 -905 0 -88 -319 -654 26 -520 472 986 -452
-973 908 0 237 -319 71 152 0 418 -285 432 674 38 0 988 908 -10 98 214 466 334 0 -264 668 943 -103 15 769 -796 97 -732 0 0 -91 941 -851 194 999 -296 -826 -275 -52 139 179 150 0 599 4 0 0 0 98 -828 266 -216 -449 494 0 0 905 482 8 -525 267 8 -802 311 616 518 -444 -566 530 -481 -420 -720 1000 -893 0 685 783 -1000 -103 737 -896 0 -410 981 0 0 0 -74 -37 0 -587 -988 179 -742 480 0 -202
941 733 -598 644 948 70 0 -275 140 -717 -583 -117 148 794 809 -919 -220 -848 -248 -995 -229 0 -899 0 400 -113 355 987 -545 -526 0 568 89 352 0 79 -988 -593 -44 705 25 -403 -295 0 -394 0 -21 0 0 52 0 -840 -460 63 460 0 -186 619 793 100 -777 0 0 -445 -820 0 -809 861 -725 -950 0 807 991 -16 94 -521 -971 -441 280 15 -698 -655 924 482 -818 924 381 -401 7 212 -400 -354 928 -851 -994 0 570 653 -208 0
38 486 -565 -502 708 131 0 629 -196 -3 -276 -166 0 600 0 749 425 231 -578 -535 -246 694 578 -10 -819 -642 856 -491 -911 -754 -681 101 -99 710 0 -994 859 506 505 -412 0 915 391 820 626 -638 452 0 827 871 -488 -480 801 -947 119 706 388 -631 280 723 0 314 133 -505 907 -920 -916 -847 -929 -109 -413 61 0 -908 0 0 656 97 -142 560 0 -474 832 -199 0 0 0 831 -808 292 -139 -202 623 -196 -865 -567 44 0 296 297
-526 -607 0 0 144 743 63 278 154 325 987 207 960 660 160 -145 560 683 -870 -995 0 -376 -638 223 437 711 805 -706 -83 977 811 -993 172 331 878 -640 0 969 -496 582 415 -771 0 -209 568 17 535 -313 0 -543 0 -912 628 96 -520 -883 608 -350 -402 -402 526 0 -185 625 5 977 314 922 0 0 0 0 0 0 0 757 -223 -999 -422 980 -8 810 -449 0 -553 365 266 0 650 -512 42 882 367 316 -710 998 -690 972 -174 946
944 903 -405 -317 -399 0 242 -869 0 -213 208 -75 444 625 89 -316 366 -574 369 -260 -581 835 267 -945 -558 -430 90 -586 802 0 284 -572 0 -602 -572 0 -176 532 310 128 -349 777 269 0 0 -107 640 865 -494 441 590 -561 778 -631 -475 -534 0 613 508 0 -265 648 -626 -874 297 -948 0 330 359 915 -708 -585 -478 -241 683 -206 -746 -989 -654 974 -712 -402 -530 -634 -837 -135 0 0 209 -435 833 -298 -1000 355 931 -902 123 -89 -520 0
0 0 -12 707 30 0 0 27 0 0 -634 -37 474 0 106 -782 812 -985 -32 206 882 -152 -753 374 -719 802 -508 -219 797 129 -941 582 0 336 407 0 -600 0 -353 428 434 311 -932 539 0 -957 333 813 -309 343 -362 -995 833 806 0 -340 311 0 111 -295 744 -164 675 -424 284 990 -928 -463 608 996 -795 770 148 -606 -729 -319 322 0 0 -337 1000 726 -50 -424 389 994 704 46 -556 250 312 0 -980 -992 130 -315 0 -381 -952 -600
0 356 821 -602 -594 -552 237 -646 -429 273 -268 83 209 820 478 -777 609 0 -994 0 -999 331 724 0 483 -25 350 -995 -406 -538 874 -95 -711 379 -410 539 412 0 904 430 -613 772 0 -851 -681 7 -720 -867 -907 0 114 969 807 -73 0 893 817 424 0 984 -829 916 980 -249 450 467 904 693 0 -916 361 -898 446 991 192 11 197 885 -951 902 -837 848 -730 2 0 -516 60 964 0 634 0 996 289 -445 0 787 190 167 305 -712
528 -556 -712 -160 -475 806 0 986 974 -793 0 108 -405 -542 -777 581 646 562 -541 -985 971 -449 -884 -71 -977 -919 417 1000 -158 672 16 622 395 0 -286 173 -924 168 -992 -896 -455 -96 619 0 820 -338 -818 -952 678 223 0 -364 -811 119 0 93 -635 819 -516 457 0 0 671 -977 545 -818 -901 -28 433 -975 -691 144 -556 -670 977 -524 876 -825 892 -638 0 597 610 -107 0 -894 0 -99 922 0 -130 -580 -636 -842 0 737 -60 30 -963 -413
178 -135 -487 -990 -491 808 -93 -290 0 600 415 -741 46 0 14 -144 -638 141 415 -28 540 -860 62 212 -907 -649 -861 49 513 986 969 -4 -113 257 506 607 -420 140 464 -295 0 111 598 -195 -627 234 -833 949 0 586 -980 -277 370 -987 -801 989 -536 -651 -35 955 672 -995 -92 -227 0 -21 0 -42 -623 -32 380 -799 -750 -808 0 134 73 1 991 -263 571 -673 0 592 992 -493 -250 -998 256 379 717 404 711 -570 6 0 0 -694 804 -230
985 0 -405 992 986 -1000 -515 490 0 -933 307 -644 -188 24 980 178 445 243 0 -613 989 213 -566 368 -819 972 0 255 0 -946 0 353 897 -282 567 457 970 450 0 301 -959 627 341 919 -18 -953 0 -580 721 990 -39 995 584 529 762 731 -188 -268 -908 312 -413 951 161 -5 -312 978 0 942 -196 -864 0 0 -161 -877 710 914 -93 191 0 -954 39 996 -585 73 737 -596 -444 -836 0 -347 0 -301 904 -712 834 718 0 383 537 0
-184 -240 -726 977 754 228 -122 441 0 141 652 -472 69 -443 -290 410 868 937 0 286 -316 -319 -403 430 -789 699 -982 169 -376 -442 -839 971 -732 -646 0 0 0 229 964 0 0 -852 -587 452 -753 -876 -438 -955 259 667 0 0 -945 533 -508 923 -781 -717 -707 0 0 483 0 232 -553 366 -210 -181 75 -486 -219 257 0 -878 905 -546 721 0 317 -1 -383 0 0 541 -811 90 -934 937 773 12 -879 -52 -739 -912 953 -930 0 721 58 62
-585 -931 0 -120 397 0 972 0 387 653 -515 358 902 -766 -982 923 -271 -254 -300 51 -790 952 35 -609 -232 211 434 0 -451 -56 -929 -865 -96 428 0 539 -945 -299 -425 -285 55 716 598 737 150 876 -541 -998 757 -143 946 0 -921 91 369 121 -9 -887 -485 455 -709 -617 807 -352 -83 229 0 -270 997 352 345 -515 0 -113 0 -338 -982 -855 -455 0 900 -786 -389 395 -382 191 -633 99 0 -808 0 -262 429 147 -851 -657 -220 -529 6 882
0 898 0 977 -988 15 -116 114 0 -768 57 -952 -907 73 735 -737 -506 -592 -696 4 -478 0 545 -532 76 -378 -29 314 0 0 0 -253 -400 -234 -157 -346 -734 151 -851 987 916 461 122 -967 -286 110 970 -235 451 380 0 743 0 0 895 -832 101 -924 773 946 594 562 180 -532 555 600 903 -162 506 -453 247 910 -58 -137 788 -389 -676 -766 -793 0 -97 -335 302 88 296 -587 -220 0 408 -349 951 433 883 -44 -508 -69 219 -936 397 963
-991 -89 713 0 971 -982 155 136 -116 530 0 397 -599 -536 859 0 0 87 -868 -847 -689 -464 811 -872 -419 0 -97 506 -140 367 -490 561 440 18 -581 246 -386 581 -21 165 -999 568 -838 940 -94 796 501 768 294 772 -904 725 604 67 208 0 -137 0 405 -254 0 -127 -271 0 999 391 756 231 263 255 -625 634 496 693 -902 -305 -370 400 257 603 529 -716 -10 0 -765 851 146 814 0 439 424 260 718 980 -504 278 212 323 -280 995
221 735 -616 999 815 102 -994 -482 841 -258 848 221 -55 -675 799 -788 -562 745 -184 -581 0 262 -152 331 28 0 -921 118 -981 -128 568 -450 180 899 446 544 307 -194 932 782 0 158 -424 117 557 177 -625 449 -271 991 937 -42 915 989 -9 -17 537 -636 -278 284 -254 324 -394 -200 -333 870 924 301 385 0 995 -126 -599 840 -405 242 -29 -962 621 -257 -104 -407 842 -675 679 -180 -703 0 -204 0 955 268 0 -988 -920 -454 187 0 952 -76
-87 156 -739 983 558 961 394 107 -437 -810 94 435 -372 -171 -229 -796 -743 628 557 389 -772 0 -664 -288 -284 -808 -800 -991 373 0 0 1000 170 0 518 -295 -361 59 898 -114 0 621 0 180 496 -581 -684 0 -881 0 -867 886 0 0 856 443 854 119 84 0 420 -918 0 -23 465 24 373 -161 0 -607 0 -475 878 -858 793 0 -535 910 834 717 886 -721 -366 961 371 0 -555 -442 -778 -307 260 469 0 -99 -624 0 -773 -584 294 774
258 -258 0 -758 933 -956 0 -214 148 -454 166 398 -746 -999 -567 -79 -734 0 979 -769 -654 -435 -364 0 -335 -82 955 -333 27 0 0 -222 910 0 269 30 -154 0 576 -116 0 -850 -938 886 -851 0 -297 0 -496 -417 -351 -914 368 187 0 799 0 0 0 180 64 394 0 -658 -17 0 526 14 320 526 457 -136 396 -907 873 -474 0 0 121 -175 0 -409 0 -80 0 -99 -455 -558 -48 -40 342 -500 32 -64 -996 81 0 -60 -51 -300
0 0 -235 -93 9 -815 854 -975 628 0 0 579 356 196 410 -801 977 987 -97 -631 321 0 944 -528 0 945 932 0 -355 -208 287 -995 -242 546 812 -123 929 892 -701 -740 -403 244 31 383 625 824 0 -544 987 -498 654 904 726 155 915 -754 -46 0 -524 -370 -415 380 383 -447 -560 -730 -756 293 -395 -890 -219 -530 -96 -599 199 904 -495 338 -523 -252 146 0 -37 831 961 825 742 -240 -321 -92 745 -411 -75 -595 180 -350 -935 923 -968 -983
598 -909 -884 -277 -833 632 0 -124 -54 -405 985 468 -1000 294 -817 -262 309 -831 511 -56 0 -218 695 0 -460 -714 -7 -911 -226 -948 -558 66 -27 -341 -656 271 839 -29 -126 0 525 -889 0 970 -827 951 276 0 0 0 64 846 0 723 651 900 -907 -927 -1 -165 0 -851 -560 406 -363 125 -912 0 964 -831 998 -729 899 -595 -473 0 293 260 -905 442 -903 10 8 -246 273 0 -334 -90 125 -214 -635 193 -910 211 66 0 854 0 970 -22
-754 -210 -53 -487 -57 935 994 125 -433 694 448 155 -996 -741 -141 -574 609 855 368 998 -54 -997 441 0 560 -78 988 -651 -836 28 973 -826 -532 510 -320 0 -29 -246 -194 -237 71 -4 -201 0 -367 235 -715 176 159 -91 -377 -38 -555 -803 -131 -736 -987 -65 0 -919 974 -262 206 -228 915 -713 0 -64 79 -91 0 -151 0 -137 881 -558 368 380 469 -48 -555 331 723 0 -355 -419 108 352 -432 539 -844 -701 -733 0 -339 -252 -996 -194 0 -301
37 -995 -951 590 0 119 978 754 -584 797 844 646 63 -544 0 925 -188 0 0 446 -773 -668 -868 -168 239 -369 262 710 377 378 649 -735 13 -323 -987 679 496 -985 -22 0 840 -442 0 0 -413 349 -167 982 -708 -984 -588 665 168 0 -873 -784 -706 -761 -1000 -550 277 -355 0 420 -125 -499 -520 243 -254 0 295 0 0 -868 -796 542 -536 301 -504 -166 -963 443 970 0 -305 -641 -236 -78 -113 474 0 -691 -455 -785 -625 905 0 96 -565 641
-162 987 -472 -75 192 -995 0 -499 -118 -775 0 262 -984 526 254 0 -550 -591 827 -221 467 -921 930 -651 -407 684 0 923 43 746 -398 -628 -681 850 -73 848 915 -927 294 -341 -176 141 208 572 0 -434 0 720 0 503 739 228 -168 726 286 164 0 645 985 51 0 -552 -164 -918 0 290 -819 -814 -144 538 0 167 849 374 244 252 829 585 170 784 492 -970 385 271 46 0 280 0 -803 713 882 -921 173 0 -610 590 77 -283 -435 -9
-645 0 -337 0 -576 546 65 0 -216 -201 0 435 397 236 650 0 -267 -156 -710 14 989 -824 -458 -204 -798 0 -152 856 -647 0 -774 -372 -550 -526 68 -668 996 0 984 -228 -792 291 0 762 723 -956 -882 245 0 -488 12 261 -724 -356 827 -989 475 657 -667 -967 805 0 -680 480 -670 777 0 176 761 0 115 -714 0 0 26 39 463 272 0 777 0 0 945 413 371 -493 -304 -851 -819 677 -471 39 558 -243 571 -957 -618 0 0 -609
-3 0 649 -724 145 -556 493 -696 -538 405 499 6 -165 904 0 0 564 -264 0 -882 -23 -967 580 -65 0 -157 773 954 0 -652 661 0 0 27 -108 668 -848 -180 -20 -424 928 -314 -272 -115 640 -791 -519 394 0 112 -395 495 -364 0 -504 762 -956 459 308 -978 697 0 -307 38 170 -994 365 33 -839 0 489 372 -637 374 940 0 270 26 -118 -455 -519 -290 -967 896 0 513 -737 -463 -94 374 426 0 113 -143 49 536 -110 959 -298 328
-980 192 712 -935 -366 -717 487 439 524 0 -772 -160 953 -124 824 0 -72 -55 -773 -447 756 -920 -763 -502 590 -704 0 0 -387 0 0 486 -374 410 -153 -389 0 330 654 -589 -37 0 -871 151 -196 -279 -816 574 236 967 998 -560 0 -538 0 -694 0 271 650 -272 412 -704 -904 0 308 -957 -253 0 149 -697 457 -55 0 -965 0 105 -28 -968 -734 0 77 300 368 -650 -998 -498 -40 -6 -332 -60 -511 29 446 194 -980 -169 -701 512 0 523
280 505 218 0 118 -520 708 989 -14 901 0 -141 -996 -551 216 975 143 -186 -192 852 520 -63 -813 -513 44 -342 133 -1000 0 189 -772 475 0 887 -295 -710 -70 774 591 294 -997 -548 -897 877 -705 -735 668 -993 0 -500 318 0 0 -980 -84 272 -306 0 691 -12 -445 -120 -799 608 936 -567 331 0 232 28 321 316 -628 -927 0 5 -975 -712 -995 -939 -697 942 -869 -893 0 -882 370 -126 916 941 -796 572 0 -920 589 14 -998 0 0 0
878 -811 -214 -551 -442 165 -220 0 705 112 -103 0 0 -768 123 464 -151 -359 712 -723 -455 -16 -704 658 539 0 660 38 657 -109 0 414 -78 -579 -315 -365 0 -523 468 935 -859 589 172 0 -991 0 854 512 341 -249 3 984 291 277 119 499 -529 380 29 -241 818 0 240 0 127 50 58 -848 833 -545 424 722 -213 0 -1 0 1000 -990 -401 954 712 -198 -977 460 106 452 835 -396 833 982 0 0 204 -859 639 872 0 0 0 757
-655 -294 724 14 410 -96 10 -32 418 66 196 824 -839 180 -884 0 -818 -715 232 302 0 0 0 -771 -546 -751 482 528 683 636 0 0 455 0 0 934 -823 76 603 224 -79 56 -731 0 -412 0 -728 475 118 982 -693 0 -525 157 976 -53 797 -241 -891 -245 -81 0 -444 11 -155 -62 972 453 0 -182 60 -540 18 0 -63 125 -974 -288 310 653 -994 0 -4 932 -830 0 -968 0 -474 0 -3 261 488 -548 -199 -484 -997 -640 410 823
-846 -136 -969 88 -205 441 547 332 146 34 467 -726 -888 6 -862 -915 211 22 -929 308 0 -419 8 44 -49 174 242 -367 627 993 0 -477 785 977 0 -660 803 -34 989 39 0 692 266 -84 -944 -984 342 824 -840 -121 635 734 -985 658 0 -767 943 0 393 47 983 894 446 899 -694 258 0 0 420 802 106 -713 -445 -36 121 -926 -456 693 971 202 0 -398 -398 437 -305 -950 716 802 2 -827 50 194 -719 -227 -917 0 -48 637 -889 -56
0 378 0 -959 501 0 -898 0 0 -749 0 255 830 -546 -174 -34 0 0 920 0 -628 -678 800 -767 733 0 29 -589 500 0 -373 569 37 -87 0 363 -342 315 422 -869 -467 -453 -188 0 -134 -975 -645 -304 994 29 5 672 -21 -926 -989 165 -905 669 -562 -210 651 293 -681 709 -763 -558 -752 714 -658 326 -868 -488 814 -709 452 -564 244 -421 855 235 -676 147 785 0 -8 -543 -651 -575 0 303 -904 -151 0 -236 675 301 912 567 631 -868
0 458 0 0 -799 535 931 -770 0 185 562 -141 215 469 468 -232 0 16 -588 200 79 880 333 80 575 803 -851 -717 0 160 593 518 844 -367 -554 0 446 9 55 -872 198 992 -699 -62 504 -658 681 -352 890 463 428 -690 953 37 47 876 -65 934 342 -910 -963 -264 764 0 0 -56 384 35 -213 0 0 709 279 186 -5 -442 281 125 917 499 876 -746 -32 942 0 -675 502 116 979 307 -138 -711 -88 -80 79 -310 -874 -238 864 686
0 -55 997 353 -311 820 -238 1000 -765 622 0 0 81 0 954 -623 -953 98 81 0 562 192 -49 -43 986 580 873 -444 0 -925 -727 367 -771 -844 0 0 912 0 424 -171 0 334 -651 612 -977 540 -764 0 376 509 450 -284 907 644 -404 521 -694 -750 -675 870 -320 987 629 -200 -961 735 -195 -367 987 0 852 0 -527 0 -484 773 -111 0 310 0 0 -614 551 -541 -975 439 146 397 650 142 374 0 298 685 476 -425 -226 409 596 -889
-57 -976 788 -592 -320 0 924 0 115 -921 -125 875 0 889 929 -68 247 524 -9 307 -570 -948 494 -928 437 589 6 -884 622 0 864 43 967 -814 710 755 -953 -840 873 -920 369 31 415 -147 -525 -741 -650 -169 -358 864 89 0 -592 818 -964 407 -520 524 486 417 0 -988 -52 0 -953 -558 -990 581 0 -863 0 -487 895 178 -645 0 -601 -412 419 -567 226 -675 998 -743 423 -149 0 -207 -581 610 -540 -424 -277 -553 -361 -506 -494 879 -893 577
0 530 0 166 533 139 -175 -674 658 0 -57 9 -194 951 400 0 0 -799 137 527 985 655 759 0 -144 610 0 -173 7 100 -399 -967 -903 0 286 -221 115 255 974 0 844 0 281 -910 -995 742 238 -169 -990 0 -673 -81 695 -182 -896 -191 866 -19 841 -611 -960 -309 0 876 778 199 -312 955 -474 496 913 -413 987 242 -990 223 -261 998 325 488 906 994 -199 -735 357 0 257 0 -35 147 -55 0 90 -867 649 934 -678 36 -271 523
666 537 27 -107 -241 981 0 929 -526 -960 665 -1000 108 -931 -994 0 -517 115 274 -594 119 84 -525 -41 -733 -493 191 739 128 0 0 0 -426 83 636 61 0 452 -35 -24 982 0 157 -311 -626 -13 -436 903 -462 869 -480 0 127 -287 -43 -645 -505 -445 0 0 -42 0 -931 859 0 -665 171 572 -304 -385 -998 275 -612 -513 969 -987 984 -53 338 0 42 968 983 -394 190 -252 999 629 777 992 0 0 541 -999 -536 -145 -465 -819 561 365
-2 255 993 -627 751 -52 844 -985 448 -583 -116 679 -28 0 -483 -81 -294 -476 1000 258 -827 872 963 240 861 243 -845 463 -868 658 554 282 0 285 -327 270 -70 979 82 -98 -628 -697 -469 -678 -39 616 -791 9 329 -311 465 355 0 -923 254 -13 874 996 607 -20 -627 913 687 -503 481 437 743 530 0 -362 122 0 994 -268 -213 -500 430 739 0 -848 0 925 -375 345 -141 259 -459 -218 224 638 -252 775 0 868 0 434 -443 0 540 535
-97 -462 -267 -197 484 0 -364 145 -458 463 575 12 -909 593 0 -318 140 0 -783 531 858 -337 -437 -247 -736 -459 520 383 -877 -364 146 552 0 -543 -856 -255 -702 57 -945 -788 -901 566 -238 226 -1000 -116 -680 -345 -608 0 -190 -457 971 0 0 807 -286 885 555 -327 751 -144 -745 875 136 23 -439 966 -567 182 862 -88 490 0 328 -481 473 -127 892 -456 351 -271 -562 -616 908 236 39 355 -185 959 -10 441 831 -466 -47 961 995 324 -104 -962
155 -510 0 757 891 247 585 203 0 344 -551 983 387 162 984 0 413 0 337 -214 0 -846 -22 281 -1000 0 426 955 -76 -886 -633 0 -305 -742 -461 -87 -922 684 -253 -778 -83 125 -41 -936 -291 140 292 -480 0 548 0 0 916 846 -370 -668 -156 0 562 824 -393 -992 -405 80 -821 266 -667 326 713 -655 582 999 23 -638 731 313 534 -577 188 -188 -835 486 786 -725 -139 672 -653 822 -765 -574 451 -271 234 -53 -492 -446 449 72 -786 -39
-901 0 81 -587 0 -475 0 -489 -260 506 0 967 159 -201 -724 -460 0 -313 -172 -567 -7 902 696 830 -956 50 0 0 0 118 760 0 -804 721 -834 996 -563 0 274 -523 895 129 370 152 -751 384 -985 645 -553 189 842 0 921 -894 57 -702 -126 690 0 468 632 0 576 245 -990 351 -465 0 832 638 836 -696 -819 -862 74 -75 818 0 -502 -298 -390 27 -428 -358 438 -483 -827 917 8 -969 405 335 -426 997 574 636 70 -932 635 -405
295 -822 -950 -245 0 -304 -200 724 559 -812 189 0 600 0 259 89 0 521 208 0 0 490 918 -873 0 -814 0 -13 621 -216 -877 40 -125 -578 -941 664 -44 1000 528 -770 -496 995 -9 -322 -593 0 -842 212 -871 15 551 -541 -538 -650 189 167 -495 -214 743 193 0 486 -392 539 925 -417 -940 -110 -862 523 593 -819 -320 -894 -964 194 838 0 -542 0 0 372 313 31 961 336 914 -44 -528 15 553 477 0 -916 -615 0 471 -280 923 -187
-912 -870 82 170 0 0 265 -277 587 677 -56 817 129 0 318 453 -323 338 412 239 862 0 66 0 881 0 -850 -737 194 275 540 -608 -978 783 371 -872 100 -996 -184 -160 -140 597 132 735 96 -831 0 -447 476 402 -64 615 -448 -768 240 914 156 -32 -707 850 0 557 773 0 0 -227 -311 -474 102 126 336 -674 -358 0 570 537 70 -476 -909 128 -674 197 827 868 -842 0 -610 -788 -371 158 -719 -380 -683 -411 -639 902 983 63 525 -577
0 -147 -842 576 972 64 -521 271 319 993 -27 -96 -133 -612 95 -156 -853 -14 -869 -111 -186 -864 -371 -108 -716 279 0 -274 -570 -107 491 -231 -259 162 -394 -361 -358 -19 984 979 174 969 79 -443 465 629 -323 -487 0 490 0 -309 990 0 753 861 -176 19 201 320 -215 0 -969 -652 0 -446 0 -999 528 783 -257 -403 0 0 -486 858 558 0 235 -697 -60 -241 485 -613 -796 602 -244 -885 -186 351 0 -354 687 578 -134 -897 -164 -290 718 -921
67 894 847 442 417 0 78 0 0 88 662 -319 0 -949 -519 -926 -307 0 -196 -976 -712 967 25 -3 -11 942 967 -885 -46 -733 5 500 589 169 315 -873 645 529 -560 0 0 581 0 -815 734 769 724 479 411 0 -692 325 -126 -982 682 955 326 0 0 -326 485 -582 243 102 683 0 690 411 0 -690 -270 -367 -707 93 -747 -560 279 -560 -285 557 -475 -866 906 -43 -751 -307 181 870 631 0 0 -102 -3 355 -173 0 -285 196 0 170
352 -622 567 247 -989 -881 0 0 -150 -81 -222 553 0 -187 887 185 -177 0 0 -808 71 -192 206 539 -792 0 55 -24 -754 902 -859 -235 999 -684 26 357 -880 0 682 0 986 339 0 -623 -453 -937 783 825 0 -896 0 419 967 0 371 441 -284 -791 -574 -777 489 67 192 -459 0 -870 901 0 -901 -825 -529 -34 -332 -973 0 104 69 587 879 275 -511 123 -868 -907 98 -970 267 470 0 101 25 1000 -532 307 876 -519 83 981 0 0
-798 -62 -218 -987 433 -121 11 -203 866 581 197 -100 -94 -596 963 -553 177 -994 -149 -937 -908 989 -504 278 -401 569 -572 652 0 -482 543 924 182 -839 -127 -269 280 243 -948 -392 -928 -247 146 247 -61 -318 -825 -275 946 476 0 0 850 550 390 15 880 361 0 -61 0 -11 -693 -919 134 684 238 0 -344 374 0 0 534 0 -142 882 979 22 -470 362 562 0 474 -755 377 -823 -173 -647 873 920 238 -345 -812 0 -97 -777 -909 0 0 880
-516 752 -927 222 984 828 967 0 4 824 213 893 326 -780 -854 0 -84 954 -394 417 221 -379 -688 0 -856 0 916 524 264 -730 906 240 554 -464 -767 310 546 -379 -567 937 -963 -329 0 949 280 0 967 715 0 392 0 454 -583 826 -907 796 -536 -56 -578 259 0 757 146 -733 91 437 -870 79 -692 -388 -929 -332 -98 387 -467 0 995 -717 995 0 442 540 -762 0 34 -548 5 933 0 980 0 963 -694 -421 272 932 944 0 6 0
895 423 -45 0 972 290 922 -989 -985 -412 434 -349 0 -376 -158 308 -97 -8 315 0 718 576 751 771 0 0 -848 0 -901 -713 737 370 0 503 -865 -923 835 -90 -301 391 -237 691 0 -198 428 -556 -753 0 -966 0 -296 -124 -718 -191 -903 -63 782 0 477 -976 -708 -809 -935 -5 -680 0 0 -821 0 0 -156 999 -522 268 -807 555 -408 -305 0 658 -581 -112 706 -921 840 -779 420 898 570 -987 309 -998 -353 -662 792 -604 768 425 689 13
-226 158 406 907 -254 0 784 -669 0 0 -436 220 -312 340 -386 0 978 0 0 -879 -481 353 -107 711 187 -196 596 891 -407 -497 0 -544 191 -633 -124 -42 502 811 0 -596 134 50 -165 -97 -912 -536 -834 -461 828 261 -80 0 -465 -854 -960 -73 -994 928 -820 280 -376 783 118 0 223 0 0 0 -952 283 -351 354 -166 0 -259 679 -177 640 -142 -609 -952 268 452 -971 -959 -571 890 103 -388 77 765 682 -848 -851 -763 314 -481 -250 969 -77
61 989 50 768 0 658 -960 -756 -683 811 -190 47 -64 428 541 -547 -586 0 -946 -658 238 0 626 508 397 0 -469 176 17 547 -55 -208 176 -687 250 709 -944 0 -344 735 997 -105 0 -180 -323 998 -344 995 0 447 -585 -590 -437 642 643 -842 976 196 -675 -361 -818 0 -219 -884 -319 -546 999 740 -342 316 753 952 897 -339 -381 904 0 -268 -85 880 0 0 -735 0 233 -178 391 703 0 -596 0 -252 955 0 -561 0 914 -297 642 -319
0 -85 -134 -363 0 -320 -787 0 661 -676 -867 141 907 -931 -275 0 154 942 -879 -886 -612 927 -277 0 100 -45 82 -935 231 521 660 242 -812 -1000 460 -370 0 -594 -931 -496 158 158 29 -450 434 -64 109 -614 579 -888 323 -510 453 -662 -563 -741 0 -856 617 271 241 534 -828 -468 -185 0 -854 -664 534 5 871 -276 -55 153 0 -942 288 683 839 78 -960 394 899 -247 -496 -571 -739 176 37 0 640 0 0 24 0 862 -995 0 -111 -853
920 700 -172 0 -467 -646 145 0 -945 597 -175 142 0 151 442 -821 -60 364 0 -365 -593 -999 -169 0 284 355 -911 -265 617 645 30 920 970 -915 -688 -772 66 81 666 653 582 -883 -348 849 809 480 0 989 420 -45 994 673 -449 805 -976 453 300 -603 707 -902 834 123 682 11 -527 285 0 570 123 0 945 803 782 790 76 -794 598 -366 -550 263 895 0 490 167 -97 79 -445 0 -12 -679 -180 239 931 -272 -152 101 -456 129 -484 -929
976 0 720 128 -909 -73 -251 -899 0 -970 593 -162 0 -134 -954 -996 264 0 0 0 -518 644 -318 114 530 -43 0 -977 0 339 -996 -73 -628 -799 60 14 -98 885 -215 55 0 281 424 -260 -432 100 5 0 201 836 416 770 -209 -6 941 -104 277 489 -829 -566 32 455 951 179 -841 -347 -960 692 411 -327 824 -227 -438 -986 -857 911 251 -224 -244 -6 -643 217 248 858 487 -670 79 567 -696 0 155 0 981 0 -129 0 -824 -685 -760 351
-47 -370 -805 870 857 0 -339 153 11 -850 -999 -281 117 -982 614 518 170 368 -603 -260 907 738 -262 0 -338 -220 287 3 267 -28 -502 -111 0 726 0 -162 855 0 551 761 989 -268 443 -458 212 0 -56 96 0 164 462 494 -998 991 0 331 248 533 256 -136 314 931 -517 832 0 787 19 294 525 799 240 -868 -362 -931 797 -688 463 -325 192 0 942 -823 0 989 312 -245 -66 0 -703 835 0 -357 -609 494 -514 -126 -999 -238 985 -37
413 0 873 -140 -983 546 272 864 104 -972 846 67 789 363 0 701 942 0 43 0 -943 -152 0 512 -217 966 0 861 0 -399 -239 -265 -368 131 0 456 -483 119 0 -816 -79 0 296 -240 186 0 -617 -860 755 130 -909 0 -135 394 912 -893 785 465 -968 587 -371 -828 -940 -151 -313 284 -956 -366 0 135 352 0 88 -791 257 -985 205 0 0 -8 0 48 -101 26 -517 510 -661 -576 0 -499 -151 13 0 768 236 -737 -541 -434 231 707
-218 813 129 563 -935 -167 281 -4 -816 0 135 594 938 575 976 -865 -625 -949 -347 -902 0 -418 417 -821 -524 645 -647 760 -23 -35 677 -382 345 828 922 522 767 -997 668 -993 -374 410 0 641 481 354 0 395 110 -33 -976 -765 -551 -714 65 -91 936 994 -79 0 -379 0 16 -829 940 -700 642 949 985 -150 -586 -707 -182 -662 -757 0 0 -689 -128 -435 0 -913 919 434 69 -661 221 906 0 310 757 842 119 0 407 0 675 128 -448 383
-381 -961 0 57 178 -731 242 0 -656 430 997 -1000 460 389 -517 -72 96 -101 758 291 0 -73 243 652 584 0 -17 0 -993 586 0 -562 17 487 289 225 -498 966 -364 -980 -919 -1 -985 -23 -848 947 -354 0 -671 -790 33 -736 -427 -438 395 -123 -645 -144 -989 155 -265 967 -376 -674 751 918 -116 -32 6 941 251 -486 -63 64 778 936 -968 857 -719 440 -983 -86 875 811 401 0 -112 0 1 -562 102 -612 719 27 0 979 908 0 -59 958
-850 19 -137 0 264 -668 -848 0 -458 -493 -3 -704 0 -926 805 -641 -889 -10 482 973 -59 0 843 398 -329 503 450 861 -982 547 -279 -293 235 358 170 800 -964 -386 711 800 752 79 0 479 -395 -644 997 994 -795 -121 -489 -52 -896 -728 431 260 619 -59 -120 -312 14 -79 -979 0 0 952 968 0 502 -761 -364 0 -631 -231 -606 -570 -724 91 0 -2 436 -124 895 -522 190 -841 687 -882 55 -164 -42 -506 -70 -908 -704 -381 574 0 0 -153
916 -915 983 756 -961 105 862 -26 743 0 -453 589 -50 0 106 593 0 823 916 225 51 0 0 0 571 0 0 637 873 0 0 937 0 -492 928 -280 81 -429 -627 956 -460 0 -39 -115 -921 -797 -696 -82 660 0 0 0 -170 555 894 578 -148 -472 -621 -90 -447 801 0 -982 -136 -176 619 0 0 -566 25 -258 -172 881 -563 0 928 0 0 865 -293 467 -102 863 64 48 -976 -634 -302 857 -201 142 -901 301 983 -851 0 995 -165 327
