15 15
712 751 -666 948 -45 -120 -990 603 -253 686 396 221 -737 -1000 324
134 -317 247 -370 0 7 0 -944 45 402 -961 -875 -943 -832 119
-515 -980 728 -707 319 857 -861 -680 0 -744 232 0 803 -127 -28
-934 0 971 607 -705 -901 219 870 791 12 -557 -227 -325 -440 938
-743 -798 470 0 -978 -22 0 180 69 0 179 637 685 964 -275
642 0 677 0 214 -941 545 897 -277 -14 899 -403 769 -12 911
600 1 0 -843 -599 977 380 321 -290 -742 0 -524 459 -456 827
-556 -932 985 -605 -478 819 -257 0 -190 0 1000 -952 422 957 -130
-464 5 -3 149 967 -620 899 -783 818 126 -25 0 -201 -478 -882
262 -301 -265 378 -238 -975 881 239 78 232 450 -834 942 0 0
553 0 -71 998 0 -902 -338 176 155 -476 0 662 -30 -20 -133
-958 0 -919 0 875 154 -415 0 -982 0 -237 -721 95 806 657
0 0 464 121 320 157 0 -369 991 -365 -619 117 -7 -337 732
-711 -725 -175 269 -890 70 412 693 145 -801 0 0 997 0 41
-125 -538 0 809 305 0 961 -930 -896 578 257 -763 0 0 899
