20 19
647 0 268 0 293 0 770 -684 719 -789 -937 800 395 642 917 453 998 359 -967
973 0 0 3 -396 554 0 -180 0 128 -473 447 -961 -664 481 796 0 -916 0
84 340 18 799 0 501 -778 528 -665 407 -546 -435 703 -893 676 650 500 -446 804
-155 -628 -994 624 0 -110 899 -306 -861 969 -380 -58 -144 -716 879 0 -546 651 -750
764 550 -182 -731 651 285 564 917 335 -580 140 448 966 256 783 -504 0 582 -18
-575 994 -483 0 688 -85 598 -692 -592 0 0 -432 990 0 -126 454 953 -952 -745
0 496 975 -904 -767 0 -241 503 -170 -836 -498 -57 995 619 -781 0 0 -487 0
239 307 -839 -806 -973 0 875 -681 0 -356 -262 160 557 -411 -390 963 -788 876 912
188 -161 -34 -875 404 -943 0 640 974 -573 -525 334 666 -723 -145 229 525 0 0
250 309 7 0 729 -585 775 -868 0 0 0 960 -685 -525 180 -982 843 -825 526
-887 79 -4 -563 922 75 124 -872 -230 145 212 541 -889 0 -887 41 344 -180 619
-323 268 -75 -893 -136 505 521 325 0 0 -327 408 -296 0 155 -985 -289 -511 -227
0 -741 0 484 -228 634 -468 0 -160 725 -798 -449 558 842 0 0 0 0 0
-62 556 0 70 -675 365 0 0 597 -910 573 -632 776 279 0 -757 -768 75 -145
-452 -165 854 56 -636 331 -944 -871 378 -105 -556 867 -51 457 512 -330 -877 -38 490
199 514 117 513 -587 -414 856 -493 225 342 -595 314 -501 -973 0 106 -66 0 -758
552 -595 -1000 172 392 96 0 -395 0 369 -112 -994 -621 -756 889 60 -45 -112 -292
259 0 647 852 -874 353 322 -1000 -570 257 -79 753 223 0 -137 -153 355 145 282
-836 -431 592 -747 -456 958 971 -236 -184 -987 13 -8 -480 0 966 609 327 0 0
-191 564 -774 -724 861 -274 0 -10 264 -11 428 -365 304 0 405 -564 -869 -937 571
