35 34
942 -819 0 -87 -556 657 -952 -354 -835 0 -33 0 53 -482 835 -433 -556 -534 0 751 -262 -871 250 -584 0 479 921 -203 417 0 0 -191 952 4
831 -983 887 540 3 342 143 -863 118 450 218 389 1 570 254 -91 0 -736 568 -30 -544 641 0 973 599 737 273 708 -406 232 -170 0 0 987
780 -689 -806 807 191 -697 0 256 0 149 219 -119 0 0 407 0 -722 -968 0 20 993 -449 625 0 -639 767 -563 196 964 229 976 221 -149 -59
606 -342 -836 268 207 0 0 812 -487 512 0 0 -812 -726 759 0 300 -151 -919 -454 237 -400 790 -841 106 -212 312 -629 211 -2 339 0 -841 250
-607 -815 582 275 -655 496 512 -430 -620 -470 -978 -264 0 120 -206 98 502 -868 747 -145 0 0 928 -706 -219 -759 -2 10 -958 -984 935 -615 764 -98
-66 0 79 0 443 -862 25 -3 -282 712 -328 -822 -309 895 889 -152 -352 -64 736 -9 0 -740 914 -76 758 -750 -451 -397 641 724 -180 -828 -677 -14
-108 -25 451 -584 -606 -643 -583 -126 454 0 346 232 223 812 432 0 332 954 -787 351 941 891 -697 -604 519 -41 858 0 -847 620 -440 654 -202 514
75 25 675 -744 805 -427 -123 -101 833 219 152 -565 -227 -376 0 948 -465 449 -731 -872 -77 0 0 774 0 66 0 -676 -268 -262 -774 111 225 -783
0 967 739 579 -579 30 191 -544 -958 0 557 -888 -354 611 892 175 0 0 995 -389 86 40 245 -15 0 0 -595 484 -197 244 -20 -860 -817 845
-646 0 -99 0 578 -158 -999 513 848 0 -66 219 -98 -226 -1000 -592 20 544 -993 -626 -181 315 92 0 673 500 0 -132 727 -755 -732 674 813 -240
-585 0 -275 -255 518 224 207 -503 -332 -5 -816 975 -740 -893 36 -675 257 -91 627 -279 -629 -71 -166 837 0 -391 0 0 0 81 134 -991 0 928
-379 271 911 -200 897 429 -925 491 -351 0 -687 -978 -704 380 975 -523 -920 -562 -995 64 -515 -893 -956 -818 -982 -926 -776 -2 41 -932 -57 228 -874 -36
329 392 -367 812 508 88 -634 892 -321 -704 578 928 252 0 150 -218 -843 -3 -144 -812 -832 942 455 -128 86 -386 -349 0 246 -439 759 915 896 100
710 251 80 674 551 -111 -124 589 796 -698 344 0 862 -509 -987 0 -347 -600 -489 496 -190 0 -139 229 -81 795 -93 -978 0 -880 582 -881 995 954
-133 0 -708 115 -858 -279 670 36 0 852 590 193 -88 -748 110 50 0 -599 892 -554 761 -971 136 -632 476 -417 -703 107 850 315 0 857 0 -998
-550 -348 0 257 204 -299 -832 556 334 0 303 -889 -230 -59 0 -738 -927 -837 785 344 969 0 -45 8 -962 -633 449 994 967 376 0 90 250 19
-157 -370 204 909 0 684 -507 -590 -928 0 -729 223 846 -664 141 -886 541 311 -985 -386 999 -61 -302 -645 0 -228 799 -65 621 1000 -903 946 704 -938
-106 587 -884 976 -854 449 -49 949 0 993 862 385 -430 -116 835 -945 0 -749 -924 -120 94 327 0 584 -735 -556 -471 -407 -793 30 137 819 753 142
-183 0 0 586 999 -179 926 636 -977 -495 85 830 -492 0 -294 515 -972 -942 835 15 114 -723 0 0 974 250 -202 -237 -48 0 0 855 637 352
-472 644 643 -748 -467 -91 280 264 0 -699 -467 422 -163 -955 623 716 0 -89 0 0 49 -963 100 309 -961 -871 806 -680 0 980 -208 871 -978 902
0 -631 -655 637 640 -684 -976 147 622 -142 694 287 -743 -880 -979 0 -771 436 -518 0 570 -308 -166 190 -494 -188 -118 -75 940 278 964 -355 978 306
274 -263 -486 -348 13 -410 0 329 -762 0 484 288 -992 661 0 -349 -137 0 453 -355 -115 0 -713 -6 551 201 -360 799 477 0 0 -382 870 0
-226 0 -228 825 -294 473 278 -288 -797 120 -399 522 -49 432 532 -69 760 -248 140 707 759 -764 -176 0 -351 -481 -998 150 681 -132 170 -586 -954 -400
-194 -513 311 372 -998 -568 0 -43 -157 851 0 -948 213 322 131 -387 0 -174 725 245 994 544 -474 145 -158 -477 -715 125 -771 -92 798 -571 0 200
468 830 -73 -687 0 -180 465 -875 496 73 231 0 -635 -368 -532 445 -271 -386 -317 -381 99 -182 -819 755 -420 -507 689 -402 481 181 -950 430 326 397
984 466 -715 0 824 -517 205 625 -963 52 722 -246 -227 61 638 239 380 -998 819 283 0 -354 -710 -942 -933 8 0 604 -1000 0 542 321 636 124
0 1 -433 583 755 0 917 -61 -187 539 -869 691 -671 998 722 -335 940 127 -501 256 897 0 0 611 -46 143 214 0 -885 -212 126 858 347 285
98 584 907 56 -661 -871 301 0 808 996 0 -784 -886 -946 182 576 -237 -724 13 672 880 0 351 0 0 -509 932 -810 -699 0 -205 -615 320 660
929 -666 51 -281 297 0 0 -926 -748 -178 -958 975 926 656 356 0 717 382 -305 -324 492 957 -239 52 6 2 333 -634 -583 -977 776 -765 812 0
0 341 -67 558 33 -477 216 988 -805 -924 -320 279 -396 -772 0 24 707 -664 855 -223 -76 -8 -629 -314 -573 -300 0 400 -74 -282 -248 994 789 0
531 -510 -166 -67 -441 135 -573 -892 -320 -171 0 -410 -611 0 530 -299 -97 -992 -531 259 518 734 -707 -397 700 -45 -909 -686 289 465 767 802 -483 603
824 231 830 945 0 406 385 140 274 0 828 -936 791 145 360 0 -629 337 -338 -999 -104 254 16 -864 229 0 -754 140 394 -810 -252 793 -411 184
0 497 -751 619 -525 -651 488 654 -668 955 -471 657 488 644 21 424 215 732 -510 53 0 321 209 131 6 660 -259 -65 756 212 -936 480 600 925
-325 -123 -734 0 279 -959 -502 454 -524 -229 0 932 -302 579 -395 -189 -160 0 -259 0 -347 -836 888 -760 -675 950 469 0 -66 0 -312 857 -845 262
706 -828 0 942 455 -454 432 -774 615 -67 -326 80 0 464 94 0 -533 710 653 -204 -66 -683 8 -698 997 0 -831 608 0 -171 -172 0 -598 455
