50 46
-97 -790 -653 -448 -419 603 967 0 -321 -105 -993 373 490 0 -935 -744 388 631 0 -164 421 -903 996 0 -573 -850 -903 -992 276 0 -321 -58 758 82 -744 858 -512 -700 -845 171 0 235 -410 0 0 0
-617 -867 914 274 -332 -952 611 -142 0 0 999 796 -789 623 165 -807 -141 -546 0 0 -596 -478 661 634 -973 -997 -892 742 -754 -778 -396 37 -462 -839 638 40 -757 -373 -260 877 -642 138 -372 -900 -396 0
-519 886 139 212 -141 0 45 371 200 -48 -631 -34 778 -44 -613 -929 313 -326 -605 957 -489 640 -679 -31 -60 799 947 0 -210 -53 683 -102 -560 -100 997 -612 -970 -887 0 42 308 -359 -582 69 -739 -296
-276 263 -73 -924 0 0 -496 -461 -540 -552 0 566 954 0 573 818 24 -308 -959 748 608 -506 217 0 47 -725 -243 -327 973 709 990 -116 0 -570 0 0 329 -329 477 -302 -224 -959 -884 674 -765 -577
-838 -434 -113 995 0 -381 241 469 697 242 -229 902 927 -69 -597 -735 502 -528 884 511 0 -436 -312 0 70 -814 537 0 -780 0 -407 663 0 410 -37 -968 -207 741 -778 -167 35 -376 -958 607 696 0
907 192 -156 -977 -836 -970 -421 391 478 731 -799 388 93 -473 0 336 275 48 -392 31 333 789 650 132 -721 -155 0 513 0 333 956 -169 -189 -792 364 766 0 57 -195 413 256 902 0 -127 -558 -641
-152 0 0 135 987 -88 331 -227 -674 845 745 482 980 0 -166 467 -171 401 13 893 800 -448 804 -529 -993 980 707 -268 69 405 -902 15 317 12 166 642 -260 0 -293 333 0 524 0 -395 904 -907
-175 -595 993 698 764 -749 714 -597 54 -152 -996 -970 768 -60 207 -137 773 925 0 -958 168 255 107 983 -909 244 708 262 -5 331 920 -468 451 60 -284 626 -203 972 -619 -993 -684 -884 560 -826 -591 -260
771 273 226 -835 994 952 -523 -5 -897 -900 41 -554 7 11 -876 764 -402 0 770 -463 14 -579 -424 498 173 0 -564 0 -850 -44 -927 -931 811 -728 130 0 -416 0 0 -575 -981 954 684 -803 -134 720
-710 0 853 0 -785 659 -999 889 -972 -211 197 -240 -150 -267 -9 -628 -100 -164 -303 -989 -606 20 -10 29 -143 -514 742 -152 -937 985 683 -103 0 269 426 564 0 845 2 0 -448 -672 0 968 842 -515
876 -190 191 606 -350 418 888 0 462 198 -436 -349 0 0 459 0 448 153 332 0 776 -796 89 -306 -859 50 0 -180 -245 -910 0 -398 -235 -364 -970 -819 907 157 -461 -459 0 0 -714 155 0 -283
-189 132 249 0 -257 952 634 275 527 -210 0 693 683 -684 920 -753 468 448 44 -570 -275 221 323 -949 -992 -722 580 -637 950 -72 -635 -513 593 728 0 336 -134 0 603 999 -603 981 0 -723 550 -891
334 -223 0 130 -590 0 968 -990 81 71 -549 -54 -780 0 -216 465 724 0 -957 -232 93 507 308 -977 999 -286 683 683 -110 -137 -248 924 -898 304 -614 836 816 0 32 980 184 -200 799 0 609 912
99 693 0 820 -313 -722 0 615 -786 0 -809 509 -342 959 804 293 540 0 0 625 102 -368 398 167 130 -66 -778 0 -853 -870 -124 38 185 763 -321 988 304 0 0 -437 600 -858 0 149 -80 -353
232 -715 -61 958 -365 0 0 474 -245 0 -627 -215 0 -36 339 30 282 -716 984 663 414 -983 -376 866 914 865 957 -70 -833 0 879 -574 172 0 213 44 -974 -771 -863 381 314 -987 151 440 0 130
0 -410 -290 -124 119 -745 -789 994 -57 -549 0 -347 -302 485 605 951 -1000 0 -519 169 929 -712 601 -856 994 -249 -62 -570 -938 502 -867 612 0 433 -595 815 -435 122 744 -738 -407 -592 -157 -423 955 -966
281 -119 347 140 93 136 330 96 -35 -112 -117 -645 0 -185 0 0 -264 375 30 109 -536 -864 0 -772 -889 161 0 -847 -597 205 426 -575 481 515 0 0 -320 -622 0 -127 277 381 187 0 154 -774
504 781 -670 -544 640 35 -657 -1000 -956 0 -774 991 985 833 0 422 844 756 -376 0 -201 -309 -221 363 -572 4 -248 336 -9 488 -969 528 -241 434 -639 27 674 -223 -47 -469 250 0 17 0 471 82
-760 -407 -849 813 709 -962 881 -804 835 -504 -225 0 879 -782 -910 -849 353 -88 -309 0 275 72 0 893 -999 631 700 0 -360 -733 -353 2 -151 427 -484 526 233 0 649 -163 -945 -188 412 630 -188 -33
0 943 472 965 1000 784 -996 727 -543 -552 0 -120 -305 -702 -624 -845 367 -975 -692 -731 221 0 -73 -857 357 192 188 0 882 -505 -299 0 -600 934 0 -363 961 0 -943 -806 0 0 289 0 0 -833
-487 631 1000 -29 312 859 542 -808 -937 -999 692 -304 -996 -605 -158 831 -253 883 0 249 0 -442 0 0 899 242 211 231 896 130 880 -917 -17 986 -11 492 -166 -717 -765 -73 0 -903 -411 -282 574 -324
142 696 611 -309 335 -473 334 153 -572 -40 -412 978 -371 0 368 -975 0 -379 -711 0 740 0 366 535 336 354 0 936 -294 -362 179 450 968 -597 864 442 299 720 516 991 0 0 -549 112 339 544
-755 801 -528 216 -146 0 -978 -851 982 536 -353 504 -909 922 -80 -307 -9 24 50 356 -856 -684 -316 -41 851 772 274 -851 371 389 977 -129 -849 623 420 -156 -250 677 -439 -817 -697 912 -691 -840 -128 0
-891 0 277 -257 -543 995 0 -298 -851 846 0 990 951 912 351 67 840 15 -672 -204 528 32 0 -945 -667 859 947 203 0 630 -746 913 151 -856 0 981 -191 -971 352 -295 0 977 271 783 0 435
-616 56 -539 514 -838 -660 -113 315 0 0 -284 -207 0 0 -807 -934 584 672 673 0 266 -558 -844 414 359 -390 -208 -38 -509 -995 -484 107 235 -988 473 642 -575 0 516 -573 -166 -971 550 159 656 863
-286 -198 -999 813 224 0 -781 205 426 82 -201 -121 -526 938 -340 0 -685 -291 0 -683 -241 731 -824 57 927 347 -320 -320 843 0 -33 -295 0 147 0 -498 0 -797 -647 -283 785 -998 487 10 0 0
131 489 -528 624 0 -763 939 991 938 -23 714 221 536 -220 946 852 807 -982 976 207 0 -565 157 498 215 181 1000 968 -156 3 -754 -937 -614 305 -17 804 0 -872 0 -531 0 953 -445 263 -776 617
661 -132 -886 997 -965 687 -630 0 -928 -994 824 -873 234 592 -399 -977 466 -950 -833 -75 12 -835 920 -604 589 897 306 -148 -864 654 930 382 -496 798 666 -567 159 -625 -343 -936 64 877 447 0 -277 244
14 918 0 714 336 -837 0 -999 465 -150 739 698 -291 -960 999 40 -86 159 -201 -290 0 170 -242 -945 360 -615 -471 433 -189 173 653 383 -473 -174 605 651 -702 841 -711 0 -725 84 316 0 0 617
988 129 915 -990 -34 19 -914 -148 35 608 -229 947 479 920 -428 905 -896 -420 0 -129 -309 974 771 34 98 640 -645 407 748 -88 90 473 852 -780 -920 -202 950 941 570 0 -279 -907 0 0 -403 917
554 -997 0 998 0 -360 245 996 -48 0 0 -251 -937 -104 -822 344 0 -513 128 -341 -681 385 -422 0 374 526 712 -506 0 985 -811 -198 -369 -41 983 -95 0 71 183 -384 0 188 893 -30 604 -592
-763 -196 -848 522 -25 0 387 592 369 662 134 102 991 377 0 0 -813 0 235 -277 738 -243 999 0 -200 850 -68 -874 791 -976 728 -638 693 -547 -349 654 -737 426 302 -907 188 -631 -641 -6 810 48
407 -377 -975 -737 134 544 345 220 881 922 160 730 -720 430 860 0 -233 -156 -551 962 587 231 260 -913 -391 -195 -464 -394 122 -268 118 -611 256 83 -310 0 451 0 997 525 -868 -206 0 -905 -170 18
527 636 -963 -723 158 -412 -977 33 -425 88 -174 -10 0 62 -56 0 -939 935 955 258 -398 -303 406 -585 -432 712 573 -957 990 -337 394 -783 -825 0 236 915 0 915 -825 59 -3 -1 106 943 192 749
528 176 -962 -420 -965 -192 -617 879 -793 -470 0 128 -194 -107 -921 768 977 -178 12 0 -934 657 -265 0 -584 -714 -857 -784 450 683 139 410 -145 -275 -856 904 -459 581 -827 0 846 -634 966 -96 -530 400
0 421 -632 -280 36 300 0 -804 -693 501 -612 -212 0 954 574 0 -497 570 -128 896 -366 -749 -339 817 149 104 178 193 125 -655 -295 172 0 986 668 0 795 988 0 165 862 -28 653 -691 0 -535
-169 -395 907 17 -787 0 66 -104 -747 879 -33 136 -245 -397 -106 618 -616 685 26 0 -163 791 916 -358 765 -417 853 -231 0 -514 -67 697 0 -470 434 878 1000 0 275 868 533 -967 0 -24 -51 0
-317 0 -279 0 -749 1000 357 -628 -807 -422 250 939 0 45 76 -726 273 -56 -473 -659 133 -662 -312 0 -839 564 511 72 0 612 -762 -712 622 662 -717 -754 413 -517 -977 -833 863 831 871 26 525 0
-138 -202 -160 861 997 -947 0 -418 333 442 0 544 -977 853 -820 -29 0 56 -728 -336 -622 30 -918 0 705 227 -493 0 -447 -666 -154 997 372 965 -583 0 0 -280 -919 230 91 -477 -798 0 0 -934
0 443 -282 -253 -160 -56 336 741 869 879 -531 298 -297 -825 -999 -970 603 685 673 0 -133 335 -997 0 -945 -41 -771 0 935 -194 -81 0 998 763 317 131 0 752 -582 0 811 923 0 0 244 765
-215 236 432 -522 -911 -451 -798 905 79 -666 288 -177 0 -975 -89 0 236 575 871 -24 -365 -242 686 0 194 0 -674 -641 89 991 -13 178 39 -147 -771 -534 28 0 5 371 884 -12 295 487 634 -950
0 -262 -692 454 -81 950 0 -61 32 -756 70 537 -246 0 -671 -132 916 -29 0 966 185 0 0 -773 -358 996 990 141 0 -260 -909 237 -769 462 -71 385 352 60 230 484 56 890 0 -25 -410 0
993 -198 -888 196 0 526 0 -279 0 918 -330 -433 -49 0 914 0 -33 -774 -654 -895 0 839 440 34 -658 223 -746 -747 462 0 -406 -280 212 64 938 -112 777 74 576 -882 1000 -566 825 808 0 985
-821 -927 580 -593 -366 -745 325 408 -808 164 549 -422 -158 -753 296 530 747 963 705 380 -356 -970 -272 -894 -811 -39 -615 -173 0 586 -562 -42 -979 417 -782 -621 0 -511 536 -686 -637 -210 738 -668 -122 0
450 -304 735 0 0 -979 -963 0 916 596 -276 146 992 -35 -600 0 197 0 168 -552 301 312 -883 -989 766 0 0 -990 218 -607 -815 175 0 0 -223 0 -827 403 334 -182 -45 370 704 277 172 -627
-881 658 702 -413 134 -336 -746 0 -444 434 -75 281 0 -884 -528 -776 -738 312 580 -401 370 520 -189 -92 500 -472 0 728 708 -337 186 233 -837 0 -39 292 -801 -446 0 354 639 360 300 -877 825 853
0 0 -573 -919 0 -234 -91 0 -809 874 86 176 0 988 688 -891 -737 -236 258 -868 0 -21 659 500 944 -743 0 399 925 -258 -117 -660 366 190 448 -696 84 -658 -665 179 473 -898 -122 -940 0 -180
-369 -32 0 955 -924 -901 0 41 937 180 554 -381 -834 -334 667 -905 451 -144 140 -387 -136 768 -813 805 -683 0 0 -212 986 934 -291 449 0 -517 362 961 257 631 680 -565 0 694 -389 0 136 710
538 -196 -678 591 386 -551 902 -657 -744 -536 -599 146 -22 -984 289 385 -816 0 128 -976 916 0 606 0 -850 -563 970 626 227 934 -943 -374 998 -168 816 -699 -549 -957 720 0 -996 0 -938 -63 53 -206
0 0 364 -441 0 -127 0 245 393 36 455 61 -892 -160 -539 994 0 -663 -930 -997 719 364 -149 0 0 989 17 997 -426 108 770 828 434 -68 0 507 987 -72 298 -659 567 -404 501 -95 981 -20
