75 75
965 -903 -411 13 271 552 -784 949 7 299 -296 -518 356 298 -927 414 0 -162 569 397 148 -327 336 867 -861 361 299 840 992 -877 970 953 68 347 997 773 -731 0 -696 -913 -999 197 20 767 217 -864 -518 68 139 941 982 318 -802 0 -294 0 682 247 0 -180 420 -435 619 0 -571 -695 -908 528 -819 451 813 212 -625 0 -705
-250 629 -964 0 -303 -404 174 0 625 -93 -366 -178 -666 -395 0 546 372 673 707 0 508 0 -242 0 0 103 -731 274 490 -247 711 823 0 -897 2 880 0 705 903 747 -901 969 -621 -922 810 124 -811 657 -991 935 -138 38 789 -888 -527 0 0 241 0 528 337 644 815 3 991 853 124 -512 -796 -433 -171 825 -149 111 879
-352 -526 0 0 -319 -426 -310 0 0 -20 33 -386 -659 -600 0 -547 706 -446 915 236 -982 0 0 0 -958 921 277 719 -144 -965 120 168 316 783 322 -480 -442 -500 -137 -939 -520 86 -215 -843 -65 141 -599 -268 -599 0 474 -174 927 814 -711 157 991 -509 0 -611 0 543 -85 669 -712 278 -821 0 -651 732 0 133 714 0 475
613 -987 -402 -175 -275 532 51 526 692 449 241 -607 540 231 -762 0 -697 -230 -78 0 365 916 -847 -782 918 98 -205 -434 0 0 -188 -761 714 -410 62 -808 531 96 467 718 989 580 0 -956 517 -284 111 667 0 0 -647 0 -192 -783 521 -457 -829 595 3 -281 -756 104 0 -163 0 51 -758 969 -781 672 0 108 -894 745 877
8 709 0 852 275 0 0 -540 0 -5 -221 0 817 -118 466 -843 -862 -817 -943 0 -931 -843 -290 -822 -385 -278 0 362 959 39 156 80 790 756 840 -915 -921 -303 0 0 192 -45 0 -109 856 0 -907 497 310 -318 0 0 -982 110 -803 -615 197 -932 522 0 262 695 799 254 0 -106 347 -474 -892 684 312 -542 999 -791 253
0 0 -547 -356 218 0 -542 1000 300 -200 0 541 -597 546 468 802 963 -105 584 -340 -51 -411 929 801 -103 0 -326 0 377 -853 -267 473 0 781 -66 -960 401 -554 183 -215 914 56 94 849 -670 -373 -119 371 -208 -51 0 0 -947 -808 262 0 359 969 0 -480 -525 -695 847 707 909 -403 -900 -117 0 -592 -33 33 0 -435 0
-995 -20 445 -515 -673 -4 -448 19 -449 -98 904 -974 797 -833 -530 533 -775 469 -819 129 133 -965 968 -245 -680 72 -145 811 -431 -235 29 -843 -640 -108 -801 -302 -986 905 838 -41 -400 -26 796 -898 0 -174 400 -38 -992 842 596 228 -375 622 -949 -406 502 -908 968 -970 -705 -343 294 -359 969 -986 561 849 -330 -454 7 473 71 322 -967
643 -997 253 615 -948 740 938 -233 -352 -754 -157 -224 -452 521 373 -669 3 -707 549 173 333 647 897 725 0 758 -651 667 0 -959 583 -929 443 0 352 -993 0 143 426 -220 978 -317 0 -3 481 0 82 838 0 -583 167 -117 -141 132 73 92 488 792 -159 304 -883 530 -205 -151 -66 -755 175 901 369 620 -587 0 -810 0 -556
-443 507 -12 -527 486 -683 0 -967 -194 -129 -26 726 -290 -532 -354 900 544 -989 0 -984 529 -992 896 771 892 -423 937 95 -894 -153 509 -648 -396 -423 733 -217 -758 -604 131 -500 57 909 885 -996 976 1000 -331 994 804 -99 -45 -641 -81 52 493 769 0 19 -453 520 623 -945 331 357 0 883 -410 -325 0 253 -939 554 -122 -67 -670
0 -49 0 387 452 961 -976 953 -803 -485 0 -114 0 229 -795 601 -372 -240 -692 -797 0 -731 -849 335 0 -424 550 -701 -108 -983 -203 -122 -213 -223 0 994 -137 738 0 375 -187 -284 -92 122 336 494 -457 -452 -137 -570 -836 291 -311 -967 -533 129 176 375 249 127 -915 -983 861 -792 762 994 -249 -150 -562 235 -421 -74 352 -82 878
-541 0 -721 -58 0 -249 -942 0 452 -165 -968 -359 12 -995 767 -151 -483 633 -598 -576 0 -978 -647 983 289 -857 497 514 -358 -614 2 -94 319 -461 -217 -910 673 69 -165 -335 -194 944 -953 784 654 410 351 -81 -66 585 -1 0 0 899 -504 295 -223 -238 -973 -933 -487 539 -194 925 632 -232 0 -535 0 22 67 -254 -960 51 38
785 -726 571 481 -566 -956 -838 0 0 -193 -308 -325 -339 0 148 748 -26 17 663 -861 -383 0 875 345 0 -69 -786 -723 -946 676 698 -448 552 255 886 354 97 -286 401 -6 991 0 -992 -454 894 816 -501 428 956 0 64 -864 396 0 75 395 402 -465 -300 149 966 0 -912 -303 996 -993 503 429 -129 -639 577 -588 -18 579 0
283 0 0 -129 30 0 369 804 992 126 813 -544 0 962 -564 541 445 393 -802 -798 -985 775 -63 340 793 0 -575 301 -395 362 273 -207 -594 0 -76 113 -203 0 -751 -218 -582 679 983 -776 267 -376 638 782 -10 614 122 -813 0 0 -281 850 -815 139 -463 0 779 37 -50 -553 -716 -798 489 253 287 753 898 776 -796 167 -865
620 41 0 0 963 840 0 0 994 0 -581 -756 549 58 0 -618 -740 530 -172 -302 427 -885 429 62 714 -220 541 -680 -948 597 -594 0 989 574 -60 825 0 -998 -535 251 282 -709 199 -584 -283 0 -218 572 -389 -125 842 -563 42 0 0 632 632 -807 404 252 -747 0 -187 -438 352 188 -689 813 -788 -147 234 -211 -638 -803 -964
413 -941 -234 520 -661 -924 -154 -104 -354 305 865 -20 -883 221 183 -95 -386 0 749 -367 -223 0 0 -486 -940 -940 104 -976 0 860 188 467 -984 -331 -930 0 -187 -16 0 -44 992 27 -460 -809 -783 855 -231 -552 986 -670 192 0 69 -613 994 875 55 104 81 -443 758 0 841 -784 -963 -139 0 80 -448 0 0 363 733 -706 -295
19 751 -24 906 986 -70 243 0 0 -36 -819 0 715 177 -464 67 -707 808 0 160 414 -379 -400 -34 988 38 0 81 433 -696 0 327 -293 -463 0 313 -350 585 -188 50 -854 0 0 450 0 694 0 0 710 761 -442 0 976 156 511 999 -415 -111 126 0 750 -903 0 294 -248 828 -277 0 557 132 -154 -57 977 -271 -971
668 940 0 -827 0 768 985 0 -109 281 330 -801 -200 418 0 -296 0 -260 334 -681 -113 80 0 0 255 373 -281 -516 859 -984 -296 808 134 306 375 -843 236 0 812 421 798 -986 0 -436 727 18 -883 127 -681 296 -830 -772 -127 183 -742 768 855 -758 -138 795 -757 -295 721 -306 380 0 -25 -414 -333 252 -32 76 -203 -910 -872
-643 1000 -194 760 3 -602 -270 -398 101 -959 -1000 -720 -528 553 -907 -650 287 -595 624 -774 964 156 0 268 760 -972 0 860 -400 124 991 -24 174 260 -675 -348 -307 -896 -382 -462 498 963 844 0 530 -638 -369 -520 0 -656 0 238 -981 -989 -991 -671 -965 0 69 210 996 0 76 -149 -22 335 -695 0 659 195 512 777 -778 -795 -823
544 0 0 773 236 -62 527 825 65 -110 -10 0 1000 928 -359 25 857 954 0 879 -476 181 -54 -971 -7 812 -310 215 955 0 650 0 458 -550 371 900 0 33 171 -563 -289 -363 0 -367 -297 290 -697 0 30 656 -991 951 -705 342 0 532 763 -35 496 853 367 -290 -374 9 0 0 -933 389 -387 0 816 -333 92 -346 -350
0 -982 0 -908 221 207 0 -900 0 313 -638 0 162 -450 -929 0 -1000 716 -240 -50 982 -248 -443 -279 -935 392 50 -84 865 217 556 117 0 -827 980 499 980 -213 0 496 379 -1000 547 168 0 908 417 -607 699 -814 681 -594 0 -31 0 -536 241 0 230 -799 -634 746 158 34 695 -12 0 256 -935 -837 79 -649 138 -40 -394
-955 -313 915 -949 121 29 -46 973 922 702 224 -913 0 -304 905 520 -784 306 621 0 -267 708 -327 0 -525 -495 8 562 0 -72 139 -959 209 0 -556 -911 130 0 196 73 -23 -330 -150 697 796 115 999 517 885 -418 -74 -504 -517 275 599 -822 141 437 -958 329 -800 318 223 -933 -816 0 -752 -232 326 672 637 702 -281 -948 0
-645 -169 232 -74 -243 824 693 935 -384 -768 -172 -929 277 0 -859 626 59 644 77 815 511 832 0 85 0 865 -50 882 -824 -201 271 0 -259 -473 925 0 984 -570 -421 208 174 -651 -353 0 954 0 -554 384 -47 -77 0 476 0 487 -147 -659 -785 -989 -226 298 -164 -997 617 978 498 -235 697 -727 -307 400 357 223 0 100 915
235 -654 -546 742 0 -393 509 -720 -411 844 588 107 744 382 -987 -748 0 -362 935 -577 0 -539 0 854 -740 286 0 988 0 -176 0 -9 -620 -249 827 515 -783 -955 -464 43 743 0 -6 140 -241 436 -197 -554 0 634 625 -174 587 0 -972 -891 377 16 -707 844 948 0 -121 540 -721 280 760 -662 0 580 -963 309 -139 -258 614
0 -848 432 0 218 -924 -1000 -439 -385 433 -793 0 240 -922 -664 0 -938 3 0 414 342 -188 850 648 0 -258 -353 0 846 789 842 2 -454 -982 162 535 -478 -66 -150 218 -597 0 -73 -434 347 -937 497 -632 -422 -976 482 380 322 237 0 786 547 -185 -163 968 -270 659 -520 582 979 0 0 713 -341 36 -246 693 -994 -858 -234
19 -231 91 7 198 44 -229 138 663 154 353 -993 0 -327 -781 0 136 143 -15 142 88 0 -488 30 983 417 973 -525 687 684 -877 0 -492 598 -328 -126 277 703 -800 406 985 -734 -592 0 -491 26 53 -771 0 242 -769 -804 -52 376 -333 431 999 -205 0 -918 -557 946 0 900 -118 -77 -56 -273 621 922 0 -673 423 0 0
872 -2 944 0 -911 -677 0 -896 986 -284 670 -142 -340 9 -447 -852 0 844 912 -677 687 -36 989 549 -398 180 996 385 992 790 29 -41 -396 -915 862 -268 -894 -891 866 0 4 627 639 -296 -955 -10 0 976 0 -720 -583 -142 676 -451 -124 0 0 678 -973 86 164 565 -283 929 786 -630 391 -993 0 -118 -73 -232 135 -937 -487
136 868 514 0 530 854 608 -584 981 670 543 -428 458 -677 0 -928 430 -819 -873 -446 -648 -952 -557 44 0 503 0 715 63 936 951 0 75 520 20 173 -631 382 -150 704 0 0 -655 -682 -736 -698 0 5 759 -239 -465 0 0 0 0 0 -516 -995 -258 625 -168 961 -997 -475 -978 714 -86 -740 0 0 0 -88 0 -978 0
-123 -657 806 452 -670 -313 2 -714 87 -204 -639 -809 0 -311 797 147 315 -393 0 -993 -998 -199 0 -705 998 288 0 0 -383 -119 0 848 -759 -474 -714 369 0 -442 -808 286 -855 0 660 -988 -172 0 -305 0 545 0 -87 -408 668 -122 410 720 0 -811 0 -244 2 -357 -989 -553 450 -838 -876 -969 0 -925 697 -938 -651 -951 588
0 172 0 773 55 -672 -956 489 345 -937 224 550 -69 -465 696 967 629 394 -854 0 629 644 -988 0 391 -975 0 0 -986 0 -318 -164 -884 -481 258 -976 350 0 -441 -212 -233 807 -101 2 -296 -940 -541 -55 236 0 591 -983 405 0 -120 455 85 -1000 986 -121 -248 88 -164 698 162 -585 202 0 -317 747 485 163 0 222 314
612 -554 672 605 -231 853 936 995 -846 -695 700 -3 925 254 -549 484 -986 -662 -857 395 -746 -4 612 937 578 -315 764 0 -89 333 -25 -760 0 -678 983 0 0 0 -495 -861 119 -467 133 -279 563 -356 -528 -277 0 0 -306 482 -361 0 606 -907 0 0 830 -844 354 -22 -68 645 356 -766 0 0 991 0 0 66 -801 -7 0
260 926 332 959 384 -389 -477 -20 64 -815 0 0 0 0 -98 -71 693 -724 0 -740 -721 -856 0 -950 3 974 0 505 500 849 -48 -231 -721 -336 -483 -995 -73 -55 0 -504 -965 503 422 -551 989 0 -2 326 41 -493 -256 -314 -88 -690 -290 842 208 -161 203 -540 171 491 618 0 -884 105 -237 -213 317 232 -901 148 3 570 -454
0 406 -829 179 -856 710 -219 390 0 -758 -992 35 -88 289 -509 961 0 -549 963 336 972 -407 -5 -865 65 324 294 0 401 990 0 -681 156 -718 641 -511 468 0 0 -549 0 923 -299 -498 0 -650 693 260 -963 -654 816 436 -450 -158 297 -663 0 0 453 727 -524 -657 998 753 439 335 -105 0 -410 495 -556 -782 -967 -966 274
893 -386 0 543 -574 0 -588 160 -585 -863 -890 -869 -170 -375 -411 724 69 -912 -369 0 -281 -1 30 -942 21 994 408 -33 357 285 175 0 0 -394 198 369 127 859 -355 -312 -228 -673 489 100 -610 0 -760 0 94 -78 0 0 656 -903 -121 -922 946 -122 0 0 455 740 36 -945 -891 180 697 -744 0 227 46 -648 -413 120 -705
70 709 -747 -899 1 -794 -565 448 539 -542 249 702 28 0 983 0 730 878 -46 17 0 -52 -102 0 -973 -960 -2 73 -140 100 812 0 -794 -933 0 960 0 104 0 859 726 -212 772 0 934 0 272 32 -436 455 -355 0 -389 -994 17 -485 20 -516 -312 -149 102 -749 0 290 711 -267 812 948 -260 106 0 797 902 -911 931
23 -454 -571 835 0 -791 450 0 -308 -996 374 746 0 101 -497 -51 -291 205 -236 940 -730 -472 914 -855 95 0 844 -227 0 -189 870 4 -502 -474 -902 -399 -969 -915 0 904 747 144 -893 175 412 -349 0 -777 808 0 -251 913 -229 -951 926 -707 -674 -39 528 887 891 0 0 -673 -217 -336 709 585 378 -744 -799 -700 0 191 191
0 0 513 847 -438 753 251 -522 843 -38 219 -971 910 571 -771 -599 -594 163 0 685 -36 -4 918 -976 -624 619 360 -583 -999 -15 321 402 0 -292 824 -260 0 947 0 253 93 242 337 -731 0 -132 0 126 0 223 -147 924 139 -450 -885 706 82 -274 0 430 -200 598 -937 -339 -38 377 266 -169 0 -230 826 944 723 95 -989
21 0 -908 0 0 585 -39 -579 -63 10 -53 767 -174 0 -91 341 961 187 308 -147 -59 346 -55 142 494 -181 -782 0 0 549 -217 -424 921 -175 -605 332 -36 0 500 -908 77 540 -148 67 -1000 940 -226 -288 0 677 735 -906 411 0 742 -165 0 833 992 0 -724 73 618 -704 713 758 847 -174 -358 -917 839 -386 -560 -393 21
998 102 -1000 -813 0 0 830 498 755 0 -19 -109 829 -277 651 0 784 -818 205 198 761 -254 -388 -855 961 533 -386 572 0 5 805 0 398 926 -958 235 477 -509 -396 0 -364 0 429 938 832 949 766 -91 -175 -268 814 392 906 544 985 -193 -730 1000 0 900 45 -361 -227 934 -405 -251 -969 -458 -969 -386 -521 -714 -33 -20 0
-465 -974 -930 -890 678 0 19 -996 -1000 0 996 0 -702 -256 -135 -437 -996 324 238 789 -275 472 17 626 285 292 -636 839 -994 -316 278 979 -746 -435 468 -165 0 800 0 763 -933 2 -975 698 -671 763 -729 344 846 -400 -466 787 -633 -118 -967 448 -969 -374 123 -168 -620 535 -63 0 44 235 -331 -65 308 633 330 850 -983 596 -642
0 260 -536 282 0 0 716 -868 -1000 0 -816 -279 -718 -734 233 -215 52 380 -324 0 69 0 -849 933 -771 -905 0 33 -265 572 348 0 -285 -100 -990 300 610 -471 -769 99 -878 596 0 577 -638 -803 401 113 940 0 989 387 621 335 -218 -207 -472 0 141 922 343 674 103 -688 267 -663 962 -428 408 958 0 -153 25 946 392
-161 503 385 -319 79 -976 0 915 775 374 -771 0 -294 0 -798 0 -236 874 0 -229 -289 109 45 -642 -29 -428 -184 0 -938 -47 -700 -704 -155 -211 -223 538 414 105 0 650 0 0 -343 570 12 873 975 -185 0 -973 594 783 -553 -201 -869 -189 365 -149 388 239 -530 -900 0 -765 159 -963 763 201 -73 -829 29 0 992 345 568
-793 -369 837 -958 0 878 0 -453 -319 821 741 -943 -969 501 -439 103 -168 -184 350 -41 -999 -367 -604 -552 -897 0 761 -820 679 -163 39 633 -564 -797 -478 975 996 -163 438 7 -888 -203 51 0 -530 142 0 -394 956 0 7 -852 362 224 -805 973 104 960 -366 983 -142 959 293 -731 461 554 -789 -463 -342 -870 462 389 863 783 0
0 0 713 -492 -42 950 -461 -67 994 -726 -5 -65 -873 953 0 884 0 700 -418 -369 -388 0 -774 0 839 -798 811 -428 877 104 798 -826 611 0 406 817 -930 -980 -573 -806 982 -355 77 -949 -181 361 179 -893 -955 386 -995 356 894 -173 53 -586 1 -961 509 0 -914 0 -537 742 -971 -145 271 288 -455 -636 -370 -86 -15 684 -410
309 693 -360 991 -103 -380 -253 584 -958 -158 -90 -768 145 931 -219 -112 520 -844 -535 -507 -788 -721 779 -341 -133 -103 -183 -106 22 -549 -876 -452 192 616 935 27 -957 90 -473 0 837 407 940 982 141 183 239 696 133 -543 -718 -286 0 213 953 453 0 -725 -910 62 598 -480 -903 -215 821 -557 0 592 11 0 -860 -336 0 730 -22
0 477 -157 197 246 266 0 191 113 -70 66 947 809 0 793 367 977 -849 641 -983 3 -385 -659 -133 -221 -446 -636 178 0 -390 0 377 0 -427 -303 759 881 0 -405 -21 2 0 662 439 -317 524 -10 0 840 -77 490 0 578 -597 0 -703 800 -250 -151 493 606 411 -797 0 902 -509 -965 205 32 0 947 894 -832 0 382
-866 234 -508 -590 738 1000 -920 350 396 -530 -36 637 12 -505 -635 251 -179 796 995 294 -768 805 979 -125 201 -188 -11 -314 92 37 -10 -61 285 994 0 -61 -498 119 803 -577 945 793 -614 -569 -246 1000 0 668 -827 -139 -708 173 -688 834 -697 816 0 693 0 -170 332 57 722 -826 -944 1000 -852 -742 -464 0 390 -897 552 -110 665
0 885 314 -96 0 -885 -961 -107 -446 -79 38 658 927 0 -878 -977 875 -856 -36 -472 -854 0 0 108 -534 -716 194 0 -245 177 0 981 597 823 748 -642 -584 87 17 65 0 212 0 -26 996 0 0 -676 -945 -450 -355 744 397 594 673 0 -64 -60 0 -348 -939 -982 971 -539 0 377 975 -13 0 -723 415 298 -476 -497 509
0 995 368 74 980 720 684 -441 -18 -267 -495 776 649 204 960 -838 -473 -527 872 -885 -535 148 748 335 -451 478 -253 -608 983 0 335 531 593 -401 833 -819 0 854 -996 491 488 990 0 -854 613 -342 -142 -114 -427 -153 613 230 0 481 -736 -669 678 55 -683 -582 -716 -57 698 -984 108 539 -72 148 -589 0 134 -476 -279 -995 92
-176 -670 124 0 0 -232 0 -614 844 979 -42 769 804 861 -753 -989 171 278 997 -978 -789 179 -343 334 -768 -115 140 843 -865 655 -793 -111 650 -951 -360 982 -601 -794 -21 -698 890 -884 932 685 776 0 591 491 811 0 600 189 -573 45 842 999 -417 98 -471 405 0 705 370 804 945 -746 879 538 -942 959 858 0 589 -447 -997
0 -972 676 996 0 -496 -133 999 -219 901 756 -855 -87 0 -709 29 379 689 324 -654 -679 0 -788 867 107 772 -202 206 0 393 26 0 145 58 -992 -105 751 833 697 -973 559 -5 418 -835 -274 538 797 682 777 -533 -860 -608 0 -736 -677 617 -246 805 933 0 -374 980 73 435 248 -228 669 -121 -523 861 88 445 -991 724 -871
922 347 386 -669 -10 -105 802 197 0 591 165 258 -401 -641 949 517 406 0 420 952 473 -155 -28 205 61 -33 824 183 0 -202 762 -855 97 825 -717 -435 744 -82 107 0 0 384 401 73 -816 939 -673 619 0 -244 -425 -571 780 -859 959 0 -323 -688 -625 165 -198 -538 836 -531 -442 -64 486 0 0 963 -138 563 525 0 211
0 739 0 -458 753 528 -649 -256 956 -947 -999 0 -782 0 247 832 319 656 0 301 0 -453 -126 623 -60 -277 168 0 589 0 898 850 -892 -879 0 626 -581 802 762 -156 -561 0 819 209 918 838 124 43 0 0 0 -146 708 -173 844 -998 282 -47 -22 378 0 335 240 891 933 808 0 0 -947 -197 962 -793 700 942 -650
-639 0 0 -910 329 -81 118 334 -793 -661 0 -180 143 0 -490 0 944 0 986 811 -996 -225 654 441 905 61 -170 -44 694 0 -214 -390 197 689 582 161 -553 369 971 442 218 237 -728 993 -664 -517 51 -1000 136 0 -339 -915 -598 -778 337 639 283 -440 88 883 -599 23 0 39 334 0 -345 233 -59 607 0 265 10 925 525
712 -43 690 -224 377 410 -646 754 588 0 905 -338 79 -894 850 -43 0 -187 -818 -3 -599 -77 -748 207 -12 -326 0 -835 -26 -754 0 -941 757 -285 994 -377 -526 726 358 -752 966 -70 841 0 816 236 475 -935 -982 -734 -600 951 -397 609 -35 554 0 -202 810 9 0 -977 0 647 -293 -792 -711 -714 -541 298 824 -183 -37 -397 576
290 -800 -118 441 -823 -887 -890 526 -227 -617 -301 -843 551 831 -897 54 -376 -695 340 -223 -55 -202 24 -707 -918 -78 589 0 -954 0 820 0 0 -495 733 449 -925 -863 -939 966 -259 751 0 -362 -29 88 0 58 -119 275 726 0 -134 791 853 232 97 2 868 91 504 -507 0 865 389 408 -218 708 -956 652 -892 245 -47 908 -106
226 -662 -863 -999 -744 -899 -974 0 -414 0 -662 498 -90 854 0 -355 420 -564 -678 252 -132 -939 526 969 859 -180 -1000 0 -161 339 456 933 0 888 570 491 899 -75 -447 -100 -92 -389 -419 765 -56 -631 49 -139 -157 977 744 381 649 0 -379 575 -451 965 761 313 -924 0 -649 501 307 -794 -745 0 -190 -177 199 571 0 -358 -301
717 0 -128 -556 516 641 -346 984 -597 0 584 378 47 -324 97 0 0 791 -366 58 -926 -126 821 0 -657 -947 -57 343 288 682 -204 -531 -282 764 528 -582 0 907 -560 -791 -497 0 -315 781 716 -833 -623 -65 583 0 568 325 -693 -256 412 947 -565 473 -63 -847 -81 394 -411 -420 -150 -316 531 288 114 0 955 -68 768 -53 -496
-877 -853 513 -476 -557 624 0 671 954 -94 -425 -158 237 558 286 995 0 238 704 -535 0 879 33 -67 -640 271 837 453 996 -586 -935 364 -538 0 875 0 0 723 944 -770 -798 -888 -48 27 -940 -373 -37 -30 0 0 742 -106 -154 -2 -451 567 59 -616 -581 34 -639 -775 660 -716 0 215 -579 -53 -210 0 0 755 187 635 279
0 -603 1000 -390 -777 -471 265 -310 395 730 0 -644 -865 -606 0 -1000 594 371 -262 -714 0 -654 -514 -391 958 -812 0 670 0 447 668 850 -248 -609 0 833 0 476 -647 653 381 -17 335 -978 538 242 709 0 794 255 181 -839 162 0 -885 623 98 -161 614 995 433 -419 -700 23 0 402 -682 -105 -154 -259 838 -653 -276 -684 0
-183 504 -714 -402 988 775 929 408 -572 711 0 0 279 -210 -875 -577 4 -523 698 0 660 992 964 491 -582 -642 -728 -685 110 -421 -379 -771 0 -206 -589 -122 -977 846 440 -483 -60 663 367 -94 1 0 -411 -350 0 854 0 -743 -2 627 722 0 -176 232 -763 766 0 988 340 -112 -665 0 -71 -4 0 0 215 438 700 301 -79
981 -962 -328 0 -722 0 -571 104 0 -808 0 144 918 -525 0 -240 960 -353 -737 112 26 -898 -193 -27 -470 -302 -608 280 473 -99 906 0 -392 966 -707 -995 -140 -108 55 143 0 -656 0 219 -663 587 -995 233 -6 0 574 587 0 160 494 -348 629 0 0 -341 717 779 982 0 -903 -632 0 59 259 312 -595 -470 675 587 -803
-577 -670 0 893 -829 20 0 0 736 -28 506 -165 -974 831 429 735 0 562 652 -518 -1000 638 0 410 -601 -373 407 -29 0 0 1 -246 0 -591 525 -644 -402 291 220 -974 0 -401 786 -817 -891 932 650 0 0 -860 727 -243 554 0 193 602 -20 285 930 994 -500 895 24 992 335 0 668 0 -410 697 694 -923 -326 -62 -795
209 0 525 -433 279 -360 -484 -728 0 931 935 878 -600 145 620 981 -837 174 611 -394 836 64 0 -196 745 28 0 -149 218 -31 101 558 799 -254 282 141 -620 -933 838 -46 -560 -280 458 501 645 6 -367 -736 532 -695 854 -755 -926 -66 -441 0 28 -346 178 0 -986 154 722 -249 -629 -1000 -320 -736 -633 -107 -480 0 648 -848 -883
941 -560 237 0 -134 -288 747 845 -625 0 -327 76 -775 995 697 -707 9 256 961 -242 -102 150 39 -294 -429 71 155 316 -526 914 336 -172 -204 152 -809 -426 -39 27 4 0 0 0 -585 695 869 -515 -182 261 461 -208 253 5 -497 0 -57 -523 933 -595 699 -667 159 -547 103 -57 954 -740 238 842 0 -585 -887 545 0 996 0
-132 -281 -822 -872 0 -250 0 752 -886 0 0 0 -94 -114 0 233 -312 40 44 -437 -453 7 -26 -217 914 -537 919 -623 0 564 270 -76 400 0 -422 -991 949 800 -937 664 878 -996 924 553 361 864 -675 477 -278 944 84 -592 267 -897 976 405 61 0 -230 -68 -527 769 0 690 202 942 462 768 431 515 -50 138 -27 -967 814
982 -960 464 -17 0 -779 975 479 -96 -709 -973 0 -763 0 -685 -450 66 993 305 -608 452 985 349 118 447 0 237 943 896 -789 -510 0 -563 393 959 -719 0 -305 348 235 116 0 0 -143 -828 0 -616 804 -33 996 -57 -39 -850 0 0 216 389 745 -346 0 -367 650 901 -568 522 -336 0 0 -576 -681 452 -759 974 292 142
-581 -936 -835 0 764 -519 -403 -121 -770 -785 339 0 513 -829 248 414 -509 634 -428 945 10 -545 567 49 -340 31 -963 -197 506 -977 0 25 -209 583 -920 491 47 12 475 -528 -609 -993 172 -936 0 -921 0 -391 140 946 0 -90 620 -834 449 165 -681 -966 0 -156 -257 321 346 699 -369 936 418 0 992 -997 31 575 -944 -143 98
273 926 861 -232 0 -146 -33 0 0 -705 -484 674 0 -971 645 0 0 724 -466 490 613 -763 -380 -630 -961 92 -597 -709 31 -998 -512 563 988 145 143 0 916 43 892 -560 0 342 930 712 -743 944 661 0 -318 -348 656 1000 162 -390 0 924 -899 176 519 -141 107 293 0 -178 -859 -69 898 883 872 29 -647 -997 -927 -338 -919
609 46 0 -262 -736 -377 -99 78 -509 645 -357 -690 527 -812 342 -790 484 -970 -626 0 -697 0 974 -650 -232 2 694 632 0 -674 -417 -8 -107 0 -894 60 -643 418 84 -338 958 -691 -690 0 0 -989 -361 -972 834 222 0 -5 -493 -186 0 315 917 -285 703 981 0 -471 -373 972 465 984 -613 -442 0 -660 0 -216 88 964 0
-717 -324 -121 -62 -161 -880 -406 553 -168 294 0 -378 991 -738 0 854 0 -475 80 963 -506 -442 0 45 0 993 -576 0 416 973 930 729 762 -557 -638 -681 -465 522 -868 961 -231 -429 222 -154 841 -915 -816 -111 668 336 530 -11 883 0 -728 -585 -46 891 -45 407 -226 926 900 877 -813 256 -994 -678 -784 627 330 -845 -336 0 0
-322 89 0 168 957 -632 -1000 957 -185 -677 -408 -771 170 -768 671 0 -14 410 743 -598 214 636 583 -663 -989 483 -610 476 -695 -660 904 376 0 527 -994 474 -797 -889 -310 15 -79 -834 70 227 -645 292 -75 -660 0 279 -690 408 573 0 -777 820 -307 -994 0 0 512 -775 857 688 729 16 959 628 -124 -724 299 0 45 28 -705
897 0 -414 -584 421 -106 -225 -143 4 451 993 -534 0 21 -852 -467 924 -464 55 730 960 26 991 0 84 701 -539 -544 -979 -925 284 948 -201 230 0 -184 -942 -31 -886 872 -235 658 977 23 -923 0 0 0 -107 -769 850 403 923 -176 -736 928 821 0 -6 834 -875 511 -47 -471 419 265 260 0 762 261 -249 -441 312 794 47
114 0 -375 0 -963 -942 685 -511 136 623 -801 -632 126 928 990 177 -876 679 -869 490 584 295 852 -481 371 0 -467 -989 580 -10 409 -821 -650 0 82 52 565 -173 934 -761 990 -958 364 636 0 -158 -907 0 -953 253 337 480 175 126 -749 -192 -695 -759 993 -44 0 -946 -202 0 0 -830 -51 -344 -269 341 -14 -610 204 -990 -486
-172 -159 224 407 -286 -954 -657 -999 -661 -298 402 978 971 -853 522 -88 673 -189 -457 714 -988 0 -64 601 -877 0 319 986 -994 0 -219 -989 -511 -44 794 -861 -596 -380 -352 248 573 -275 -957 -938 -391 823 -424 0 849 121 -355 997 0 -265 0 547 0 134 0 -256 0 -747 949 676 -136 997 80 4 691 -567 944 -984 -670 399 0
0 94 240 -935 0 836 -226 703 -15 681 14 475 -45 -527 996 -938 23 -737 -153 -661 -680 -789 -118 -379 -648 -806 0 724 56 -362 910 455 -556 587 860 -287 -874 -121 -525 -589 -402 -507 203 -646 0 986 0 -324 5 -357 0 -45 -388 144 -830 955 91 146 323 0 0 -976 -894 -385 -759 970 0 -822 214 -936 0 914 -109 -640 -67
