100 92
241 676 963 1000 0 850 946 584 94 934 999 748 311 430 196 276 0 753 586 841 901 308 924 945 56 728 499 294 297 831 381 402 896 909 180 170 500 966 845 962 0 33 105 963 752 38 953 380 994 989 735 912 396 998 966 527 88 735 702 987 922 269 0 0 123 999 0 537 393 60 517 0 869 340 916 402 848 754 981 946 442 0 809 477 303 847 877 878 900 806 309 380
756 610 281 865 992 898 56 133 302 380 922 0 13 879 455 828 704 298 237 677 972 782 674 959 585 963 18 775 182 562 678 999 720 330 515 94 0 953 0 0 170 10 0 0 579 183 0 323 982 638 0 949 622 152 138 64 71 875 0 907 419 47 926 735 794 62 638 0 196 9 709 979 53 472 913 565 0 932 975 0 623 321 0 13 860 284 0 597 0 77 938 221
996 627 219 0 846 999 302 219 998 989 0 861 0 0 0 2 642 973 11 998 400 933 385 902 528 221 693 999 976 0 918 994 0 212 0 17 61 158 966 451 15 156 0 0 998 228 699 0 69 959 704 122 10 0 237 0 0 924 911 200 975 791 457 475 984 998 225 983 971 998 998 996 0 137 0 755 265 694 742 815 539 801 383 963 330 32 486 980 416 770 566 991
992 865 0 475 544 999 225 1 139 68 378 836 470 328 415 759 936 404 840 384 827 517 906 0 0 0 0 873 513 452 44 830 378 751 0 449 956 95 710 373 866 916 812 160 816 0 278 671 974 512 134 34 407 356 715 517 287 991 295 0 133 14 989 0 769 435 643 587 0 1 0 0 966 996 619 723 919 976 789 117 0 0 997 829 494 964 162 0 830 404 998 0
189 958 496 26 63 332 770 30 49 0 949 916 105 835 251 0 979 338 491 494 729 130 757 453 1000 114 311 0 885 101 0 707 980 273 929 0 301 0 575 690 0 13 466 830 121 978 925 377 294 209 903 2 969 842 176 0 985 67 243 40 973 822 0 0 930 999 1 840 937 656 464 440 463 851 0 999 603 0 603 196 698 957 937 382 1000 8 0 42 901 26 1000 798
0 201 46 0 139 993 0 799 993 882 578 965 984 658 757 921 385 844 999 998 530 980 990 202 976 813 975 984 727 457 627 889 424 399 882 592 45 307 2 996 168 0 471 0 97 212 366 30 388 521 734 0 939 274 552 0 47 860 44 0 918 6 184 3 787 154 819 824 0 361 839 0 469 999 0 992 215 923 0 44 176 989 951 999 585 487 998 263 513 0 900 486
354 969 543 638 711 591 740 955 997 0 138 0 715 85 14 650 611 602 496 690 888 683 854 26 0 999 345 720 656 698 38 27 906 803 520 127 796 998 275 738 982 717 65 421 744 979 800 246 804 76 574 304 376 465 3 275 361 714 985 225 210 452 805 911 720 798 999 109 420 292 0 0 582 141 202 235 281 113 837 653 979 0 852 220 769 812 727 960 281 1000 262 33
107 676 708 985 127 790 509 391 918 947 4 0 174 0 196 998 1 354 924 193 856 181 728 169 806 920 55 0 90 983 97 828 163 0 963 209 974 586 251 991 539 550 540 947 926 9 0 0 146 435 731 608 0 361 886 151 703 799 0 757 409 890 0 471 677 747 960 916 946 0 631 961 96 1 0 261 0 1000 179 637 802 3 760 890 317 759 273 0 2 801 715 649
746 998 984 404 227 325 14 40 992 0 0 573 841 971 958 24 901 0 728 595 1000 915 745 995 301 0 983 261 227 307 172 960 899 326 439 526 158 15 958 384 571 979 241 895 0 149 315 24 482 0 0 0 908 958 475 0 621 13 902 395 438 0 377 423 52 65 289 969 0 118 931 878 0 365 907 924 214 909 0 105 165 940 972 821 996 616 874 936 687 0 993 1000
884 892 604 635 943 111 224 898 976 617 399 53 118 957 331 230 1000 444 193 408 645 0 5 345 761 993 0 0 4 412 178 982 12 0 0 0 915 0 493 729 377 950 0 536 196 683 281 890 0 557 621 344 0 990 573 878 982 166 301 227 816 654 114 994 957 936 589 835 0 784 850 260 916 882 410 828 630 332 931 1000 225 0 100 266 382 531 296 997 0 802 0 694
676 208 45 482 219 937 416 961 515 296 953 871 110 345 0 0 970 294 739 997 685 0 979 570 440 0 870 0 647 141 531 996 983 710 871 492 625 490 1000 299 226 0 142 937 660 51 344 1000 275 3 790 969 332 321 802 41 0 682 707 0 904 684 0 463 170 856 0 999 293 502 1 0 0 415 997 0 0 830 840 984 0 978 80 287 711 100 355 745 858 344 403 455
999 169 896 0 607 853 978 912 463 56 836 216 747 849 793 710 0 254 947 299 125 285 187 253 443 916 54 252 0 924 57 406 505 95 666 999 0 1000 548 864 666 1000 706 231 918 862 769 126 328 0 987 916 469 118 58 156 827 350 767 707 466 7 381 994 841 574 454 0 428 0 1 430 876 696 1000 722 999 624 650 812 643 814 532 881 937 792 452 200 799 910 555 8
61 930 358 590 950 952 0 485 350 457 695 1000 419 953 888 581 369 20 236 0 432 936 900 0 111 915 385 835 382 973 159 991 878 947 1000 968 245 0 23 39 200 592 760 941 819 8 848 975 875 144 744 695 636 970 407 353 993 354 628 0 81 0 190 358 999 0 0 648 982 5 234 936 989 0 88 930 842 559 987 201 560 935 514 811 400 778 1000 997 910 875 301 389
972 928 0 281 500 946 0 0 622 810 0 985 581 460 793 1000 993 995 528 25 0 0 967 746 966 882 987 436 787 0 593 0 994 655 964 783 362 1000 985 0 13 215 1000 979 904 335 853 982 19 0 531 965 0 969 999 953 112 0 500 402 186 0 0 10 529 363 0 983 0 777 524 903 161 328 605 601 406 777 896 499 710 927 573 0 0 790 587 632 817 421 0 745
421 934 375 0 915 552 770 974 615 954 722 168 16 20 559 945 999 793 815 994 762 25 920 0 0 10 784 628 535 765 995 854 625 91 857 815 716 583 70 220 1000 127 86 399 797 246 0 967 970 831 0 997 241 445 0 470 981 714 833 883 941 742 347 506 657 809 229 987 967 386 947 649 0 982 690 966 1 591 997 1000 628 964 766 862 0 908 0 277 938 273 28 357
188 988 918 0 1 990 989 698 25 546 979 157 0 617 575 991 687 367 145 589 996 0 956 910 975 748 0 222 994 797 0 646 101 995 0 868 987 553 558 959 999 754 720 798 946 292 756 0 467 65 371 273 669 179 975 881 917 985 492 415 319 0 417 871 340 888 686 968 458 998 869 0 995 946 981 977 984 339 968 0 829 960 367 936 574 0 622 0 817 77 773 532
1 150 0 61 489 629 990 0 235 359 885 532 993 739 154 0 982 999 637 386 0 784 364 788 934 322 818 999 990 617 684 991 543 895 901 999 867 136 98 381 1000 651 0 967 967 927 775 1000 884 184 912 0 999 984 828 0 222 625 0 102 283 911 619 840 969 567 984 365 372 0 201 962 42 620 319 759 583 991 802 0 983 999 0 856 956 0 812 958 480 35 1000 0
590 66 797 309 0 83 872 0 0 903 992 994 996 695 766 562 0 12 826 30 23 445 999 656 17 0 914 991 972 982 782 431 2 369 490 342 0 93 729 864 357 398 997 0 928 394 641 122 923 985 987 853 963 817 501 506 907 978 185 2 0 637 288 637 111 635 940 915 962 584 0 119 677 533 988 985 996 378 930 997 0 0 125 998 61 905 694 946 897 509 67 315
0 937 843 0 999 886 415 151 878 640 0 872 314 412 986 0 388 974 969 707 998 460 995 857 828 0 933 946 966 167 997 889 203 805 14 658 540 783 338 252 622 848 0 997 970 585 817 35 691 0 755 907 975 894 0 489 0 710 0 0 249 225 743 834 0 698 663 921 954 383 997 586 0 263 566 949 458 628 986 368 991 786 889 909 716 0 986 390 297 523 998 53
720 937 180 33 77 996 800 805 940 868 852 986 378 998 289 241 128 54 982 346 107 668 990 900 457 187 30 701 996 978 0 21 639 833 942 810 949 683 138 216 860 539 274 0 0 989 628 133 772 985 0 142 766 1000 293 0 0 1000 836 866 1000 827 650 65 293 953 0 862 309 890 460 181 983 846 258 533 279 0 0 375 140 0 160 309 25 780 121 766 0 569 25 704
975 281 946 949 996 0 263 887 615 124 871 964 44 117 841 945 495 999 0 834 19 902 646 642 361 1000 430 419 940 974 20 335 703 831 948 798 105 613 996 582 0 483 227 0 114 931 742 1000 16 86 89 288 261 988 796 911 784 203 893 0 946 0 811 844 217 521 325 0 860 0 0 428 258 69 0 843 274 997 886 128 0 583 735 260 307 392 514 970 745 898 1000 965
290 0 929 0 907 240 953 994 523 0 847 450 783 89 827 884 30 0 0 958 940 992 606 11 998 436 335 816 995 171 360 74 572 8 0 629 953 897 408 448 949 395 1000 807 0 171 0 767 458 961 0 0 0 997 804 876 985 57 196 752 509 73 147 996 1000 548 957 696 409 843 0 681 0 581 991 43 691 265 0 961 135 0 457 995 846 0 959 570 721 403 649 0
104 569 526 963 166 810 941 33 55 946 0 780 18 17 0 270 0 0 28 0 910 999 64 366 0 991 867 38 398 397 706 0 523 0 0 0 946 871 0 350 985 746 836 111 953 960 16 0 471 1 0 982 533 437 751 935 990 180 500 133 771 0 46 973 512 977 621 730 634 0 765 574 852 53 856 48 700 363 647 983 988 994 870 489 987 762 1000 992 304 0 801 316
187 574 184 882 965 315 998 975 762 0 8 798 362 228 283 997 818 847 0 0 643 570 0 527 984 965 961 191 998 0 22 25 506 961 297 999 735 0 863 1 908 882 912 994 113 501 950 31 103 753 645 413 810 899 468 640 0 937 872 964 568 982 221 1000 616 970 838 970 616 271 547 0 0 0 0 29 74 996 839 384 967 802 0 809 10 207 0 297 819 947 0 454
702 0 616 982 623 0 126 172 964 0 642 744 758 932 1000 760 993 965 0 543 994 991 20 12 370 936 70 926 378 817 929 425 167 0 999 828 81 174 988 54 466 0 1000 914 997 76 996 407 852 838 95 885 5 936 715 988 956 634 0 513 909 949 999 835 834 176 967 442 977 0 184 51 965 0 538 735 667 0 108 0 305 727 743 240 927 492 457 970 963 388 376 514
182 644 354 1 454 656 977 959 998 936 998 623 0 984 604 181 609 950 550 668 914 930 1 16 443 656 868 156 119 825 89 877 464 522 444 998 16 7 376 879 484 448 931 996 965 0 235 882 635 859 0 989 44 973 0 820 147 880 989 102 29 882 904 314 858 979 691 987 440 124 829 902 0 982 285 950 349 1000 0 937 0 867 1000 0 0 997 0 1000 788 827 752 30
819 915 0 274 38 998 932 788 154 0 914 777 275 894 912 868 384 980 0 0 0 294 0 988 380 143 475 96 0 200 184 111 248 341 669 974 664 73 766 477 932 60 877 916 915 662 0 771 820 749 506 835 334 84 724 958 43 988 997 37 675 444 999 214 84 972 705 939 986 726 363 223 172 917 921 511 595 0 924 428 210 836 181 0 64 797 959 0 517 937 15 988
989 0 932 982 929 970 291 986 957 374 398 503 0 79 0 992 695 0 273 0 965 617 871 934 982 886 517 820 393 0 108 13 132 439 997 940 832 950 159 774 248 550 538 0 685 690 729 995 622 98 121 3 754 952 348 390 550 426 385 625 0 501 0 537 663 425 859 926 0 839 924 2 986 378 430 0 629 572 921 816 380 0 581 13 1000 0 544 313 870 526 100 740
710 996 820 920 0 769 494 0 789 621 305 736 739 652 858 669 496 981 0 20 55 364 671 995 910 0 562 94 951 584 961 731 973 0 703 318 793 831 0 321 501 1000 610 923 64 132 887 6 1000 48 909 525 285 291 935 0 0 708 226 483 545 356 394 925 902 849 139 802 921 640 999 996 621 563 0 62 364 176 608 528 1000 70 587 0 84 998 993 945 617 449 7 974
282 503 421 980 541 999 38 426 974 905 769 92 989 327 0 96 834 987 538 724 331 751 767 970 477 180 557 993 769 812 840 959 957 0 229 715 43 23 392 161 189 988 906 0 875 1000 788 835 0 0 995 472 0 530 777 0 247 341 620 0 941 642 912 380 970 0 137 559 449 63 655 763 131 982 55 796 829 28 3 880 732 49 391 448 940 775 92 203 669 562 805 964
865 310 1000 938 866 904 654 186 676 295 0 967 779 957 370 0 999 0 936 552 675 159 929 155 1000 0 414 395 112 14 731 765 0 0 530 0 782 801 16 511 933 982 806 997 82 742 593 883 362 1000 296 732 191 64 1000 997 953 1000 980 943 399 0 0 863 85 30 961 974 999 429 876 962 26 0 257 743 293 24 34 825 809 428 0 777 970 978 6 615 476 269 233 179
799 787 984 962 0 818 0 987 132 0 305 335 104 464 303 229 988 962 250 719 169 25 1000 883 82 662 870 872 262 999 869 873 640 983 205 992 984 540 0 930 710 45 889 501 920 963 322 678 0 948 998 984 159 634 469 954 668 614 993 856 28 937 11 641 326 736 27 29 0 948 952 378 456 645 205 806 912 916 783 971 659 968 0 351 85 0 89 312 636 0 957 369
835 171 997 118 27 0 176 398 249 863 632 222 773 0 928 984 625 947 830 1000 956 995 365 76 953 828 0 159 979 0 981 35 0 862 544 198 683 489 983 109 896 934 0 726 146 308 206 999 637 0 996 250 606 0 950 0 0 984 695 897 397 942 869 277 216 53 955 144 653 0 845 245 392 0 18 760 1000 970 612 20 754 34 693 942 178 784 566 172 945 739 330 997
991 976 998 0 979 994 345 681 904 346 972 569 421 728 991 193 440 797 994 941 0 86 127 996 963 912 757 82 833 837 786 35 373 973 178 815 933 319 648 615 0 0 47 971 907 152 835 996 129 925 200 665 0 445 568 835 156 89 768 127 188 967 984 266 987 872 550 261 886 1000 0 994 716 0 1000 0 713 831 1000 569 0 722 0 168 159 220 891 346 377 997 311 1000
129 764 0 35 1000 174 994 591 879 175 909 0 367 809 149 302 927 430 406 294 966 0 70 10 232 942 402 469 0 595 276 10 946 173 991 710 892 770 312 887 873 985 70 7 0 93 986 289 927 848 793 980 95 672 189 0 998 618 92 58 956 589 0 238 658 368 239 655 0 111 0 778 601 13 132 262 525 0 678 0 950 56 639 465 238 753 278 0 0 411 618 0
875 969 0 953 420 884 922 995 813 825 597 984 865 993 476 988 437 951 552 894 500 451 691 911 0 705 930 841 0 180 875 994 0 772 941 442 942 985 0 965 0 445 599 77 0 951 749 407 0 653 985 254 471 311 853 411 65 0 992 0 0 557 353 494 255 541 0 80 976 986 997 939 998 783 366 266 100 929 10 930 819 0 234 795 160 99 960 52 258 665 663 276
366 994 604 450 225 896 997 889 213 460 348 1000 646 185 466 0 312 989 895 976 82 877 450 826 752 0 943 221 243 902 840 801 676 982 990 384 955 876 731 391 652 490 635 973 820 657 0 1000 413 993 364 969 162 916 0 937 59 90 0 1000 0 388 764 319 603 0 619 994 233 821 167 966 972 1000 991 977 252 758 966 944 838 853 812 954 473 896 130 938 7 343 310 997
715 985 993 305 986 0 641 992 458 172 0 1 991 0 362 20 0 346 0 573 438 774 0 11 0 642 46 991 809 839 454 315 35 983 965 0 806 511 840 930 13 937 469 825 10 864 916 0 924 864 960 1 0 280 930 823 154 894 737 0 986 990 76 0 137 155 213 439 591 988 76 0 767 249 481 473 310 950 994 891 307 0 951 0 0 741 999 935 223 627 442 90
0 13 231 13 863 638 29 716 310 567 947 191 960 858 872 601 817 711 615 998 0 0 982 2 70 230 559 501 564 989 807 988 994 375 877 291 869 0 995 969 608 660 517 18 771 732 664 941 0 996 954 0 393 70 305 0 994 119 904 483 988 604 824 760 860 602 774 36 207 754 193 994 722 5 135 127 27 560 944 657 391 134 749 984 999 301 598 0 0 1000 805 815
897 786 834 991 10 700 738 627 967 625 699 420 0 349 619 569 906 767 855 40 0 67 896 988 753 770 331 298 0 553 984 725 0 462 265 969 14 914 831 790 16 839 946 967 941 933 307 499 0 322 554 547 81 418 766 252 876 29 776 624 149 995 230 352 988 817 748 619 613 0 998 997 971 941 842 983 436 991 530 529 296 571 940 387 0 508 990 327 293 949 606 295
2 490 0 478 811 485 963 966 73 786 971 723 28 939 821 219 96 959 277 0 890 602 447 247 678 597 760 169 592 715 496 585 336 523 445 794 1000 800 445 956 887 1000 842 0 0 85 929 896 772 909 985 915 934 986 0 76 87 869 0 751 63 531 486 998 735 91 0 0 935 429 508 495 939 364 229 855 375 619 325 98 611 947 384 997 673 147 997 143 592 52 100 0
773 0 665 0 0 372 122 958 890 852 0 309 0 980 432 11 623 556 898 0 812 149 309 255 0 567 844 529 441 816 294 0 903 907 412 991 922 1000 939 681 794 171 0 77 867 972 993 203 67 766 765 959 618 1000 0 110 0 988 987 613 146 848 112 837 996 570 525 1000 822 0 537 924 994 722 706 745 0 268 457 605 987 793 735 0 449 934 971 958 0 834 780 949
517 382 0 490 1 848 377 840 950 169 955 27 933 738 425 345 842 498 556 892 956 836 970 177 773 741 862 898 185 365 0 980 984 0 161 866 442 362 934 305 391 978 257 962 934 812 563 995 36 774 600 0 857 875 934 728 0 301 996 944 192 960 536 361 981 981 906 747 973 941 600 0 842 978 999 821 406 369 352 993 704 0 970 0 547 820 795 896 423 0 0 970
412 899 415 977 0 0 851 209 213 401 903 0 448 0 121 957 136 31 958 0 224 845 873 0 546 565 932 574 561 967 71 253 968 430 492 20 781 21 698 1000 298 969 215 493 916 950 850 42 949 868 276 179 998 851 771 599 989 243 456 533 0 83 880 491 490 518 423 760 894 876 0 0 493 192 657 942 0 998 0 107 870 837 654 373 196 80 0 959 392 219 649 644
936 781 11 413 785 2 587 743 450 371 940 0 999 0 929 0 624 886 1000 677 183 46 829 438 986 468 527 266 0 953 868 169 0 769 343 899 168 852 362 884 715 754 432 0 921 571 129 1000 214 221 387 628 375 938 858 670 11 388 14 942 844 794 41 689 0 861 0 286 32 597 278 0 726 943 877 525 203 105 340 0 18 999 872 81 0 0 0 0 0 780 265 0
47 324 108 0 21 369 967 77 843 1000 963 782 420 841 561 159 937 0 447 27 0 60 170 110 46 684 147 983 944 985 930 995 534 836 0 903 207 7 815 0 625 287 388 0 982 18 524 757 0 311 57 5 274 994 0 677 932 711 540 495 0 959 836 541 27 597 342 643 916 587 85 814 680 77 354 168 837 997 989 63 0 343 981 362 985 887 0 42 453 969 0 0
0 974 10 357 180 0 993 952 992 336 623 496 557 238 594 749 3 823 892 947 1000 961 397 801 983 0 0 345 759 991 795 650 81 0 703 450 680 653 281 0 430 119 874 898 560 382 0 0 8 489 966 0 0 0 835 65 433 0 0 4 892 0 953 980 528 0 137 0 907 783 0 183 995 730 144 0 0 735 851 0 684 244 776 437 726 291 157 628 856 383 986 892
60 418 0 994 965 656 880 898 947 0 46 789 483 648 311 609 945 410 995 859 0 991 162 0 803 569 983 36 0 999 388 319 626 379 36 237 977 0 152 532 223 220 449 709 992 14 0 956 0 0 0 999 471 1000 96 339 478 993 0 278 985 455 0 826 169 831 999 643 982 957 397 796 0 616 969 959 446 0 0 673 0 1 26 995 881 989 438 842 997 0 623 801
983 739 270 199 983 889 1 997 0 817 992 998 853 143 799 88 644 235 0 374 437 104 970 529 0 591 959 0 179 668 852 282 945 273 833 0 234 1000 778 618 547 739 785 326 710 420 210 618 0 0 155 0 16 588 0 645 137 43 990 989 19 584 988 308 52 945 973 469 983 284 303 0 992 978 496 0 989 971 946 932 99 955 915 826 41 267 977 93 0 0 407 366
0 0 731 869 0 498 0 251 75 338 716 695 682 939 997 774 857 502 964 0 544 996 154 913 374 67 0 451 973 862 252 633 984 748 572 7 0 923 279 991 673 828 0 845 6 371 600 534 388 0 448 412 552 990 1 0 778 952 933 974 993 114 484 211 246 0 794 0 903 993 966 984 622 900 874 965 713 1000 845 0 401 0 527 197 995 580 303 712 959 919 270 478
0 -653 -452 -279 0 -994 -333 -746 -227 -989 -3 -508 -399 -195 -820 -917 0 -243 -995 -619 -848 -731 -461 -985 -831 -645 -820 -987 -103 -116 -833 -727 -962 -766 -678 -632 -868 -998 -78 -974 -346 -535 -18 0 -948 -432 -869 -809 -748 -192 -604 0 -941 -935 0 -890 -966 -66 -928 -773 -634 -72 -59 -42 -30 -969 -759 -1000 -75 -796 -135 -894 -937 -514 -305 0 -555 -881 0 -708 -127 -928 -622 -616 -985 0 -284 -887 -165 -506 -979 -958
-923 -5 -979 0 -671 -629 -957 -6 -474 -91 -763 -199 -507 -953 -999 -998 -969 -977 -844 -973 -349 0 -200 -275 -34 -724 -311 -999 -884 -170 -361 -83 0 -132 -793 -946 0 -999 -821 -715 -529 -968 -969 -449 -8 -655 -683 -909 -975 -194 -674 0 -842 -762 0 -850 -643 -386 -906 -984 0 -120 -308 -999 -972 -695 -772 -1000 -813 -912 0 -691 -997 -999 -912 -111 -100 -72 -466 0 -992 -996 -418 -873 -7 -1000 -84 -380 0 -770 -437 -708
0 -587 -947 -998 -675 -157 -714 0 0 -869 -100 -638 0 -995 -54 -990 -367 -901 -23 -720 -75 -581 0 -467 -352 -320 -175 -2 0 -988 -297 -956 -990 -534 -937 -576 -422 -463 -477 -210 0 -381 -606 -16 -898 -959 -35 0 -573 -992 -528 0 -808 -182 -995 -779 -984 -1000 -986 -47 0 -262 -632 -245 -310 0 -977 -484 0 -203 -981 -969 -424 -703 -64 -208 -949 -999 -221 -712 -495 0 -799 -472 -771 -635 -884 -997 -544 -990 0 -533
-523 -340 0 -534 -970 -55 -222 -978 -354 -194 -202 -535 -777 -902 -620 -323 -83 0 -762 -8 -487 -53 -822 -674 -864 -960 -932 -826 -346 -810 -917 -96 -889 -930 0 -996 -546 -754 -433 -59 -730 -649 -983 -535 0 -459 -383 -983 -921 0 -457 0 -878 -18 -5 -548 -822 -276 -617 -838 0 -176 0 -842 -991 0 -981 -600 0 -969 -139 -815 -952 -254 -16 -459 -838 -995 0 0 0 -637 0 0 -934 0 -999 -730 -469 -991 -704 -511
-897 -615 0 -303 -556 -718 -1000 -768 0 -947 -790 -887 -117 0 -145 0 -89 -16 -978 -83 -57 -854 -153 -985 0 0 -178 -434 0 0 -974 -881 -861 -296 -78 -810 -913 -533 -656 -828 -577 -309 -885 -992 -993 -839 -52 -645 -99 -86 -36 0 -558 -7 -826 -213 -158 -871 -71 -967 -111 0 -588 0 -625 -996 -251 -134 -522 -710 -960 -811 -539 -411 -531 -138 -399 -108 -904 -527 -528 -8 -446 0 -601 -324 -954 -121 -998 0 -4 -999
-880 -995 -341 -673 0 -116 -557 -902 -674 -454 -235 -565 0 -529 -865 -921 -667 -360 0 -980 -878 -544 -996 -906 -1000 -935 -899 -999 -1000 -603 -594 -783 -977 -314 -523 -871 -625 0 -977 -754 -13 0 -921 -460 -121 -955 -864 -313 0 -996 -677 0 -788 -989 0 -501 -519 -42 -921 -823 -987 0 -897 -768 0 -998 -900 -209 -189 -948 -408 -491 -533 -985 -610 -803 -625 0 -830 -677 -529 -376 -977 -997 -921 -355 -995 -305 0 0 -859 -280
0 -1 -16 -223 -344 0 -705 -825 -1000 -937 -793 -998 -803 -690 0 -376 0 -291 -904 -721 -63 -964 -543 -849 -986 0 -397 -970 -945 0 -172 -247 -627 -381 -166 -996 -422 -973 -989 -27 -1000 -172 -973 -371 -32 -900 -895 -930 -995 0 -28 -944 -144 -768 -210 -452 -309 -167 0 -225 0 -363 -998 -874 -760 -1000 -92 -223 -649 -425 -928 0 -752 0 0 -612 -653 -908 -960 -870 -622 -521 -798 -985 0 -792 0 0 0 -187 -1000 -23
-827 -427 -429 -825 -137 -693 -389 -999 -697 -657 -663 -488 -570 -569 -830 -668 -1000 -311 -595 -1000 0 -996 -538 -81 -645 -590 -587 -948 -23 -819 -443 0 -357 -989 -574 0 0 -841 -95 -791 -629 0 -974 -998 -349 -594 -623 -550 -354 -784 -985 -139 -111 -304 0 -263 -698 -981 -720 -956 -459 -293 -327 -485 -723 -572 -987 -996 -64 -628 -989 -498 -952 -517 -555 -989 -437 -309 -835 -807 -544 0 -987 -978 -649 -1 -640 -3 -863 -482 -992 0
0 -465 -993 -723 -624 -433 -335 -131 -468 -970 -155 -364 -705 -2 -983 -63 0 -78 -1000 -994 0 -612 -998 -363 -595 -995 -996 -860 -968 0 -966 -345 -805 -761 -1000 0 -800 -998 -794 -998 0 -460 -167 0 -922 -956 -217 -460 -848 -28 -432 0 0 0 -614 -962 -927 -733 -257 -131 0 -418 -896 0 -486 -832 -82 -721 0 -294 -989 -180 -77 -225 -111 -995 -983 -310 -627 0 -975 0 -539 0 -854 -438 -276 -4 -825 -40 -208 -392
-698 -984 -692 -1000 -339 -343 -775 -919 0 -944 -631 -148 -679 -954 0 -274 -434 0 -996 -292 -230 -883 -856 -543 -995 -770 -814 -760 -997 -955 -530 -998 -740 -962 -817 -999 -958 -184 -747 -878 -759 -995 -850 -482 -40 0 -115 -937 -709 -70 -976 -999 -962 -696 -826 -548 -37 -975 -973 -129 -938 -672 -473 -926 -739 -999 -997 -580 -755 -319 -878 -656 -863 -96 -411 -510 -739 -759 -59 -46 -771 -606 -968 -707 0 -438 0 -91 -1000 -238 -518 -807
-814 -546 -24 -803 0 -32 -938 0 -490 -853 -391 0 -355 -985 -120 0 -513 -13 -16 -996 -598 -888 -637 -361 -700 -986 -878 -74 -937 -998 -912 0 -225 -45 -790 0 -849 -1000 0 -20 -904 -51 -994 -579 -651 -949 -102 -565 -696 -922 -896 0 -321 -992 -576 -962 -196 -802 -944 -376 -110 -526 -693 -506 -921 -4 -843 -561 -802 -826 -38 -605 -993 -843 -262 0 -416 -296 -991 0 -197 -479 -996 -36 0 -962 -294 -997 -842 -603 -109 -292
-855 -220 -797 -42 -724 -940 -993 -196 -955 -273 -548 -268 -318 -31 -10 0 -168 0 -550 -104 -984 -988 -375 -346 0 -935 -995 -263 0 -433 -974 -289 -17 -568 -754 -703 -952 0 -883 -995 -397 0 0 -892 -429 -995 -874 0 -589 0 -967 -601 -891 0 -953 -999 -746 -996 -865 -855 -844 -529 -976 -838 -1000 -199 -137 -2 -656 -995 -663 -717 -176 -292 -950 -751 -17 -999 -30 -999 -48 -189 -419 -884 -98 -362 -119 -687 -119 -417 -263 -667
-172 -681 -997 -509 -714 -988 0 -995 0 -876 0 -967 -997 -690 -94 -488 -947 0 -40 -270 -904 -902 -356 -781 -889 -1000 -59 -176 -55 -903 -788 -246 0 -963 -997 -965 0 -753 -330 -992 -335 -75 -95 -903 -1000 -999 -432 -933 -127 -223 -890 -662 -508 -824 0 -185 -973 -191 -683 -743 -533 -424 -898 -684 -349 -809 -836 -517 0 -528 -837 -935 -949 -814 0 -743 -845 -875 -926 0 -37 -570 -265 -637 -900 -798 -557 -1000 -322 0 -568 -454
-361 -851 -763 -866 -783 -870 -279 -268 -848 -354 -991 -622 -77 -174 -431 -556 -830 -751 -949 -537 -819 -464 -864 -74 -986 -80 -665 -916 -164 -124 -606 -967 -996 -78 -664 -184 -991 -910 0 0 -673 -82 -580 -102 -998 -62 -938 -1 -817 -58 -465 -964 -911 -248 -890 -950 0 -184 -923 -396 -887 0 -100 -43 0 -871 -955 -642 -261 -952 -999 -745 -285 -998 -1000 -963 -943 0 -613 0 -566 -833 -75 -420 -246 -430 -22 -875 -875 -211 -377 -965
-688 -328 -476 -277 0 -905 -949 -883 -253 -453 -594 -610 -439 -368 0 -119 -605 -31 -654 -999 -806 -729 0 -27 -249 -303 -456 -560 -725 -176 -149 0 -320 -91 -71 -696 -1000 -736 -44 -780 -855 -979 -990 -852 -28 -540 0 -983 -262 -68 -563 -905 -965 -977 -991 -1000 -581 -824 -79 -72 0 -780 -904 0 -453 -304 -813 -239 -1000 -750 -998 -725 -914 -160 -739 -384 0 -858 -553 -443 -787 -1000 -881 0 0 -379 -840 0 -892 -224 -607 -797
-998 0 -459 -681 0 -256 -352 -578 -291 -545 -468 0 -627 -71 -339 -339 -814 -315 -693 0 -13 -300 -30 -661 -272 -179 -727 -400 0 -427 -997 0 -239 -711 -982 0 -945 -932 -844 -401 -3 0 -948 0 0 -9 -353 -431 -807 0 0 -947 -887 -986 -3 -651 -835 -485 -1000 -742 -982 -993 -995 -441 -800 -469 -985 -298 0 -480 0 0 -923 -985 -973 -679 -15 -316 -720 -882 -663 -350 0 -725 -213 -959 -692 -422 -90 -829 -885 -542
-991 -748 -970 0 -227 -574 -87 -863 -989 -600 -998 -369 -216 -77 -732 -92 -1000 -426 -749 -972 -421 0 0 -133 -962 0 -19 -698 -777 -949 -866 -953 -926 0 -245 0 0 -994 -18 -901 -77 -984 -771 -1000 -639 -836 -585 0 -437 -1000 -631 -331 -991 -973 -219 -36 -933 -29 -374 -258 0 -635 -970 -356 -487 0 -431 -527 -480 0 -239 0 -96 0 -869 -863 -954 0 -526 -917 -71 -490 -644 -366 -393 -93 -176 -965 -164 -995 -982 -293
-973 -776 -79 0 0 -270 -982 -883 -301 -361 0 -612 -809 -705 -329 -642 -319 -724 -140 -652 -989 -1000 -368 -979 -1000 -983 0 0 -598 0 -83 -964 -265 -16 -975 -310 -989 -688 -169 -105 -487 -845 -171 -977 -931 0 -217 -505 -469 0 -266 -535 -16 -385 -656 -339 -1000 0 -969 -879 -400 -406 -309 -104 -539 -922 -991 -485 -313 0 -856 0 -982 -940 -740 -984 -202 -989 -540 -831 -251 -912 -852 -852 -830 -998 0 -700 -738 -37 -556 -966
-759 0 -196 -381 0 -664 -523 -973 -433 -38 -1000 -428 -632 0 -711 -974 -110 0 -274 -895 -27 -916 -960 -983 -764 -161 -454 -314 -830 -699 -223 -865 -928 -712 -995 -64 -135 -351 -326 -917 -370 -551 -814 -855 -83 -423 -928 -289 -960 0 -607 -999 -96 -187 -26 -643 -743 -833 -996 -181 -914 -444 -997 -682 -848 -930 -556 -94 -617 -199 0 -305 -258 -942 -479 -544 -776 -972 -961 -992 0 0 -895 0 -762 -6 -915 -558 -381 -191 -196 -768
-221 -987 -145 0 -579 -958 -978 -978 -977 -604 -715 -61 -952 -578 -999 0 -62 -905 -590 -997 -540 -825 -938 -89 0 -613 -11 -435 -992 -996 -252 -782 -459 -989 -957 -688 -677 -623 -466 0 -712 -83 -943 -533 -285 -953 -61 -187 -335 -243 -815 0 -443 -168 -219 -989 -998 -381 -333 -784 -81 -841 -979 -998 -211 -939 -424 -987 -738 -145 0 0 -681 0 -84 -977 -559 -303 -757 -900 -630 -243 -524 -959 -966 -998 -472 -996 -519 -938 -880 -234
-68 -814 -86 -631 -985 0 -130 -663 -888 -627 0 -680 0 -173 0 -355 -892 -997 -1 -991 -644 -51 -976 -342 -964 -60 -934 0 -997 0 -927 -43 -85 -996 -682 0 -242 -609 -84 -386 -980 -863 -931 -334 -471 -273 -1 -301 -741 -345 -274 -265 -633 0 -844 -998 -866 -985 -761 -44 -789 -987 -998 -138 -260 -257 -996 0 -237 -544 -880 -653 -931 -633 -976 -767 -130 -651 -282 0 -792 -379 0 -9 -668 -65 -995 0 -326 -730 -138 -731
-417 -201 -502 -930 -234 -990 -896 -815 -744 -82 -700 -976 -437 -761 0 -819 -3 -227 0 -120 -969 -367 -910 0 -138 -971 -278 -433 -834 -46 -893 -718 -931 -802 -777 -887 0 -441 -221 -57 -916 -430 -544 -784 -590 -981 -543 -956 -869 0 -966 -949 0 -608 -20 0 -14 -226 -646 -951 -945 -483 0 -619 -981 -44 -374 -213 -133 -970 -400 -613 -679 0 0 -906 -668 -728 -224 -803 -996 -730 -987 -245 -33 -298 -863 -866 -998 0 -566 -854
-248 -1000 -991 -752 -376 -57 -175 -955 -384 -1 0 0 -991 -946 -972 -940 -899 -734 -949 0 -683 -672 -910 -454 -743 -794 -979 -718 -391 0 -126 -575 0 -978 -946 -924 -882 0 -410 -629 -889 -839 -850 -968 -917 -568 0 -526 -869 -949 -906 -219 -855 -994 -900 -714 -365 -698 -888 -941 -78 0 -796 -304 -752 -545 -953 -591 -828 -249 -347 -244 -556 0 -704 -624 -408 -902 -961 0 -166 -777 -950 0 -301 -952 -48 -743 -28 0 -638 -203
-836 0 0 -610 -884 -1000 0 -989 -39 -329 -327 -500 -224 -923 -716 -826 0 -784 -183 -100 -995 -23 -648 -986 -585 -609 -954 -1 -357 -929 -6 0 -582 -836 -152 -135 -19 -10 -641 -519 -282 -717 -121 -581 -668 -986 0 -851 -866 -899 -567 -131 -200 -973 -999 -723 0 -988 -782 -997 -213 -690 -40 -964 -116 0 -378 -93 -16 -254 -641 0 -302 -984 -216 -843 -35 -590 -153 0 0 -885 -724 -919 -10 -885 -488 -4 -776 -952 -861 -760
-994 -830 -181 -400 -449 -693 0 -400 -946 -360 -98 -969 -507 -994 -982 -906 -375 -593 -841 -979 -652 -608 -210 -193 -710 -311 -621 0 -67 -415 -835 -928 -956 -611 -997 -187 -996 -634 -771 -803 0 -403 -183 -49 -1000 -904 -553 -767 -789 0 -1000 -303 -993 -46 -453 -779 -996 -878 -990 -233 -452 -158 -94 0 -71 -877 -805 -513 -179 -974 -957 -731 -420 0 -478 -933 -872 -192 -85 0 -946 -787 0 -915 -831 -590 -667 -390 -176 0 -974 -982
-366 -666 -969 -524 -994 -732 -921 -45 -112 -1000 0 0 -921 -784 -909 -61 -71 -852 -607 0 -751 0 -985 -78 -628 -671 -229 -866 -332 -996 -995 -227 -363 0 0 0 0 -931 -890 -950 -185 -7 -756 -868 -966 -997 -527 0 -994 -830 -615 -995 -5 -743 -587 -870 -779 -990 -935 -233 -579 -738 -443 -997 -649 -103 -295 -992 -919 -232 -298 -943 -522 -423 0 -999 -724 -662 -438 0 -908 -809 -934 0 -85 -24 -592 -448 -246 0 -961 -943
-97 -976 -921 -99 -807 0 -829 -402 -919 0 -943 -979 -988 -982 -973 -855 -821 0 0 -27 0 -774 -997 -844 -612 -990 -386 -947 -550 -605 -165 -827 -977 -461 -447 -766 -30 0 -721 -61 0 -787 -894 -939 -952 -832 -969 -986 -811 -136 -73 0 -651 -71 0 -991 -18 -35 -78 -946 -683 -908 -732 -996 -648 -934 -74 -998 0 -989 -508 -984 -227 -490 -235 -331 -998 -674 -687 0 -404 -998 0 -986 0 -801 -841 -532 -689 0 -1000 -20
-365 -963 -205 -658 -525 -179 -444 -823 -931 -954 -681 -803 -587 -641 0 -378 -1000 -844 -628 -812 -30 -861 -993 -1 0 0 -933 -59 -580 -700 -953 -176 -954 -983 -749 -450 -218 -56 -311 -594 0 -77 -699 0 0 -284 -993 -200 -927 -997 -952 -809 -680 -622 0 -980 -952 -173 -967 -783 0 -608 -305 -826 -445 -222 -760 -279 -318 0 -724 -949 -999 -138 -498 -607 -125 -43 -716 -252 -999 -966 -39 -305 -917 0 -447 -961 -936 -12 -992 -860
0 -63 -11 -994 -866 -865 -85 -964 -945 -741 -953 -683 -126 -945 -566 -995 0 -407 -998 -207 -5 -621 -888 -423 -755 0 -1000 -731 -139 -840 -900 -937 -12 -984 -294 -929 -920 0 -563 -17 -335 -341 -950 -998 -968 -73 -996 -931 -240 0 -782 -236 0 -999 -221 0 -113 -133 -983 0 -1000 -161 0 -860 -61 -727 -524 -139 -1000 -716 -432 -305 -905 0 -476 -258 -997 -996 -551 -993 -358 0 -833 -20 -678 -527 -186 0 0 -721 -11 0
-414 0 -180 -772 -967 -901 -890 -485 -934 -697 0 -587 -518 -937 -364 -1000 -562 -21 -283 -996 -763 -800 -663 -972 -700 -613 -618 -338 -997 -966 -896 -40 -852 -796 -17 -435 -961 -309 -954 -859 0 -377 -559 -445 -980 -684 -156 -59 -63 -641 0 -842 -19 -362 -53 0 -399 -994 -854 0 -318 -733 -951 -658 -861 -1000 0 -108 -690 -57 0 -878 -847 -1000 -729 -797 -735 -33 0 -148 -396 -108 -134 -778 -896 -942 -392 -947 -867 -823 -778 -588
0 -461 -903 0 -927 -979 -5 -408 -700 -281 -279 0 -798 -742 -987 -50 -595 -719 0 -825 -1000 -445 -996 -900 -377 -176 0 -826 -580 -364 -485 -40 -559 -150 -918 -250 -496 -895 -175 0 -39 -421 -540 -1000 -244 -747 -398 -730 0 0 -217 -413 -781 -196 0 0 -228 -823 -866 -204 -998 -819 0 -815 -193 -915 -456 -478 0 -990 -429 -11 -130 -847 -43 -687 -38 -820 -888 0 -968 -833 -135 -120 -431 -576 -655 0 0 -1000 -235 -995
-341 -962 -162 -210 -344 -524 0 -287 -792 -497 -147 -355 -970 -261 -736 0 -752 -927 -998 0 -346 -1000 -535 0 -680 -933 -798 -31 -673 -988 -573 -994 -997 -671 0 -1000 0 -187 -537 -542 -859 -285 -972 -304 -922 -939 -997 0 0 -267 -911 -648 -963 -143 -188 -827 -123 -974 -739 -418 -978 -474 -442 -521 -991 -999 -113 -1000 -259 -421 -667 -562 -741 -17 -8 -642 0 -780 -754 -320 -656 -106 -908 -31 0 0 -998 0 -231 -990 -982 0
0 -902 -727 -960 -37 -79 -996 -961 -125 -46 -828 -483 -267 -919 -802 -814 -40 -886 -415 -312 -26 0 -171 0 -568 -904 -991 -185 -143 -577 -960 -989 -391 0 -597 -950 -486 -6 -991 0 -400 -271 -868 -957 -11 -972 0 -941 -493 0 -897 -88 0 -558 -629 -829 -733 -7 -108 -375 -751 0 -196 -485 -914 -806 0 -596 -919 -980 -841 -150 0 0 -447 -984 -853 -982 -629 -787 -998 0 -850 0 0 -346 0 -906 -167 -677 -181 -774
-825 0 -848 -651 -923 -273 -935 0 -143 -110 -46 -654 -49 -973 -710 0 -213 -38 0 -593 0 -925 -813 -932 -905 0 -615 -325 -994 -706 -583 -966 0 -126 -743 -397 0 -888 -899 -980 -988 -836 -726 -100 -53 0 -837 -494 -509 -878 -997 -335 0 -997 0 0 -134 -172 -795 -527 0 -995 -51 -286 -466 -128 -460 -986 0 -114 -961 0 -864 -575 -444 0 -555 -720 -990 -961 -194 -990 -1000 -550 -112 -501 -604 -581 0 -535 -223 -974
0 0 -604 0 -198 -761 -22 -349 -870 -582 -924 -545 -998 0 0 -801 -994 -465 -720 -618 0 -925 -127 -854 0 -956 0 0 -403 -310 -846 -560 -732 -1000 0 -817 0 -1000 -882 -738 -955 -165 -772 -961 -342 -530 -995 -828 0 -733 0 -853 -640 -881 0 -964 0 -294 0 -449 -324 -744 -807 -715 -806 0 0 -483 -876 -974 -687 -132 -724 -156 -398 -696 -474 0 -236 -994 -912 -733 -858 -843 -130 -588 -290 -525 -986 0 -881 -290
-954 -15 -581 -412 -339 0 -775 -351 -748 -743 -998 -634 -999 -865 -930 -978 0 -484 0 -700 -291 -61 -778 -865 -884 -655 -614 -967 -252 -290 -467 0 -109 -970 -396 -265 -492 -749 -610 -702 -965 -509 -1000 -886 -504 0 0 -629 -194 -992 -876 -114 -216 -371 -890 -992 -867 -783 -1000 -880 -262 -964 -884 0 -67 -923 0 -615 -10 -517 -166 -116 -805 -10 -798 -974 -117 -913 -737 -536 -998 -203 -522 -926 -754 -851 -311 0 -975 -106 -928 -999
-82 -346 -961 -965 -1 -999 -410 -47 -156 -1000 -994 -992 -941 -794 -648 -999 -968 -335 -199 -963 -65 -554 -580 -901 -808 -92 0 -719 -250 -991 -965 -784 -652 -485 -124 -470 -998 -493 -689 -906 -691 -741 -649 -260 -887 -794 -593 -995 -746 0 -355 -6 0 -973 0 -842 -996 -724 0 -994 -618 -230 0 -881 -983 -406 -341 -549 -993 -986 -618 -996 -690 -280 -870 0 -882 -951 -765 -162 -17 -448 0 -519 -416 -784 -788 -503 -1000 -186 -237 -293
-944 -871 -803 -671 -323 -883 -941 0 -449 -196 -968 -994 0 -698 0 -94 -978 -386 -893 -283 0 -945 -22 -651 -997 -543 0 0 -846 -433 -251 -417 0 -449 -388 -410 -784 -796 -9 0 -533 -997 -854 -32 -456 -380 -930 -3 -858 0 -815 -400 -635 -829 -12 -996 -442 -71 -87 -792 -699 -887 -698 0 -811 -52 -285 0 -632 -338 -171 -1000 -311 -729 -791 -35 -870 0 -548 -67 -895 -37 -484 -906 -925 -262 -137 -223 -988 0 -3 -938
-997 -388 -211 -938 -473 -965 -642 -836 0 -763 -316 -135 -117 -889 0 -626 0 0 -984 -470 -482 -19 -582 -322 -977 -561 -689 -912 -183 -918 -956 -985 0 -917 -931 -52 -127 -337 -997 -46 -354 -275 -593 0 -901 -772 -37 -979 -730 -850 -280 -91 0 0 -985 -977 -604 0 -605 -163 -844 -106 -185 -548 0 -587 -308 -932 -953 -70 0 -400 -991 -617 -779 -920 -327 -877 -999 -984 -902 0 -904 -882 -991 -693 -732 -955 -843 -980 -846 -154
-765 0 -343 -510 -796 -917 -519 -580 -983 -67 -989 -956 -717 -4 -410 -607 -864 0 -310 0 -452 0 -915 -458 -199 -362 -280 -864 -696 -815 -894 -987 -1 -11 -910 -129 -417 -951 -991 -819 0 -44 -898 -366 -986 -971 0 0 -941 0 -362 -589 -112 -238 -295 -668 -987 -316 -945 -2 0 -959 -444 -525 -708 -958 -910 -893 -336 -448 -13 -936 -333 -364 -688 -349 -209 -609 -220 0 -372 -1000 -631 -4 -817 0 -828 -506 -585 -559 -376 -311
-315 0 0 -965 -197 -943 -1 0 -37 -239 -578 -656 -982 0 -21 -631 -527 -182 -243 0 -665 -998 -771 -949 -529 -131 0 -230 0 -453 -998 -181 -712 0 -771 0 -807 -108 -128 -996 -769 -861 -815 -987 -173 -931 -36 -929 -730 -607 -288 0 -179 -929 -696 -207 -295 -984 -165 -901 -890 -973 -126 -656 -216 -7 -980 -823 -48 -956 -575 -101 -911 -11 0 -998 0 -500 -990 -141 -920 -723 -222 -682 0 -12 -865 -795 -401 -467 -846 -648
-162 -351 -992 -266 -24 -968 -1000 -257 -415 -456 -984 -2 -358 -404 -652 -737 -560 0 -815 0 -191 0 -338 -642 -811 -837 0 -287 -279 -21 -699 0 -797 -452 -220 -750 -65 -323 0 -913 -342 -287 -508 -293 -924 -924 -646 -601 0 -974 -48 -127 -664 -945 -760 0 -879 0 0 0 -54 -747 -640 0 -909 -973 -932 -574 -739 0 -499 -808 -142 -704 -52 -936 -183 -937 -726 -998 -846 -951 -929 -999 -973 0 -595 -303 -979 -645 -929 -61
-557 -995 -291 -759 -777 -982 -998 -83 -751 -168 0 0 -868 -962 -939 -62 0 -766 -868 -700 -368 0 -799 -822 -981 -490 -975 0 -844 -732 -312 -47 -324 -963 -527 -548 -186 -201 -879 -998 -806 0 -957 -596 -60 -971 0 -2 -455 0 -117 -584 -584 -469 0 -986 -672 -291 -434 0 -934 -666 -827 0 -901 -554 -821 0 -433 -359 -907 -8 0 -137 -992 -67 0 -1000 -993 -584 -956 -998 -882 -84 -114 -707 -866 -931 -211 -381 -994 -1000
-63 -919 0 0 0 -940 -187 -467 -991 -864 -872 -987 -3 -979 -902 -21 -16 -628 -366 -629 -952 -733 -878 -435 -52 -212 -455 -997 -939 -316 -815 0 -990 -877 -914 -952 -127 -1000 -923 -549 -885 -983 -569 -96 -992 -990 -747 -30 -931 -999 0 -538 -722 -29 -36 -60 -725 -705 -714 -319 -16 -376 -900 -9 -86 -1000 -43 -352 0 -980 0 0 -77 0 0 -1000 -936 -909 -941 -743 0 -737 -768 -908 -660 -999 -566 0 -103 -993 -128 -408
-998 -611 -11 0 -1000 -210 -506 -36 -672 -7 0 -732 0 -130 0 -768 -988 -157 -172 -145 -144 -972 -24 -756 -982 -462 -950 -363 -952 -140 -995 -726 -996 -786 -134 -993 -346 -29 -237 -951 -44 -261 -840 -16 0 0 -873 -326 0 -477 -875 -537 -839 -586 -347 -590 -832 -64 -549 0 -222 -465 -555 -661 -139 -330 -798 -632 -4 -987 -991 -505 -625 -229 -46 0 -332 -33 -94 0 -629 -994 -1000 -942 0 -413 -719 -221 0 -932 -866 -287
-988 -1000 -889 -848 0 -928 -5 0 -240 0 -749 -364 -998 -209 -148 0 -587 -322 -994 -74 -999 -982 -632 -269 -307 -702 -503 -120 -384 -970 -608 -944 -827 -344 -933 -950 -204 -15 -400 -914 -398 -5 -188 -668 -973 0 -525 0 -17 -996 -997 -890 -295 0 0 0 0 -610 -854 -862 -647 -308 -246 0 0 -921 -647 -185 -516 -56 -995 -123 -929 -974 -232 -798 -836 -685 -633 -355 -301 -188 -87 -803 0 -692 -174 -551 -542 -953 -545 -838
0 -370 -684 -191 -600 -969 -956 -640 -259 -54 -856 -510 -696 -740 -426 -109 -957 -841 -1 -1000 -625 -342 -838 -478 -715 -2 -924 -998 -980 -770 -126 -992 -902 -12 -816 -985 -969 -843 0 -685 -45 -330 -741 -970 -432 -806 -237 -143 -958 -425 -592 -695 -910 -992 -200 -990 -492 -690 -180 -73 -25 0 -900 -262 -578 -111 -271 -937 -990 -581 -555 0 -141 -660 -988 -843 -999 -597 -457 -977 -21 0 -998 -712 -169 -711 -950 -809 -182 -896 -740 -964
-945 -795 0 -770 -985 -132 -829 -733 -812 -573 -423 -728 -1000 -253 -600 0 -30 -930 -906 -983 0 -601 -979 -785 -671 0 -995 0 -808 -531 -420 -228 0 -995 -991 -463 -406 -216 -599 -596 -324 0 0 0 -993 -1000 -321 0 -851 -207 -971 -569 -973 -917 -970 -956 -760 -910 -1000 -698 -882 0 -947 -814 -1000 -328 0 -865 -934 -5 0 -611 -990 -990 -895 -372 -110 -192 -274 0 -36 -801 -869 -469 -989 0 -932 -432 -136 -980 -659 -646
-808 -404 -845 -983 -466 -813 -121 0 -521 -946 -998 -897 -782 -168 -995 0 -248 -900 -802 -100 -179 -5 -374 -193 -920 0 -681 -687 -238 -829 -968 0 -477 -979 -746 -48 -138 0 -787 -954 -41 -888 -786 -680 0 -985 -754 -946 -747 -899 -9 -960 -444 -720 -345 -631 -803 -797 -421 -338 0 -844 -518 -908 -474 -1000 -918 -540 -486 -216 -414 -789 0 -986 -537 -324 -266 -485 -344 -994 -496 0 -601 -209 -811 -146 0 -285 -765 0 -551 -986
-989 0 -938 -303 -760 -71 -888 -114 -956 -993 -57 -968 -971 -763 -561 0 -2 -954 0 -430 -975 -848 -903 -4 0 -879 -181 -960 -8 0 -508 -909 -781 -18 -650 -930 -552 -920 -750 -301 -918 -344 -13 -157 -794 -691 -834 0 -452 -758 -836 -889 0 -676 -955 -730 -396 -475 -997 -982 -982 -576 0 -721 -975 -253 -957 0 -978 -922 -879 -803 -911 -59 0 -4 -558 -339 -504 -939 0 -528 -401 -423 -319 -747 -104 0 -910 -558 0 0
