20 20
972 579 486 302 0 590 631 20 915 28 0 0 0 990 826 400 992 134 1000 567
192 1000 465 0 755 435 649 771 418 524 999 978 971 376 691 588 482 0 225 503
915 968 617 405 982 946 0 952 856 657 917 921 906 193 118 8 0 67 979 813
917 914 744 223 275 544 816 240 916 975 727 978 230 957 355 7 261 181 981 0
592 706 978 465 738 123 5 494 983 482 774 435 63 996 982 622 218 838 958 506
660 383 383 0 959 75 973 666 366 489 0 771 512 845 785 0 157 24 805 468
378 336 0 0 498 379 711 712 947 172 991 229 294 0 72 966 0 811 77 930
990 63 759 0 80 974 351 997 444 217 874 397 409 520 40 972 168 0 115 1000
400 0 503 744 941 512 998 787 979 0 135 239 0 0 0 970 479 689 989 720
101 500 480 10 758 0 1000 660 382 69 729 981 299 691 0 1 0 78 0 30
-372 -291 -911 -850 -856 -935 -785 -385 -805 -792 -999 -988 -249 0 -1 -326 0 0 -54 -405
-829 -6 -943 -432 -149 -973 -63 -401 -1000 0 -67 -151 -264 -1000 -944 -882 -994 -999 -782 -595
-561 -702 -894 -56 -728 0 -827 0 -884 -11 -997 -614 0 -250 -607 -903 -354 0 -915 -875
-985 -180 -138 -740 -894 -928 -779 -981 -520 -39 -666 -1000 -126 -324 -681 -710 -12 -25 -50 -991
-156 -246 -861 0 -932 -883 0 -272 0 -829 -954 -127 -502 -993 0 -793 -931 -300 -156 -976
-999 -624 0 -771 -976 -631 0 -377 -920 -893 -769 -967 -893 -226 -842 -6 -828 -899 -812 -979
0 -986 -945 0 -973 -958 -486 -794 -543 0 -983 0 -223 -477 -245 0 -90 -996 -816 0
0 -952 -546 -873 -948 -970 -969 0 -7 -187 -281 -157 0 -765 -792 -63 0 -797 -383 0
-192 -742 -28 0 -622 -999 0 -84 -862 -569 -160 0 -774 0 -94 -544 -106 -390 -92 -656
-1000 -29 -836 0 -296 -285 -898 0 -105 -705 -44 0 -997 -6 -705 -906 -943 -821 -470 -8
