75 73
580 457 966 882 158 55 1000 923 934 63 160 0 0 420 217 951 0 209 998 940 437 644 815 993 991 814 995 1000 163 336 911 296 623 0 45 202 0 0 243 892 613 723 740 998 323 674 995 704 854 832 997 944 531 905 154 429 949 0 555 0 997 875 136 0 0 944 984 994 881 806 0 961 562
990 722 0 31 335 349 232 6 539 0 882 338 872 915 0 0 872 892 952 461 846 202 803 1 769 531 718 404 677 31 956 899 243 1000 774 325 247 628 167 501 580 798 832 592 935 10 865 929 798 745 0 214 987 43 32 621 984 815 30 0 0 186 26 678 281 678 997 236 920 997 991 149 945
194 951 63 970 798 843 584 0 178 358 627 0 641 921 997 975 338 820 0 1 0 323 166 997 886 0 245 0 927 563 772 396 984 975 868 126 986 97 958 34 0 98 74 987 180 723 131 804 647 783 496 631 30 229 733 734 529 756 975 348 1000 0 688 838 950 879 527 402 920 0 577 871 455
538 301 0 873 403 189 0 0 762 0 0 912 23 0 884 623 951 1000 1000 98 385 756 942 9 0 639 416 864 801 456 524 883 0 0 860 773 199 983 141 0 475 997 799 26 0 999 461 99 997 857 0 919 727 995 0 734 684 899 865 717 542 933 950 0 824 921 641 700 867 895 751 926 289
565 549 683 999 843 746 992 900 732 622 701 930 38 382 752 567 4 306 170 571 574 507 849 7 0 77 999 0 306 976 277 269 801 566 403 179 810 496 888 313 1000 939 891 0 543 1000 120 431 983 312 86 194 659 563 789 961 182 999 642 0 78 282 12 830 228 136 795 0 281 948 902 963 993
271 961 0 434 742 869 0 408 50 165 0 1000 986 844 148 997 1 0 996 589 727 316 951 577 534 954 0 989 812 994 763 0 354 463 224 838 920 0 991 992 810 13 316 603 34 0 110 446 739 841 438 995 911 477 840 207 998 571 711 0 127 192 1000 509 0 448 0 840 728 495 484 63 203
771 540 175 0 304 959 781 927 858 541 287 593 353 921 443 958 858 995 0 857 0 925 959 721 3 278 607 348 576 915 927 953 997 446 787 659 116 0 301 673 609 818 0 389 131 572 990 961 617 950 158 301 462 0 882 172 987 853 392 382 0 741 0 986 953 795 622 0 990 629 421 998 830
964 662 871 667 0 980 952 187 764 424 525 419 591 240 650 996 804 0 784 1 936 855 310 989 473 848 861 888 929 318 925 446 520 922 989 568 522 246 769 63 0 811 132 665 970 1000 0 475 953 937 983 472 997 954 0 13 478 684 371 832 183 369 829 905 761 905 967 482 554 876 0 0 870
0 75 751 0 0 207 33 213 713 812 915 454 385 622 758 971 732 935 500 988 0 0 0 948 515 613 50 65 170 825 835 980 935 515 919 990 829 484 0 101 987 1000 906 959 203 1000 132 95 289 0 638 198 542 0 876 576 454 0 310 0 511 799 0 57 215 982 972 871 0 0 60 0 969
582 0 2 301 994 937 995 603 600 833 558 218 0 878 0 0 0 206 0 720 346 419 802 484 168 0 884 15 822 474 568 0 102 500 993 0 256 940 826 993 190 379 951 847 842 716 81 0 0 333 764 999 374 105 543 674 653 246 0 367 0 198 0 628 0 953 257 505 852 798 764 0 721
914 998 110 136 276 0 894 750 225 702 751 575 995 804 89 660 456 0 0 0 842 491 312 497 932 999 0 98 603 943 6 0 503 473 405 958 947 957 659 460 0 883 361 416 770 125 808 136 211 765 0 0 583 0 997 266 81 486 251 875 258 980 1 224 805 436 103 275 971 498 999 0 993
0 0 923 0 0 864 993 967 0 980 0 244 927 31 921 996 0 20 503 701 0 463 937 783 786 677 667 190 666 854 999 106 538 525 294 473 49 151 106 892 963 641 627 681 688 923 946 724 14 19 571 967 259 995 853 101 761 643 910 963 652 679 999 397 633 234 73 996 741 866 637 10 195
968 993 970 920 1000 0 504 861 992 61 422 0 500 630 506 778 32 225 504 974 0 824 0 193 656 749 233 0 154 944 556 63 764 498 890 352 935 309 969 76 843 492 272 0 999 994 996 280 726 0 989 925 717 712 0 0 0 931 10 612 0 734 183 543 17 944 281 997 0 938 29 891 969
0 324 762 0 0 739 524 786 903 313 0 336 464 51 908 0 520 966 314 889 412 880 0 921 626 993 0 765 354 835 960 977 965 925 0 845 539 468 979 452 435 888 0 635 745 205 684 148 997 366 583 976 340 201 838 96 474 90 327 950 828 39 315 57 0 823 970 991 987 0 210 846 559
996 396 712 932 231 225 855 998 634 0 0 110 447 897 500 225 839 306 955 730 867 968 29 53 376 621 319 350 156 994 849 930 767 512 331 662 887 173 747 997 0 975 982 570 0 0 828 133 69 1000 0 0 342 887 779 825 416 308 861 766 923 991 913 150 236 536 484 917 546 959 370 657 466
61 983 720 0 381 235 842 912 843 501 146 670 961 311 776 0 905 997 0 404 640 542 322 167 0 169 789 226 46 247 0 0 795 0 0 194 913 966 533 937 981 954 920 0 2 957 828 973 163 309 156 118 372 0 0 184 752 670 925 173 996 914 995 675 864 15 893 125 869 906 534 970 867
1000 935 627 705 940 408 0 735 303 882 470 509 792 69 752 0 760 177 728 551 617 313 0 745 777 856 889 808 365 818 0 354 999 981 312 555 328 929 818 966 1000 758 848 929 3 0 124 4 0 856 329 971 0 510 710 859 541 985 370 251 617 974 0 614 664 0 948 685 0 181 859 249 568
831 523 428 976 16 979 401 133 139 293 583 883 0 290 886 990 432 812 878 0 955 175 0 216 436 540 977 782 991 940 929 190 872 984 895 0 604 0 163 553 947 969 997 981 990 357 508 798 0 32 98 192 0 819 570 13 696 967 920 997 835 0 376 153 0 1 639 942 990 24 514 0 948
943 951 678 782 336 523 0 0 107 0 0 300 772 240 169 147 999 885 0 934 839 948 919 983 983 509 893 70 908 85 807 309 35 77 696 997 0 106 816 698 0 973 158 269 958 1000 548 39 136 57 904 0 142 392 901 511 997 912 85 720 234 972 282 0 573 0 51 982 991 554 636 73 784
798 987 749 221 0 392 752 742 55 0 211 0 931 916 816 0 923 544 539 815 211 933 931 566 242 0 966 988 226 0 924 517 152 26 671 1000 999 343 387 881 451 520 986 0 700 851 846 57 849 4 64 0 3 754 890 109 259 445 213 462 0 792 174 810 990 328 121 0 622 250 851 0 997
774 951 888 103 496 111 789 697 984 997 451 0 364 15 355 412 0 762 806 678 284 31 993 327 388 779 661 909 739 873 446 998 499 986 0 609 880 819 103 1000 873 538 0 950 0 686 0 153 347 948 359 996 897 1000 431 757 434 927 991 687 134 158 285 875 215 429 44 0 503 614 997 235 938
994 0 205 192 80 249 949 796 951 989 892 980 1000 667 136 368 974 28 27 988 234 613 799 12 969 985 75 1000 727 0 265 291 60 0 693 888 658 704 965 68 687 996 791 0 134 870 559 947 852 56 800 553 982 0 437 952 489 740 590 835 14 137 1000 775 302 466 545 20 967 620 172 875 328
946 0 0 0 987 12 0 0 951 487 212 19 652 649 997 0 861 611 568 0 839 62 0 966 632 476 182 321 920 950 449 955 0 980 987 886 1000 0 611 957 0 0 0 21 0 0 919 986 0 523 0 987 509 867 962 486 724 952 905 0 977 72 698 378 429 0 0 616 910 819 77 997 8
231 945 14 814 993 1000 872 910 58 973 0 931 846 999 570 960 36 514 346 962 994 984 23 15 747 651 249 822 628 644 134 303 961 992 0 249 969 0 305 86 838 862 638 171 61 848 643 490 814 979 350 13 753 0 0 698 88 256 94 772 999 0 0 406 1000 603 398 286 82 908 646 985 851
11 268 89 519 322 0 243 943 494 886 652 999 963 168 952 509 124 440 932 712 567 941 0 128 987 359 993 967 86 724 554 946 16 975 493 995 0 986 948 903 578 642 0 0 466 440 1000 0 763 0 26 0 996 570 566 355 724 277 28 0 962 0 354 261 733 948 492 998 997 0 989 787 635
62 41 998 0 600 939 0 21 561 790 949 963 617 0 263 0 0 702 396 0 0 877 913 980 0 606 631 627 53 973 980 289 868 686 970 7 0 965 886 308 756 953 369 924 693 965 0 438 108 578 993 1000 904 829 24 631 552 597 0 916 711 332 669 190 0 760 0 32 0 184 1000 4 696
258 0 772 0 1000 870 282 0 946 528 0 909 74 994 0 871 33 532 244 279 1000 750 0 344 0 727 994 818 175 1000 974 932 0 999 541 944 910 683 190 0 975 997 829 90 0 724 131 543 879 922 752 999 0 126 853 6 342 639 886 935 271 995 924 284 28 0 668 477 11 904 735 593 0
16 625 1 995 276 712 336 933 1000 960 269 0 0 345 982 0 996 25 939 957 16 108 861 0 1 238 210 983 0 941 717 812 873 546 874 991 780 0 158 577 994 0 0 253 52 246 573 8 3 21 992 978 504 46 899 786 992 935 358 367 824 962 0 696 996 395 178 149 858 481 999 997 497
975 884 992 670 888 272 340 172 999 933 991 0 20 0 720 902 477 766 723 685 0 103 0 721 896 994 454 902 840 928 879 24 0 0 765 458 892 587 935 248 914 224 747 0 963 943 190 398 634 426 531 665 499 790 732 19 670 902 3 927 428 29 0 996 566 477 953 0 930 646 723 158 177
44 307 0 267 449 524 541 795 790 780 298 0 96 78 767 152 817 917 397 559 881 960 33 382 797 273 0 421 0 995 976 170 0 0 905 612 713 585 816 801 105 84 873 974 95 835 0 762 0 334 0 720 418 202 881 922 378 79 184 558 761 303 232 661 924 215 486 988 901 939 0 853 0
278 926 954 521 594 903 462 489 949 69 885 959 986 252 274 571 0 859 994 247 541 0 936 0 874 86 978 53 900 243 975 843 895 153 984 856 0 956 175 109 997 971 826 886 953 375 0 404 932 878 850 1000 805 858 920 0 2 421 150 0 891 20 591 725 886 0 645 216 830 926 763 0 940
999 540 124 364 997 981 906 630 263 471 0 66 479 575 295 980 918 991 978 0 312 21 629 632 898 216 904 754 1000 994 0 720 120 965 351 487 151 382 0 0 133 0 935 14 801 941 442 26 634 854 481 996 790 898 701 998 742 723 792 570 1000 0 90 976 956 835 671 840 0 897 279 195 109
999 0 813 882 0 0 999 848 0 506 953 931 90 26 392 704 13 828 296 941 911 947 0 999 539 903 0 741 996 0 447 977 994 0 151 0 952 948 3 124 784 111 0 988 409 726 641 941 898 266 779 740 245 212 961 524 0 986 119 0 994 883 968 202 996 992 952 460 15 14 958 571 767
153 0 20 365 996 152 540 709 376 1000 199 988 1000 1000 0 693 935 816 238 598 160 877 889 750 6 998 963 395 292 444 0 0 890 893 707 847 0 1000 112 958 943 394 880 534 518 0 0 738 982 408 589 512 586 231 983 176 0 0 811 510 808 334 540 272 238 824 324 865 998 985 0 676 806
0 753 921 755 259 117 419 0 551 133 0 664 0 70 978 977 153 561 988 693 798 571 0 0 883 95 995 0 494 439 171 498 689 691 816 0 249 734 962 0 595 517 0 997 0 43 780 582 749 822 0 260 483 56 525 222 180 0 431 360 731 730 988 768 977 504 44 999 280 456 998 0 415
993 784 383 859 0 314 731 0 521 0 415 540 785 865 49 865 0 431 503 417 873 0 965 0 874 372 0 998 238 832 18 123 4 405 0 561 52 927 445 611 961 466 0 312 227 952 807 0 681 966 395 424 9 994 689 211 992 0 715 977 992 0 997 988 459 2 54 0 742 0 708 772 994
0 670 0 498 985 844 995 45 522 956 999 944 999 608 0 942 356 372 664 649 0 768 0 804 731 0 307 882 946 898 473 423 89 995 742 48 5 997 992 490 14 621 71 552 236 295 820 859 0 68 898 999 463 805 162 798 284 0 43 998 480 81 997 964 783 585 338 999 99 680 261 444 0
-967 -757 -512 -4 -777 -41 -504 0 -882 -575 -708 -56 -753 -772 -642 -883 -800 -878 -996 -568 -508 -299 -844 -1000 -243 -276 -334 -776 -977 -332 -948 -901 -838 0 -17 -945 -38 -345 -934 -405 0 -994 -246 0 -767 0 -848 -996 -686 0 -725 -739 -868 -530 -982 -820 -507 0 0 -989 -379 -285 -219 -1000 -831 -891 0 -173 -994 -224 0 -860 0
-877 0 -989 -912 -545 -959 -79 -910 -445 -77 -443 0 -333 -525 -1000 -152 -378 -835 0 -754 -328 0 -36 0 -957 -250 -211 -896 0 0 -994 0 0 -714 -108 0 -383 -464 -98 -957 -723 0 -560 -999 -111 -8 -985 -984 -120 -673 -703 -861 -335 -144 -222 -6 0 -967 -449 0 -963 -960 -901 -332 -987 -443 -988 -948 -181 -202 -434 -64 -990
0 -652 -335 -713 -41 -1000 0 -684 -62 -609 -22 -691 -988 -420 -994 0 -477 -42 0 0 0 -204 -681 -514 -541 -645 0 -420 0 -69 -62 -358 -943 -244 -984 0 -925 -163 -416 -861 -934 -697 -965 -140 -299 -821 -274 -728 -269 -543 0 0 -985 -576 -379 0 -264 -784 -983 -527 -999 -648 0 -685 -948 -141 0 -254 -60 0 -899 -935 -85
-969 -787 -381 0 -851 -390 -842 -849 -639 -1000 -783 -980 -990 -266 -735 -951 -803 -964 -944 -268 -655 -930 -831 -988 -19 -820 -991 -31 -608 -812 -267 -977 -63 -867 -993 -721 -251 -440 -438 0 -302 -8 -784 -634 -993 -961 0 -942 -60 0 -12 0 -999 -947 0 -224 0 -756 -115 -650 -921 -108 -815 -841 -755 -974 -999 -788 -957 -993 -587 -356 0
-225 -124 -31 -799 0 -615 -640 -914 0 -622 -874 -760 -725 -301 -504 -595 -436 0 -622 0 -310 -927 -999 -906 -497 -828 -635 0 -292 -278 -745 -183 -121 -1000 -712 -654 -697 -997 -303 -992 -876 -996 -213 -661 0 0 -889 -997 -381 -201 -289 -906 -438 -455 0 -6 -878 -1000 -892 -964 -994 -992 -969 -498 0 -686 -994 -829 -634 -643 -805 -408 -754
-986 -1 -966 -210 -13 -893 -788 0 -547 -821 -980 -846 -909 0 -849 -985 -894 -396 0 -751 -695 0 -104 -431 -374 -380 -931 -760 -989 -977 -52 -49 -947 -194 -603 0 -943 0 -1000 -816 -17 0 -946 -106 -810 -339 -240 -678 -743 -950 -615 -386 -1 0 -996 -944 -705 -38 -212 -976 -812 -73 0 -698 -755 0 0 -909 0 -472 -982 -245 -946
-721 -762 -963 0 -909 -14 -708 -843 -998 -516 -702 -909 -218 -225 -935 -736 -598 -434 0 -602 0 -766 -988 -943 -286 -760 -647 -381 -538 -179 -619 -131 -418 -760 -13 -234 -958 -970 -396 -979 -723 -134 -534 -854 -196 0 -950 -463 -40 0 -212 -540 -970 -980 0 -1000 -12 0 0 -988 -679 -769 0 -641 -352 -466 -552 -831 -391 -862 -225 -23 -630
0 -124 -840 -260 -434 -975 -666 0 0 0 -232 -24 -842 -607 -540 0 -235 -538 -917 -980 -341 -494 -12 -177 -894 -655 -720 -1000 -209 -832 -151 -297 -851 -910 -987 -57 -351 -683 -162 0 -634 -925 -985 -201 -924 -939 -916 -757 -728 -581 -5 -639 -733 -969 -725 -535 0 -355 0 -790 0 -967 -276 -557 -858 -222 0 -199 -38 -842 -78 -684 -982
0 -812 -375 -334 0 -308 -1000 -597 -947 0 -923 -917 -686 -985 -925 -847 -999 -578 -148 -914 -991 -722 -479 -916 -395 -972 -999 -928 -996 -245 -291 -977 -830 -586 -103 -720 -48 -313 0 -978 -871 -97 -959 -373 -954 -704 -3 -998 -576 -908 -876 -980 -710 -828 -994 -2 -896 -923 -245 -418 -803 -882 -893 0 -561 -795 -947 -337 0 -626 -647 -976 -258
-475 -197 -747 -874 -821 0 -362 -568 -892 -373 -687 -376 -773 -65 -181 -940 -7 -920 -698 0 -89 -950 -16 -84 -426 -367 -203 -581 0 -289 -396 -522 -15 -290 -505 -770 -285 -1000 -973 -731 -294 -991 -98 -26 -248 -336 -887 -932 -959 0 -995 -872 -996 0 -650 -991 -305 -900 -725 -870 -616 -423 -815 0 -972 0 -964 0 0 -681 -655 -930 -627
-670 -924 -4 -859 -996 -829 -10 -468 -196 0 -5 -14 -271 -945 -1000 -889 -292 -913 -945 -324 0 -872 -872 -414 -434 -424 -599 -470 -490 -871 0 -707 -451 -522 -510 -301 -800 -567 -88 -755 -705 -519 -769 -966 -909 -116 -279 -659 -886 -85 -994 -270 -866 -765 -978 -516 -898 -255 -216 -984 -407 -959 -14 -609 -63 -415 -718 -531 -549 -247 -214 -585 -471
-1000 -962 -542 -839 -992 -934 -888 -731 0 -359 0 -999 -993 -962 -906 -935 -815 -987 0 -518 -456 -56 -377 -996 -5 -849 -995 -257 -25 -589 0 -531 -1000 -980 -972 -985 0 -299 -622 0 -998 -884 0 -154 0 -278 -914 -424 -511 -234 -670 -785 -895 -236 -873 -830 -875 0 -546 -628 -678 -186 0 -748 0 0 0 -5 -715 -645 -989 0 -903
-765 -969 -572 -840 -832 -960 -412 -588 -305 0 -342 -765 -761 -949 -195 -1000 -273 -238 -115 -946 0 -216 -655 0 0 -1000 -988 -727 -997 -597 -88 -833 -78 -449 -997 -977 0 -968 -971 -685 -233 -901 -288 -779 -624 -2 -935 -135 -389 -970 -987 -832 -207 -948 -999 -520 -882 -739 -108 -995 -809 -991 -364 -652 -580 -825 -355 0 0 -940 -989 0 -915
-955 0 -915 0 -754 -515 -477 -12 0 -801 -891 -880 -962 -998 0 0 0 0 -412 -669 -391 -871 -116 0 -577 -803 -49 -991 -727 -1000 -854 -422 -986 -993 -565 -381 -500 -589 0 -444 0 -527 -726 -658 -318 -238 -9 -812 -534 -601 -345 -711 -365 -168 -15 -489 -489 -848 -823 -643 -730 -1000 -924 0 -983 -411 -826 0 -54 -826 -496 -244 -240
0 -700 -988 -177 -502 -562 -977 -776 -814 -996 -43 -991 0 -707 0 -839 -480 -846 -819 -717 -683 -288 -838 0 -942 -388 0 -790 -118 -980 -665 -884 -103 -975 -173 -403 -970 -748 -997 0 0 -942 -187 -643 -275 -444 -295 -134 -78 -20 -999 -322 -224 -218 -959 -793 -518 -889 -1000 -966 -977 -84 -843 -13 -70 -173 -649 -858 -999 -440 -955 -323 -395
0 -505 -999 -546 -508 -774 0 -612 -11 -693 -102 -270 0 -22 -943 0 -144 -861 -527 -406 -143 -937 -87 -692 -389 -872 -158 -56 0 -216 0 0 0 -855 -931 -686 -101 -985 -925 -999 -687 -789 -893 -135 -953 -408 -379 -171 -544 -758 0 -804 -932 0 -940 -12 0 -759 -955 0 -247 -200 -820 -569 -765 -947 -986 -35 -684 -884 -224 -629 -46
-909 -978 -717 -935 -723 0 -780 -241 -998 -244 -830 -181 -898 -164 -900 0 0 -75 -450 0 -995 -662 -970 -894 -500 0 -998 -616 -595 0 -827 -678 -703 -221 -374 -887 -367 -983 -950 -63 -136 -175 -924 -982 -695 -594 -626 -431 -58 -981 -995 -845 -902 0 -698 -953 -644 0 -252 -635 -586 -988 -801 0 -305 0 -826 -236 -380 -328 0 -966 -667
-618 -194 -490 -965 -998 0 -390 -686 -830 0 -991 -511 -999 -750 -298 -923 -737 -964 -488 -885 0 -119 -54 -1000 -945 -626 0 -999 0 0 -994 -601 -624 -817 -994 -706 -887 -960 -971 -702 0 -969 -787 -249 -436 0 -223 -698 0 -583 -648 -897 -22 -699 -732 -909 -934 -125 0 0 0 -966 -549 0 0 -991 -431 0 -347 -48 -902 -570 -822
-867 -989 0 -970 -3 0 -955 -4 -820 0 -215 -997 0 -45 -369 -928 -85 -125 -1000 -644 -877 -607 -63 -622 -189 0 0 -8 -171 -692 0 -950 -907 0 -708 -434 -400 -21 0 -488 -385 0 -276 -615 0 -246 -997 -759 0 -49 -198 -403 0 0 -996 -941 -986 -354 -996 -773 -467 -877 -237 0 -897 -416 0 -177 0 -867 -985 -884 -502
-890 0 -998 -936 0 -634 -531 -286 -841 -45 0 -809 -617 0 0 -937 -927 -188 -463 -633 -814 -28 0 -6 -347 0 -997 0 -1000 0 -982 -57 -86 -71 -312 -826 -996 -75 -68 -397 -540 -144 -946 -997 -787 -495 -108 0 -915 0 -994 -158 -908 -986 -698 -604 0 -767 -827 0 0 -980 -661 -963 -468 -714 -744 -216 -73 -53 -231 -895 -238
-999 -903 -830 -1000 -852 0 -229 -877 -810 -792 -992 -938 -1 0 -728 -18 -599 -25 -424 -403 -772 -877 -851 -175 -981 -656 0 -929 -250 -14 -383 0 -946 0 -949 -996 -176 -334 -9 -31 -144 0 -153 -56 0 -710 -637 -954 -320 -982 -576 -333 -283 -950 -542 -911 -466 -451 -825 0 -638 0 -645 -260 -385 0 -886 -429 -721 -231 -991 -77 -131
-399 -705 -72 -808 -966 -216 -215 -659 -999 -321 -5 -976 -992 -356 -964 -304 -870 -237 -996 -353 -361 -232 -116 -640 -674 -465 -295 -55 -690 -508 -983 -956 0 0 -921 -428 -16 -642 -987 -604 -845 -259 -1000 -392 -169 -959 -887 -124 -660 -536 -409 -112 -899 -25 -587 -432 -257 -610 -301 -899 -138 -606 -494 -594 0 0 -976 -703 -975 -999 -360 -795 -879
-963 -181 -545 -890 -717 -683 -51 -882 -769 -1000 -497 0 -987 -645 0 -927 -247 -609 -974 0 -796 -717 -65 -962 -994 -29 -415 -345 0 0 -482 -29 -876 -321 -966 -960 -339 0 -826 -153 -795 -178 -69 -610 -837 0 -794 0 -45 0 -1000 -37 -4 0 -251 -568 -2 -895 -968 -995 -494 0 -426 -105 -784 0 0 -938 -902 -904 -384 -31 -432
-998 -989 -914 -950 -273 -360 -64 -131 -887 -185 -815 -769 0 -690 -860 -431 -219 -483 -73 -188 -999 0 0 -443 -817 -803 -249 -720 -951 0 0 -853 0 -334 -558 -3 -933 -417 -531 -587 -998 -446 -993 0 -773 0 0 -138 -990 -75 -446 -919 -914 -918 -987 -26 -35 -646 -754 -427 -833 -44 -726 -245 -211 -502 -844 -266 -790 0 -65 -274 -755
-721 -997 -820 0 -806 -5 -65 -843 -272 -714 -968 0 -987 -397 -18 0 -894 -861 -542 -362 -891 0 -382 -939 0 -119 -952 0 -201 -277 -113 -976 -216 -989 -347 -982 -618 -964 -743 -968 -151 -998 -737 -178 -689 -72 -467 0 -238 -158 -781 -104 -89 -686 -513 -441 -159 0 -153 -708 -75 -176 -29 -303 -26 -532 -820 -576 -561 0 -923 -975 0
-429 -497 -786 -813 -7 -768 -978 -751 0 0 0 -792 -328 -209 -1000 -949 -44 -6 -491 0 -92 -2 0 -240 -192 -1000 -846 -962 -837 -106 -833 0 -567 -253 0 0 -993 -313 -956 -960 -722 -512 -576 -800 -194 0 -476 -999 -41 -996 -540 -519 -35 -505 -900 -745 -1000 -612 -988 -647 -926 -562 -5 -124 -869 -45 -672 -412 -936 -681 -809 -350 -874
-520 -937 -211 -736 -43 -100 -981 0 -917 -725 -900 -15 -864 0 0 -688 -492 0 -898 -997 -961 -494 -99 -202 -735 -549 0 -816 -193 0 -594 0 -947 -382 -791 -69 -928 -104 -284 -720 -920 -287 -963 0 -840 -694 -410 0 -894 -831 -972 -202 -68 -967 -525 -10 -109 -462 -970 -906 -5 -129 -633 -935 -177 -482 -797 -330 -547 -985 -630 -971 -402
-930 -26 -995 -90 -208 -712 -816 -905 -923 -479 -544 -19 -913 -961 -60 -837 -916 0 0 -521 0 -212 0 -650 -790 -504 -976 -986 -224 0 0 -798 -587 -702 -979 -937 -801 -800 0 -956 -423 -996 -142 0 -421 -512 -286 -991 -675 -523 0 -555 -474 -838 -935 -994 -996 0 -861 -573 -762 -541 -444 0 -838 0 -554 -285 -866 -677 0 -385 0
0 -761 -989 -464 -848 -670 -693 -926 -507 -550 -259 -17 -59 -752 -641 0 -838 -978 0 -928 -473 -684 -905 -86 -954 -255 -297 -969 -774 -620 -1000 -176 -330 -731 0 -731 -215 -932 -970 -291 -121 -246 -448 -949 -872 -969 -424 -705 -933 0 0 0 -106 -990 -806 -515 -732 -301 -194 -773 -850 -999 0 0 -927 -826 0 -213 -57 -965 -866 -843 -995
-160 -946 -993 -626 -492 -162 -796 -816 -189 -367 -148 -709 -908 -893 -20 -982 -331 -667 -981 -761 -106 -990 0 -960 -667 0 -779 -487 -775 -630 -467 -11 0 -724 -989 -971 -597 -629 -868 -999 -114 -906 -30 -923 -48 -667 -999 -995 -475 -410 -497 -872 -882 0 -423 -428 -965 -918 -236 0 -822 -877 -163 -992 -257 -707 0 -829 -115 -169 -784 -354 -846
-126 -853 -503 -333 -23 -93 -394 -875 -857 -978 -904 -906 -57 -559 -489 -420 0 -476 -712 0 -92 -992 -568 -840 -532 -818 -307 -707 0 -999 -837 -797 -554 -917 -999 -510 -532 -635 -206 -993 -779 -830 -295 -985 -955 -4 -6 -998 -800 -305 -275 -558 0 -153 -199 0 0 -544 -504 -840 -999 -327 -496 -17 -984 0 -30 -868 -959 -461 -376 -932 -657
-61 0 -726 0 -984 -435 -981 -163 -992 0 -611 -277 -861 -850 -717 -641 0 -182 -975 -790 -739 -470 -951 -359 -692 -135 -954 -410 0 0 0 -112 -294 -36 -709 0 -990 -104 -251 -339 -974 -432 -771 -7 -466 -517 0 -292 -1000 -367 -122 -305 -86 -732 -952 -356 -782 -110 -1000 -757 -747 -439 0 -151 -999 0 -960 -333 -160 -925 0 -551 -877
-219 -998 -956 -188 -286 -951 0 -205 -999 -218 -724 -2 -174 -36 -142 0 0 0 0 0 -938 -978 -777 0 -428 -1000 0 -866 -811 -31 -667 -510 -80 -880 -890 -116 -231 -124 -867 -861 0 -962 -284 -684 -985 -940 -560 -973 -622 -183 -403 -96 -126 -967 -679 0 -105 -996 -945 -490 0 -606 0 -216 -196 -193 -577 -866 -881 -980 -145 -881 -267
-506 -307 0 -999 -394 -991 -691 -312 -707 -748 0 -758 -532 -516 -291 -251 -962 -327 0 -107 -83 -27 -940 -978 -962 0 -750 -895 0 -951 -196 -944 -483 -857 -899 -210 -10 -952 -656 -478 -991 -361 -357 -826 -971 -678 -956 -477 -474 -155 0 -749 -834 -734 -920 -599 -56 -684 -445 -38 -748 -996 -899 -817 -529 -380 0 0 -910 -870 -211 -328 -969
-940 -503 -1 -863 -16 -986 -64 0 -429 -915 -653 -276 0 -574 0 -719 -947 0 -980 -178 -13 -469 0 -626 0 0 0 0 -979 -916 -297 0 -34 -827 -437 -515 0 -522 -612 -49 -553 -676 0 -526 -926 -375 -596 -203 -10 -35 -250 0 -13 -1000 0 -638 -746 -676 -959 -115 -416 -833 -999 0 -339 -764 -6 -491 -514 -286 -604 -930 -620
-35 0 -46 -629 -26 -720 -995 -908 -388 -649 0 -903 -836 -845 -312 -585 -912 -944 -956 -421 0 -178 -26 -42 -78 -282 -134 -733 -459 -901 -360 -989 -741 -558 -66 -499 0 0 -806 -733 -322 -268 -2 -878 -371 -389 -539 -9 0 -2 0 -999 0 -527 -878 -829 -89 -854 -56 -396 -668 -637 -282 -992 -953 -493 0 -435 0 -183 -990 -993 -430
-8 -839 0 -200 -557 -90 -217 -958 -733 -869 -595 -562 -455 -866 -67 -397 -1 -277 -819 -969 0 0 -872 0 -965 0 -1 -250 -365 -266 -985 -70 -740 -529 -993 -364 -50 -666 -740 -717 -683 -442 -59 -413 -995 -406 -550 -922 -930 -1000 -243 -742 -843 -917 -922 0 0 -436 0 -799 -961 -69 -946 -954 -252 -121 -837 -203 -662 -266 -938 0 -720
-765 -371 -171 -246 -968 -66 -995 0 -845 -899 -669 -2 -762 -830 -976 0 -664 -152 0 -929 -766 0 -719 -461 -959 -936 -953 -532 0 -981 -846 -690 -896 0 -681 0 -4 -370 -60 -12 -979 -174 -22 -837 -1000 -852 -911 -11 -982 -775 -984 0 -170 -978 -80 -537 -939 -819 -1 -227 -998 -597 0 -512 -561 -289 -41 0 -591 -757 -762 -1000 0
