50 48
604 994 78 406 681 758 65 380 997 377 539 54 190 231 82 331 3 999 781 765 283 755 922 187 991 859 991 667 1000 987 305 379 0 991 830 672 0 603 322 909 663 150 62 996 673 491 467 0
523 13 0 896 670 833 897 549 689 937 264 0 203 613 920 95 835 919 765 0 807 494 719 854 0 443 354 867 112 968 412 878 934 967 0 457 29 692 831 582 907 1 34 755 32 0 0 714
0 782 201 933 1000 0 0 0 35 935 389 446 538 933 975 953 510 5 754 977 13 0 974 286 615 138 539 900 762 182 308 340 837 986 719 251 928 420 519 802 0 777 271 949 172 657 958 497
23 986 1000 16 317 273 740 998 540 765 896 837 0 988 681 507 985 79 307 482 959 907 986 779 679 464 997 836 990 268 885 999 431 928 822 0 373 790 999 923 723 279 86 1000 639 983 72 617
249 864 848 997 80 278 993 873 959 597 38 818 468 962 787 192 293 693 52 202 3 65 6 17 314 888 0 630 994 89 842 971 105 697 231 887 0 571 0 791 1000 3 191 59 517 0 541 909
996 923 136 84 464 34 820 269 804 944 0 794 326 482 788 998 762 981 449 1000 882 976 926 946 995 624 0 0 834 17 0 489 820 727 454 628 667 930 519 582 3 203 237 572 12 452 0 898
836 33 621 634 813 86 0 999 0 745 16 0 946 799 492 978 1000 0 879 24 323 471 5 993 200 444 669 333 970 520 779 0 194 811 890 998 998 486 998 656 29 392 715 850 977 193 343 364
840 14 615 416 499 783 0 0 0 952 38 0 275 999 999 977 301 0 809 491 0 242 538 0 726 303 728 399 218 727 42 961 837 44 334 39 660 873 444 390 640 0 233 953 128 106 937 865
8 942 973 22 136 382 609 967 946 1000 158 0 334 921 399 0 225 452 8 45 0 0 382 0 981 907 0 682 243 907 652 558 1000 564 761 218 252 131 75 954 604 218 912 234 846 984 22 899
856 666 945 497 907 776 502 867 996 812 0 0 765 989 93 215 0 731 907 793 471 537 618 727 328 588 939 171 584 608 76 857 0 643 449 152 0 0 0 0 950 893 0 913 760 984 327 809
198 420 624 862 751 71 698 897 219 948 980 376 947 783 370 125 946 0 793 386 902 0 354 1000 938 298 0 760 79 925 976 387 999 741 174 930 712 894 0 133 470 998 962 831 399 993 0 969
728 0 0 528 774 733 969 0 413 957 378 927 808 894 763 843 676 0 904 0 0 103 738 880 1000 972 622 0 521 4 318 976 580 759 862 0 768 996 987 112 249 103 367 240 522 989 261 375
0 995 129 202 447 941 925 255 698 76 32 937 0 974 975 0 182 0 993 993 928 0 893 427 171 416 725 0 227 652 64 497 999 593 277 972 736 746 714 857 0 361 347 0 541 783 27 890
927 267 422 68 842 922 444 29 0 857 864 820 908 553 850 995 606 663 0 995 350 0 988 426 861 729 983 946 346 955 618 988 950 804 981 985 996 642 357 918 196 979 0 241 232 961 293 752
809 869 407 941 946 772 661 0 0 433 999 88 0 266 4 0 891 241 38 936 979 25 0 651 0 374 0 940 107 408 0 972 999 210 393 919 0 149 852 0 995 598 961 432 490 924 977 240
572 114 628 610 775 975 446 471 997 540 0 971 940 936 481 959 0 840 0 836 11 1000 376 962 879 951 86 501 848 388 43 916 0 969 775 6 665 0 0 424 0 983 0 25 170 971 0 0
772 857 22 911 899 649 23 0 39 131 969 648 488 0 154 990 0 1000 35 979 947 739 680 461 913 922 919 39 785 165 982 998 839 241 998 218 12 19 883 458 992 293 357 975 395 828 727 868
860 6 883 316 85 142 333 0 759 997 333 665 850 0 741 130 661 446 947 952 533 338 980 708 294 746 327 0 0 30 248 925 0 981 991 0 638 842 203 0 769 0 576 0 0 0 0 11
806 0 726 869 994 79 267 0 84 808 298 313 906 337 889 642 30 983 726 925 814 200 900 953 857 590 648 658 960 987 272 874 263 430 0 124 334 972 600 372 544 0 433 996 0 995 656 542
381 553 5 26 639 945 141 378 993 974 999 129 655 0 896 0 47 884 829 980 383 130 447 793 169 754 217 108 557 768 587 817 0 0 94 994 946 76 0 1000 927 24 812 672 968 682 978 980
738 733 0 997 256 651 862 407 685 584 128 994 1 982 443 973 931 115 998 811 919 877 1000 434 165 0 652 991 0 613 240 977 350 354 523 44 941 978 862 154 193 985 1000 327 0 0 184 581
795 821 0 647 389 0 66 446 0 322 563 977 0 75 0 45 0 504 238 782 906 585 0 351 140 291 961 0 671 981 6 831 53 821 911 978 0 99 701 61 130 843 809 635 809 931 904 120
0 799 865 979 993 324 921 845 238 218 768 787 16 977 166 700 264 827 809 738 999 717 984 119 333 56 717 604 881 647 0 558 156 12 850 0 916 992 633 839 690 737 686 295 534 979 735 992
198 661 412 985 35 453 773 943 949 557 1000 636 0 993 122 0 685 997 333 971 716 833 4 503 64 23 554 847 947 715 977 303 601 124 205 996 939 754 0 364 0 937 206 979 338 794 751 153
696 241 36 238 878 0 0 312 0 169 0 684 896 986 982 0 0 0 995 910 0 968 287 985 750 0 941 158 466 227 964 724 144 890 527 1 164 0 206 726 895 204 883 218 582 662 999 221
0 -426 -98 -858 0 -30 -608 -988 -640 -19 0 -616 -701 -128 -171 -430 -812 -507 -652 -1000 -878 -793 0 -24 -930 -297 -997 0 -183 0 -999 -614 -726 -270 -956 -551 -862 -817 -427 -287 -827 -487 0 -968 -848 -925 -340 -664
-454 -559 -963 -221 -596 0 -919 -959 -954 -381 -133 -717 -966 -625 0 -682 -988 -981 -993 -687 -883 -29 -150 -464 -627 -994 -990 -44 -997 -449 -781 -438 -407 -349 0 -510 -35 -64 -662 -299 -186 -825 -142 -920 -905 -403 0 0
-868 -483 -896 -182 -443 -326 -665 -805 -503 -900 -500 -172 0 0 -166 -875 -977 -7 -78 -430 -61 -658 -986 -699 -48 -456 -794 -373 -808 -354 -995 -22 -918 -755 -357 -728 -979 -53 -989 -965 -975 -999 -7 -48 -764 -84 -353 -287
-791 -199 -237 -738 -510 -252 -25 0 -315 -470 -970 -927 -26 -154 -8 0 -101 -957 0 -58 -903 -263 -192 -624 0 0 0 -869 -965 -426 -51 0 0 -530 -905 -639 -796 -871 -141 -953 -70 -961 -953 -675 0 -408 -814 -632
0 -790 -949 -733 -548 -952 -440 -943 -818 -86 -883 -997 -772 -963 -530 0 -685 -964 -172 -774 -988 -1000 -680 -251 -243 -82 -317 0 -986 -662 0 -1000 -992 -781 -563 -998 -979 0 -922 -995 -949 -169 -820 -644 -134 -951 0 -817
-16 -872 -15 -2 -970 -1000 -868 -988 -135 -384 -668 -529 -655 -690 -393 -989 -326 -942 -987 -449 0 -572 -366 -924 -372 -251 -945 0 -287 0 0 -582 -335 -734 -997 -938 -677 -978 -91 0 -21 0 -392 -895 -12 -585 -419 -744
-837 0 -949 0 -13 -984 -740 0 -62 -372 -684 -998 -162 -964 -965 -980 -784 -987 -950 -682 -200 0 -758 -942 -927 -904 -832 -126 -902 -962 -831 -30 -648 -499 0 -698 -6 0 -274 -336 0 -978 -871 -941 -713 -175 -994 -938
-503 -855 -277 -72 -82 -25 -18 -901 -235 -524 -46 -135 -180 -994 -943 -688 -962 -593 -689 -239 -997 -765 -248 -474 -369 -8 -898 -260 -964 -720 -754 -426 -675 -969 -990 -304 0 -12 0 -197 -100 0 -594 -296 -137 -168 -755 0
-994 -946 0 -50 -276 -515 -107 -784 -906 -244 -970 0 -772 0 -986 -783 -826 0 -44 -765 -993 -569 -789 0 -311 -899 -939 -1000 0 0 -978 -807 0 -131 0 -213 -117 0 -67 -999 -527 -987 -7 -74 -492 -654 -770 -854
0 -143 -121 -8 0 -7 -953 0 0 -931 -988 0 -438 -601 -7 -977 0 0 -332 -192 0 -936 -412 0 -962 -903 -991 -663 -243 -161 -975 -29 -131 -990 -564 -54 -388 -249 -352 -342 0 -540 -205 -642 -278 -278 -487 -818
-214 -377 0 -387 -4 -224 -954 -894 -750 -530 -672 -191 -431 -371 -235 0 -840 -821 0 -2 -848 -151 -998 -750 0 -288 -572 -997 -942 -400 -609 -643 -322 -908 -918 -907 -874 -20 -50 0 0 -941 0 -320 -69 0 -449 -949
0 0 -371 -520 -635 -89 -253 0 -964 -35 -30 -252 -641 -991 -958 -409 -897 -579 -809 -901 -263 -960 -996 -994 -749 -502 0 0 0 -822 0 -102 -17 -281 -726 -622 -954 -993 -990 -916 -61 -1000 -887 -946 0 -355 -1000 -897
-349 -481 -860 -187 -634 -603 -718 -43 -403 -64 -342 0 -370 -158 -227 0 -182 -88 -251 -846 -1000 0 -998 -821 -222 -926 -963 0 -918 -18 -954 0 -205 -929 -970 -950 -830 -958 -735 0 -880 -754 -961 0 0 -1000 -39 -944
-438 -649 -968 -448 -8 -569 -620 -196 -1000 -442 -1000 -158 0 0 -160 -936 -574 -489 -903 0 -992 -124 -124 -998 0 -151 -354 -894 0 -352 -1000 -647 0 -866 -979 -499 -987 -853 -244 0 -898 -955 -485 -294 -25 -688 -388 -19
-286 -998 -136 -969 -959 -965 -168 -676 -112 -446 -757 -608 -602 -405 -973 -1000 -90 -156 -392 -939 -512 -711 -463 -992 0 -684 -985 -902 0 -345 -776 -878 -29 -860 0 -925 -103 -864 -878 -953 -893 -788 -674 -926 -155 -259 0 -78
-69 -633 -925 -655 0 -412 -854 -764 -741 -471 -884 0 -806 -960 -901 -450 -999 0 -602 -910 -64 -758 -351 -428 -423 -356 -306 -734 -803 -861 0 -782 -133 -994 -494 -995 -796 -948 -683 -30 -986 -934 0 -789 -108 -447 -460 -989
-302 -502 -929 -234 -991 0 -142 -853 -386 -1000 -986 -433 -946 -836 -58 0 -786 -532 -963 0 -87 -981 -719 -977 0 -658 -969 -1000 -954 -989 0 -444 -573 -439 0 -702 -884 -663 -864 -846 -925 -691 -331 -991 0 -747 -838 -403
-993 -960 0 -934 -725 -818 -355 -865 -531 -41 0 -608 -668 -988 -129 -345 -992 -253 -293 -652 0 -55 -703 -1000 -351 -172 -625 -430 -202 -518 0 0 -797 -978 -900 0 -841 -960 -905 -742 -790 -446 -268 -677 -958 -943 -743 -817
-79 -120 -41 -128 0 -308 0 -279 -498 -363 -955 -986 -65 -937 0 -998 -375 -446 -884 -834 -664 -250 -941 -746 -995 -996 -674 -680 -929 -772 -660 -295 -521 -987 -834 -661 -145 -858 -799 -838 -156 0 -650 -277 -900 -913 -283 -984
-853 0 -207 -763 -1000 0 -1000 -999 0 -707 -978 -794 -743 -973 0 -996 -969 0 0 -683 0 -979 -529 -70 0 -791 -895 -1000 -758 -895 -219 -949 -215 -982 -971 0 0 -999 0 -648 -645 -192 -655 0 -458 -37 -650 -657
-616 -468 -964 -871 -15 -484 -549 -837 -308 -577 -888 -447 -566 -406 -502 -592 -934 0 -896 -770 -666 -887 -998 -607 -496 0 -945 -886 -781 -989 -30 -634 -79 -903 -457 -21 -44 -718 -227 -957 -303 -10 0 0 -907 0 -580 -993
-398 -536 -362 -992 -844 -986 -635 -985 -632 -311 -605 -205 -898 -7 -205 -900 -721 -926 -652 -82 -998 -555 -5 -964 -78 0 -711 0 0 -865 -795 -907 -990 -113 -149 -787 -986 -999 -988 -909 -962 -564 -947 -653 -230 0 -787 -194
-688 -855 -948 -164 -991 -523 -909 -847 -511 -445 0 -967 -290 -554 -670 -969 -366 -625 -896 -903 -959 0 -989 -882 -764 0 -4 -989 -772 -142 -1000 -861 -26 -662 -797 -793 -710 -683 -376 -901 -363 -681 -638 -691 -50 -111 -998 -768
-114 -96 -514 -4 -53 -1000 -163 -892 -806 -926 -927 -915 0 0 -826 0 -599 -998 -740 -691 -192 -163 -953 -677 -829 -464 -953 0 -978 -492 0 0 -455 -997 -353 -274 -845 -676 -50 -950 -917 -551 -968 -991 -168 -22 -80 -273
-990 0 -77 0 -155 -972 -955 -594 -699 -147 0 0 -23 -180 0 -996 -245 -822 -77 -977 -865 -342 -974 0 -314 -203 -861 -268 -354 -378 -12 -934 -991 -652 -682 -786 -851 -811 -817 -232 -979 -329 -723 -621 -970 -117 -955 -965
