35 34
612 857 810 65 0 518 0 918 592 783 376 67 123 404 38 826 847 998 994 942 513 0 713 519 988 975 936 788 1000 971 0 887 711 697
415 69 974 1000 969 513 0 811 956 998 999 228 956 908 644 0 947 818 733 838 65 400 0 595 1 968 590 997 258 110 905 44 870 915
0 0 871 0 905 827 0 696 672 0 341 153 0 305 650 107 0 745 865 529 528 250 515 911 637 407 342 0 896 996 147 274 988 987
0 695 766 99 40 812 962 926 97 0 130 786 65 0 463 951 0 833 571 0 973 863 199 258 999 761 802 993 646 0 807 0 438 762
849 525 865 814 886 0 838 0 929 1000 889 3 797 416 0 455 769 169 806 994 75 126 0 899 189 851 637 82 802 794 785 822 499 0
696 943 858 27 552 0 963 517 774 507 316 314 512 0 0 560 872 849 133 995 819 949 920 914 935 540 931 989 1000 30 660 958 349 969
451 0 38 533 778 866 752 645 938 302 0 0 767 703 833 817 252 988 0 994 410 731 328 15 777 945 993 0 497 527 991 20 202 108
934 794 696 0 211 73 0 541 982 173 954 977 220 905 441 969 843 14 995 1 688 376 50 336 863 28 91 997 726 996 400 338 0 307
797 919 698 447 987 15 850 980 498 957 900 971 688 973 631 0 530 0 222 875 952 622 946 20 977 418 633 946 465 763 555 149 937 989
106 777 891 0 768 0 49 958 939 517 956 908 999 989 627 867 38 514 947 999 590 691 551 127 566 86 4 822 988 998 374 927 986 875
80 847 22 117 463 544 125 69 973 989 0 468 999 169 0 480 8 411 753 971 882 211 962 929 0 195 0 698 459 514 790 994 599 659
960 887 546 735 696 970 234 59 0 346 0 252 704 969 0 565 455 834 392 0 150 66 711 0 366 992 999 186 259 89 416 900 994 975
766 559 256 441 730 746 913 885 0 470 912 938 992 439 137 977 381 473 982 842 757 17 170 996 649 770 458 0 156 453 846 13 547 0
966 981 910 0 979 807 931 326 0 113 986 243 120 0 611 790 957 958 540 637 800 72 88 446 783 840 144 805 652 1000 673 38 975 300
769 420 907 467 381 299 998 786 573 48 0 630 405 661 0 187 110 604 1000 918 97 527 1000 698 37 908 998 438 194 505 0 373 723 766
160 715 855 820 37 954 637 596 369 0 30 639 877 896 962 1 161 0 983 0 968 783 780 152 711 979 997 64 991 328 709 909 824 229
398 16 686 2 961 557 749 937 677 852 20 964 0 973 911 0 852 275 771 908 919 381 885 0 799 944 810 36 899 986 875 37 960 483
-724 -862 -965 -768 -969 0 0 -894 -998 -983 -982 -937 -997 -899 -28 -870 -282 -881 -305 -263 -979 -263 -971 -523 -455 -909 -467 0 -947 -951 -822 -341 -621 -883
-338 -738 0 -515 -307 -218 -530 -123 -920 -551 -783 -289 -221 -43 -543 -91 -799 -957 -999 -879 -641 0 -695 -631 -47 -713 -652 0 -848 -939 0 -55 -998 -847
-760 0 -265 -90 -628 -979 -830 -512 -256 -103 -10 -993 -6 0 -895 -336 -546 -396 -60 -870 0 -81 -900 -559 -600 -362 -593 -867 -301 -514 -244 -416 -479 -157
-986 0 -183 0 -957 -992 0 -539 -400 -874 -36 -840 0 -648 0 0 -945 -771 0 -883 -988 -38 -986 -978 -711 0 0 -115 -954 -920 0 0 -996 -954
-987 -80 -590 0 -479 -208 0 -583 -953 0 0 -405 -603 -865 -709 -807 0 0 -173 -786 -939 0 0 -1000 -832 -34 0 0 -805 -200 -303 -385 -717 -402
-401 0 -952 -512 -310 -619 -152 -391 -421 -934 -669 -998 -529 -947 -334 -450 -565 -1000 -725 -947 -768 -469 -977 -978 -633 -930 -849 -813 -960 -460 0 -599 -1000 -902
-1 -884 -899 -746 -821 -864 -938 -999 -605 -980 0 -111 -701 -283 -801 -21 -958 -523 -826 -363 -48 -982 -250 -112 -59 -927 -553 -110 -537 -848 -769 -938 -169 -872
-981 -172 -842 -956 -231 -830 -782 -751 -1000 -150 -1 -1000 -731 -425 -963 -618 -711 -514 -973 -921 -888 -997 -920 -204 -851 -456 -329 0 -720 -5 -887 -716 0 -1000
-716 -328 -1000 -499 -125 -654 0 -649 -999 0 -915 -861 -968 -538 -506 -998 -669 -832 0 -258 -841 -627 0 -995 0 -731 -299 -781 -471 -77 0 -1000 -143 -162
-99 -733 -668 0 -331 -529 -306 -895 -443 -679 -542 0 -920 -934 -981 0 -367 -913 0 -863 -185 -325 -150 -137 -314 -352 -973 -10 0 0 -526 -305 -4 -94
-782 -766 -35 -912 -712 -890 -817 -230 -947 0 0 -963 -922 -530 -900 0 -326 -352 0 -997 -856 -117 -820 -349 0 -231 -999 -763 0 -460 -604 -727 -990 -675
0 -340 -432 -986 -622 -203 -646 -727 -631 -960 -802 -906 -877 -628 -445 -953 -989 -261 -28 -808 -675 -706 -961 -979 0 -993 -912 0 0 -856 -969 -287 -466 -661
-978 -975 0 0 -455 -293 -999 -1000 0 -334 -568 -583 -5 -562 -999 0 -272 -284 -981 -963 -816 -737 -999 -978 0 0 -50 -767 -916 -945 -1000 0 -786 -421
0 0 -88 -106 -369 -930 0 -156 0 0 -185 -968 -630 -999 -781 -530 -70 -893 0 -996 -5 -786 0 -453 -43 -798 -315 -286 -66 -557 -924 -447 -233 -766
0 -989 -172 -989 -58 0 -219 -421 -994 -948 -803 -996 -867 -550 -620 -979 -996 -996 -770 -499 -894 0 0 0 0 0 -156 -720 -954 -106 -472 -473 0 -941
-82 -801 -998 -986 -206 0 -836 -21 -1000 -692 -778 -12 0 -506 0 -626 -311 -593 -975 -351 -880 0 -137 -102 -226 0 -920 -1000 -189 -576 -625 -520 -825 -779
-262 -994 -536 -3 0 -101 -970 -260 -902 -79 -439 -143 -996 -866 -769 0 -441 -349 -781 -47 -550 -975 -488 -876 0 -988 0 -264 -38 -928 0 -634 -4 0
-504 0 -338 -468 -219 -995 -299 -384 0 -907 -250 -547 -635 -992 -970 -531 -490 -977 -747 -989 -769 -612 -8 -116 -901 -988 0 -763 -922 -446 -973 -983 -140 -937
