15 15
195 862 918 999 923 43 891 245 823 626 990 864 652 812 77
401 820 588 4 0 0 972 958 809 223 528 157 454 672 691
842 880 70 912 851 926 999 779 995 1000 154 664 492 0 629
991 818 48 994 0 0 919 733 614 940 879 0 163 472 892
782 400 1000 91 291 367 0 0 116 837 0 0 147 800 476
0 749 998 154 934 162 88 381 0 974 587 43 964 0 986
968 937 739 0 961 940 771 681 80 0 25 716 833 795 848
-968 -968 0 -868 -224 -404 -206 -4 -234 -533 -674 -985 -877 -32 -72
-994 -963 0 0 -958 0 -913 0 0 -388 -102 -81 -370 -976 -929
-970 -991 -306 0 0 0 0 -597 -40 -999 0 -342 0 -147 -67
-113 -81 -990 -657 -440 -525 -996 -995 0 -72 -942 -202 -36 -550 -8
-979 -367 -559 -696 -424 -911 -998 -854 -445 -912 0 -950 0 -367 -768
0 0 -869 -661 0 -690 0 -887 -763 -1000 0 -858 0 -277 -154
-125 -169 -518 -514 -994 -408 -943 -186 -834 -974 -914 -212 -555 -427 -914
-843 -566 -588 -667 -745 -9 -816 -100 -157 0 -955 -819 -955 -949 -440
