100 91
958 509 759 302 79 139 367 665 842 316 891 943 374 230 950 547 862 955 111 979 650 488 483 662 582 575 403 992 742 915 927 246 368 960 215 553 0 767 8 681 733 299 364 676 0 847 1000 0 998 918 88 670 26 522 895 190 78 0 411 898 0 801 792 73 755 601 947 844 643 908 975 923 0 960 962 0 264 525 1 695 15 10 608 502 787 746 682 675 0 770 504
-661 -946 -946 -987 -1000 -105 0 -279 -619 0 -732 -292 -708 -532 -958 -474 -213 -506 -966 -904 -166 0 0 -469 -891 -348 0 -130 -494 0 0 -756 0 0 -808 -907 -964 -453 -401 -978 0 -1000 0 -815 0 -329 -947 -787 -678 0 0 -982 0 -467 -826 -944 -39 -803 -597 -388 -784 -755 -52 -1000 -795 -646 -996 -620 0 -1 -165 0 -698 0 -961 -366 0 -940 -241 -719 -996 -979 -836 -929 -638 -387 -949 -219 -365 -603 -753
292 573 189 742 685 935 412 841 980 988 980 15 818 1000 0 951 869 149 624 90 990 992 54 371 961 0 827 999 968 300 939 740 420 373 402 694 498 702 0 960 147 903 799 555 463 472 0 568 965 86 0 45 492 1000 905 3 750 523 437 916 15 1000 17 669 466 989 993 424 852 19 992 0 812 560 869 985 990 389 0 649 656 945 271 965 45 448 847 206 256 667 980
-810 -771 -823 -889 -802 -527 -1 -702 -587 -470 -817 -915 -498 -606 -299 -912 0 -950 0 -948 -579 -950 -1 -689 -447 -940 -329 -1000 -770 -72 -840 -150 -9 -493 -864 -185 -857 -325 -713 0 -328 -60 -863 -999 -420 -312 -772 -992 -924 -502 -210 -999 -865 -945 -950 0 -621 -457 -403 0 0 -439 -475 0 -912 -995 -947 -214 0 -438 -23 -737 -972 -963 -5 -59 -995 -538 -206 -592 -473 -358 -209 -980 -983 -241 -904 -983 -202 -646 -949
932 263 0 998 0 761 69 854 336 45 30 0 3 379 21 772 643 990 149 225 775 913 145 106 4 960 944 922 320 757 277 207 789 0 434 40 999 239 0 998 990 646 835 48 63 149 616 0 778 959 10 993 995 212 370 755 0 957 148 522 0 960 380 928 80 78 224 289 0 952 979 965 65 949 279 134 143 839 432 405 912 315 1000 836 267 785 693 1000 25 135 453
-38 -243 -1000 0 -395 -848 -851 -29 -169 0 -74 -357 -922 -962 0 -974 -148 0 -371 0 -8 -150 0 0 -745 -277 -2 -495 -396 0 -974 -567 -879 -234 0 -744 -300 0 -550 -779 -389 -929 -252 -749 -990 -210 -293 -702 -200 -8 -824 -946 -1000 0 0 -239 -100 -992 -557 -685 -69 -316 -920 -351 -964 -771 0 -329 0 -485 -772 -991 -10 -785 -197 -678 -527 -443 -840 -983 -966 -414 -911 -204 -983 -777 -223 -724 0 -821 -992
561 976 995 429 918 543 1000 599 26 0 999 0 869 837 761 539 29 826 0 890 13 935 404 921 548 830 740 973 950 870 967 637 1000 945 414 793 0 803 247 0 426 804 780 925 168 974 688 0 193 875 695 976 937 260 988 825 78 861 995 1000 0 608 97 0 169 0 0 995 104 973 50 11 891 979 937 911 511 161 374 255 758 996 953 891 697 473 80 338 900 0 976
0 -560 -251 0 -192 0 -461 -865 -766 -33 -556 -965 -149 -897 -932 -891 0 -209 -812 0 -937 0 -570 -986 -235 -655 -530 -962 -849 0 -198 -546 -970 -881 -822 -976 -268 0 -926 -859 -550 -192 -246 -723 -481 -981 0 -43 -963 0 -272 0 -820 -969 -553 -154 0 -941 0 -995 -986 -112 -360 -245 -695 -438 -39 -585 0 -132 -642 -455 -974 -71 -295 -981 -997 -242 0 -823 -298 -909 -966 -856 -278 0 -684 -386 -131 -328 -729
655 319 251 926 235 836 752 3 977 980 891 0 909 0 0 0 740 917 561 0 593 942 822 489 417 921 252 139 0 424 371 998 747 626 0 737 843 1000 997 0 383 967 154 553 917 767 314 606 0 766 1000 396 279 994 866 425 537 7 555 0 979 998 142 975 957 994 130 0 998 958 666 359 31 476 211 783 760 85 826 85 625 39 194 0 372 401 197 997 983 990 518
-936 -305 -631 -625 -978 -922 -490 -939 -580 -435 -884 -978 -224 -398 -958 -999 -90 -482 -556 -812 -723 -224 -917 -22 -1000 -103 -555 -9 -496 0 0 -904 -905 0 -565 -415 -1 -116 -901 0 -993 -949 -623 -994 -821 -759 -70 -734 -209 -268 -898 -997 -989 -765 0 -973 -105 0 -924 -1000 -809 -1000 -994 -958 -158 -965 -35 -991 -838 -6 0 -188 -989 -797 0 -864 -844 -996 -141 -974 -373 0 0 -242 -922 -970 -993 -778 -924 -926 -994
848 670 198 997 14 541 0 880 333 108 0 841 19 711 949 810 677 426 281 942 418 225 117 740 614 0 0 0 170 940 774 535 999 937 998 731 401 0 812 992 889 769 968 772 115 26 0 890 158 839 411 343 869 0 36 156 638 0 856 436 927 240 892 484 541 925 257 598 931 763 0 668 410 967 0 397 771 374 0 925 59 15 987 546 991 2 77 368 368 853 755
-885 -290 -154 -383 0 -271 0 -754 -757 -939 0 -742 -897 -242 -295 0 -610 0 -691 0 -295 -973 0 0 -708 -123 -656 0 0 -458 -470 -851 -24 0 -208 -833 -850 -159 0 -996 -533 -409 0 -68 -1 0 -716 0 -975 -398 -966 0 -887 -127 0 -969 0 -152 -389 -592 -219 -334 -255 -329 -999 0 -68 -24 -979 -867 -850 -591 -478 -358 0 -1 -218 -692 -125 -150 -959 -351 -543 -932 0 -221 -968 -693 -758 -956 -11
528 921 208 228 0 0 0 585 0 58 1000 715 635 981 367 0 434 998 531 59 1000 484 527 340 937 777 897 776 688 1 207 164 762 652 988 340 283 989 675 0 940 242 444 81 10 194 27 725 979 0 0 955 931 831 241 384 492 0 589 2 907 400 826 0 0 315 465 67 986 368 33 161 992 996 0 220 716 821 488 989 323 100 0 719 0 812 947 0 125 875 808
-992 -409 -869 -273 -353 -337 -759 0 -886 -333 -444 0 -817 -970 -728 0 -863 -891 -992 -543 -771 -225 -402 -995 -781 -50 -680 -705 0 0 -997 -964 -301 -992 0 -549 -793 -751 -781 -906 -445 -737 -972 -19 -434 0 -339 -745 -1000 -738 -396 -38 -941 -989 -962 -68 -867 -871 -960 -519 -92 -244 0 0 -997 -798 -789 -82 -587 -301 -997 -923 -713 -699 0 0 -810 -653 -563 -311 -971 -895 -259 -864 -779 -980 -969 -306 0 0 -911
908 0 435 193 924 919 0 940 239 976 0 265 934 960 488 956 690 345 944 780 840 983 905 811 635 658 456 956 973 0 1 975 974 0 344 884 566 933 685 37 0 639 724 883 690 57 319 946 708 23 994 983 938 20 0 297 0 846 462 992 714 851 740 496 994 0 316 993 336 52 1000 973 479 0 986 952 867 416 880 663 990 834 0 568 22 828 954 986 723 110 829
-700 -492 -903 -489 -562 -687 -955 -351 0 0 -945 -767 -845 -977 0 -76 -473 -2 -567 -425 -887 -62 -1000 -933 -343 0 0 -955 0 -240 0 -103 -893 -980 -1000 -639 -381 -380 -262 -451 -88 -430 -842 -66 -295 -982 -238 -456 -658 -912 -554 -513 -829 -333 -833 -11 -999 0 0 -924 0 0 -102 0 -684 -935 -562 -1 0 -141 -690 -917 -281 -828 -329 -83 -624 -452 -263 -804 -848 -247 -964 -672 -731 -937 -534 -816 -50 -924 -355
953 421 35 565 922 643 264 254 623 414 0 999 294 83 122 80 889 871 926 962 949 694 1000 625 752 0 1000 74 394 416 713 168 952 924 197 867 238 889 961 995 788 720 89 10 159 985 769 0 1000 998 182 876 957 913 286 898 963 728 1000 323 998 909 279 140 878 93 901 187 547 960 901 521 770 690 571 923 799 945 466 0 999 816 961 0 999 653 947 15 57 930 520
-874 0 0 -960 -522 -866 -12 -193 -988 -928 -378 -679 0 -292 -176 -689 -806 -708 -190 -217 -703 -1000 -102 -262 -761 -862 -865 0 -880 0 -921 -888 -966 -911 -191 -639 -65 -388 -227 -694 0 -987 -668 -308 -112 -106 -931 -619 -911 0 -248 -817 0 -947 -1000 -487 0 -589 -107 0 -903 -542 -32 -461 -426 -282 -971 -999 -170 -929 -898 -734 -489 -996 -435 -120 -68 -669 -758 -898 -292 -249 -988 -704 -985 -784 -918 -985 -798 -99 -491
303 578 546 832 0 506 937 891 127 151 198 400 345 527 332 999 0 695 268 930 0 992 996 0 578 934 1 351 523 445 963 996 994 1000 915 639 0 998 910 378 20 0 394 614 999 437 185 587 729 77 436 888 910 0 426 358 75 914 463 722 352 316 2 18 984 754 714 983 998 291 0 399 764 469 570 643 978 998 0 0 24 277 918 1000 0 323 972 997 11 585 784
0 -996 -911 -372 -337 0 -991 -864 -578 -893 -223 0 0 -45 0 -959 -964 -909 -72 0 -292 -711 -781 -691 -251 -131 0 -976 0 -642 -901 -64 -62 -437 -13 -621 -373 -607 -946 -934 -999 -854 -722 -948 -664 -137 -890 -997 -39 -846 -674 -148 -685 -606 -853 -744 -245 -992 -996 0 -834 -582 -283 -879 0 -822 -296 -997 -877 -760 -842 -992 -907 -344 0 -889 -917 -681 -824 -818 -917 -274 -509 -90 -919 -402 -274 -712 -51 -121 -999
588 430 239 883 4 157 961 133 848 626 0 747 940 907 433 0 395 997 804 942 0 976 945 111 863 0 0 661 0 782 597 374 871 0 547 996 984 666 994 955 0 1000 440 621 365 740 969 709 465 207 0 240 10 763 982 718 709 594 859 947 287 39 0 991 823 56 235 821 125 985 503 0 936 394 999 100 890 927 240 595 0 998 592 0 848 120 777 0 976 182 0
-980 -993 -58 -142 -576 -810 -433 -107 -170 -271 -10 -819 -887 -50 -996 -830 -476 -650 -487 -814 -563 -998 0 -1000 -802 -973 -945 -477 -18 -367 0 -762 -799 0 -225 -249 -848 -995 -573 0 -391 -518 -1000 -358 -166 -51 0 -259 0 -678 0 0 -250 -568 0 -806 -981 -996 -692 -952 -127 -350 -313 -666 -459 0 -299 -809 -169 -916 -955 -709 -661 -503 -277 0 -514 -37 -985 -2 -699 -70 -257 -110 -584 -984 -530 -447 -545 -638 -144
0 323 457 217 704 929 226 627 1 949 490 20 910 908 439 286 847 816 190 848 988 595 1000 0 214 999 977 565 0 579 451 512 932 1000 5 977 999 271 73 375 0 898 985 859 306 956 467 1000 4 858 0 187 61 796 0 948 411 544 974 971 643 1000 173 931 989 0 939 123 576 945 461 761 446 429 0 892 62 925 1000 420 986 434 990 817 0 883 20 997 311 998 952
-721 -236 -418 -655 0 -996 -827 -591 0 -974 0 -598 -849 -645 -494 -808 -228 -929 -985 -65 -208 -933 -35 -190 -644 -993 -668 -358 -850 -984 -872 -547 -70 -591 -426 -662 -843 -883 -953 -116 -312 -825 -960 -992 -786 -911 -874 -285 -430 0 -516 -9 -676 0 -49 -694 -913 -867 0 -685 -800 -995 -994 -1000 -571 -993 -123 -189 -86 -995 -989 0 -996 -993 -990 0 -724 -534 -863 -956 -996 -592 -446 0 -141 0 -161 -816 -16 0 -369
0 561 11 998 570 295 230 969 0 174 0 727 77 467 0 23 968 814 734 0 920 0 992 993 116 877 931 148 0 915 58 30 428 153 0 362 995 952 236 721 993 364 107 0 703 837 565 0 0 978 0 375 859 929 568 845 8 561 509 24 981 57 950 871 23 959 852 655 887 291 97 988 841 0 0 981 929 973 275 833 637 11 900 984 0 194 956 941 301 585 906
-538 -664 0 -815 -1000 -187 -429 -83 -290 -997 -108 -47 -998 -255 -879 -993 -891 -919 -72 -53 -844 -810 -966 -456 -263 -986 -865 -1000 -538 0 0 -942 -962 -56 -837 -903 0 -761 0 -874 -895 -15 -7 -751 -70 -39 -667 0 -960 -475 -714 -212 -484 -329 -95 -258 -426 -1000 -1000 -150 -715 -308 -921 -702 -810 -421 -868 -492 -915 -103 -285 -124 -506 -858 -499 -724 -37 -5 -844 -976 -29 -847 -860 -993 -201 0 -171 -659 0 -751 -712
949 0 0 0 534 807 453 970 854 808 801 782 843 984 788 874 0 949 781 949 359 767 269 147 259 358 0 3 781 851 0 0 541 956 994 945 998 539 0 0 990 811 949 751 410 418 347 842 990 891 973 0 990 899 237 310 364 146 948 992 0 619 620 0 829 169 965 0 449 418 849 880 998 0 61 40 0 946 195 808 487 920 887 998 0 887 174 736 100 484 462
-17 -4 -335 -865 -460 0 -609 0 0 0 -792 -182 -996 -810 -884 -988 -443 -465 -41 -717 0 -936 0 -337 -935 -213 0 -522 -608 -648 -828 -684 -487 -280 0 0 -27 -719 -326 -757 -919 -650 -885 -944 -728 -167 -97 -957 -458 -121 -827 -503 -999 -993 -741 -18 -970 -1000 -944 -747 -749 -139 -976 -841 -283 -741 -1000 -905 -996 0 0 -233 -956 -241 -677 -866 -937 -996 -951 -546 -811 -160 -1000 -567 -166 -838 -617 -274 -415 -849 -551
894 370 63 1000 0 825 992 0 0 748 806 860 0 872 0 962 0 977 998 939 0 339 73 167 62 952 935 461 673 621 703 203 540 0 736 880 839 747 856 628 107 80 1 875 803 0 986 633 120 998 989 977 825 0 999 636 112 223 948 601 210 30 359 0 679 0 433 464 709 905 538 450 988 736 259 127 437 994 780 941 979 992 585 533 163 430 281 72 156 984 462
-1000 -134 -992 -833 -637 -200 -776 -771 -811 -72 -821 -611 -515 -926 0 -940 -958 -707 -1000 -988 -684 0 -436 -517 -235 -774 -730 -819 -690 -761 -985 -136 -998 -181 -682 -564 -843 -993 0 -671 0 -386 -494 -341 -380 -197 -98 0 -105 0 -998 -203 -802 0 -660 -757 -815 -109 -119 0 -672 -911 -1000 -721 -180 0 -15 -97 -1000 -68 -983 -626 0 -318 -442 -69 -917 -893 -279 -699 -645 -601 -513 -215 -937 -101 -702 0 0 0 -774
823 655 461 0 571 0 522 555 980 7 603 605 340 985 295 224 937 982 263 389 321 903 0 315 248 826 515 190 2 0 795 144 645 132 792 0 832 0 426 1000 0 317 904 20 0 851 921 785 92 296 700 723 231 0 218 966 758 269 848 588 569 994 0 1000 0 0 964 755 618 0 0 877 763 301 953 11 15 979 861 224 3 999 123 15 0 968 994 180 494 998 997
-587 -640 -583 0 -117 -348 -651 0 -664 -402 0 -576 -553 0 -964 -995 -12 -992 -628 -171 -590 -62 -493 -857 -224 -968 -950 0 -201 -222 -483 -774 -8 0 -8 -45 -535 -965 -999 -990 -922 -692 -848 0 -9 -979 -752 -546 -18 -999 -320 -59 -966 -138 -600 -563 -993 -570 -994 0 -67 -151 0 -509 -521 -833 -532 0 0 -999 -920 -610 0 -991 -79 0 -893 -995 -902 -918 0 -815 0 -888 -993 -979 -653 -925 -926 -564 -355
2 930 129 959 182 722 896 512 798 546 69 570 0 963 91 329 816 310 327 660 0 382 935 0 332 599 0 985 30 993 71 825 561 103 247 35 28 580 0 27 71 699 0 58 294 663 525 371 983 501 319 869 650 557 187 9 935 719 525 988 877 334 626 993 1000 498 691 0 277 321 511 808 196 963 122 998 996 501 993 0 201 1000 517 487 345 884 514 223 327 241 954
0 0 -167 -908 -722 -438 -623 -777 -864 -670 -299 -809 -11 -720 -778 -454 -762 0 -541 -389 0 -924 -714 -357 -295 -765 -299 0 -575 -464 -479 -987 -447 -755 -336 -354 -280 0 -207 -907 -654 -34 -976 -105 -31 -914 -941 -8 0 -234 -473 -985 -276 -59 -966 -762 0 -15 -514 -614 -528 -823 -283 -495 -8 -582 -854 -288 -355 -739 -961 -891 0 -663 -926 -961 -923 0 -541 -1000 -2 -324 -430 -981 -892 -869 -133 -189 -999 -396 -407
26 871 931 32 78 0 997 0 815 944 649 481 46 766 591 0 659 411 743 50 371 0 0 666 495 979 0 779 344 0 0 993 15 691 0 522 970 658 972 213 0 930 131 316 425 605 963 949 0 699 0 187 0 0 968 927 108 0 966 890 347 34 305 0 828 489 662 949 69 294 180 0 985 391 0 960 991 0 398 832 711 0 226 910 606 437 788 125 0 999 950
-962 -960 -870 0 -22 -442 0 -6 -98 -535 -1 -374 -587 -15 -722 -999 0 -998 -86 -974 -382 -607 -93 -90 -913 -946 0 -649 -971 -522 -851 0 0 -980 -193 -573 -29 0 -40 -857 -331 0 0 -351 0 -852 -907 0 0 -580 -271 -169 -381 0 -3 -957 0 -181 -979 -887 -26 -826 -854 -693 -671 -970 -110 -143 -705 -955 -982 -876 -980 -180 -503 0 -662 0 -853 -17 0 -113 -595 0 -741 -1000 -744 -688 -684 -150 -15
0 993 183 908 0 957 0 675 863 206 752 515 593 224 0 724 381 915 943 96 520 753 0 900 269 134 0 915 218 794 0 855 997 841 946 102 997 783 991 0 853 928 473 699 974 864 358 0 994 995 533 326 975 989 102 0 941 339 922 972 0 819 650 997 551 623 882 718 546 892 492 836 796 591 427 347 4 415 703 617 99 2 234 391 4 920 967 363 1000 0 1000
-20 -13 -358 -939 -987 0 -139 -966 0 -872 -943 -751 0 -988 -256 -914 -990 -704 -992 -793 -971 -24 -909 -1000 -975 -218 0 -174 -325 -774 -90 -962 0 -788 -338 -565 -765 -682 -965 -1000 -743 -591 -473 0 0 -762 -561 -986 0 -53 -25 0 -758 0 -905 -978 -222 -993 -382 -898 -894 -402 -745 -363 -967 0 -613 -40 -198 0 0 -998 -964 -607 -715 -144 -548 -58 -969 -507 -964 -882 -1000 -42 -46 -920 -1000 -905 -866 -266 -237
994 854 951 794 841 51 994 11 121 0 808 982 966 66 271 0 612 567 683 241 983 161 925 973 535 807 768 277 989 815 822 0 2 440 170 0 751 189 96 0 998 987 369 939 176 911 313 839 994 443 993 971 0 761 0 247 235 62 0 576 91 988 979 275 0 997 204 621 959 764 561 843 946 684 84 535 0 250 998 120 471 495 594 458 0 969 504 961 222 987 733
-2 -954 -998 -171 -998 0 -335 -980 -90 -498 0 0 -998 -997 0 -983 -903 -935 -111 0 -750 -994 0 -983 -351 -74 -148 -952 -681 -977 -931 -49 -199 -878 -985 -366 -77 -931 -773 0 -784 -84 -331 -22 -906 -988 -918 -935 -957 -524 -189 -544 -764 -998 -404 -258 -655 -253 -401 0 -998 0 -791 -416 -652 -609 0 -955 -1000 0 -242 -928 -877 -865 -852 -994 0 -965 -673 -238 0 -624 -997 -519 -514 -30 -377 -1000 -119 -625 -800
501 930 76 385 713 0 619 999 0 20 59 0 651 685 0 403 403 805 896 828 975 188 837 850 939 827 638 0 295 450 266 0 159 579 919 812 190 1000 971 118 176 623 774 0 30 694 0 981 916 991 0 824 0 455 862 734 244 0 0 0 0 140 227 954 956 620 449 441 675 668 514 833 13 573 0 0 401 865 996 923 995 968 948 890 223 994 980 0 246 800 490
-764 -764 -979 -947 -572 0 -199 -988 0 -948 -927 -302 -789 -583 -687 -73 -759 0 -940 0 -11 -335 -985 -975 -781 -68 -889 -99 -998 -710 -666 -824 0 -943 -891 -931 -216 -194 -981 -976 -717 0 0 0 -412 -138 -674 0 -59 0 -762 -48 -551 -808 0 -537 -987 -801 -458 -921 0 0 0 -853 -660 -778 -915 -580 -688 -612 -971 -929 -917 -574 -406 0 -547 -477 -554 -465 -765 0 -929 -276 -272 0 -893 -135 -917 -727 -100
950 817 81 25 680 219 51 372 906 1000 721 940 961 714 997 27 839 988 0 538 503 993 213 54 988 988 177 284 943 0 99 257 482 0 434 786 329 744 39 786 881 474 285 0 636 451 54 490 862 0 532 712 593 715 677 991 25 688 10 382 34 610 1000 481 172 0 337 970 207 606 0 12 314 0 868 693 193 886 0 992 760 981 338 570 39 898 453 781 643 622 1000
-694 -250 0 -108 -918 -483 -987 0 -989 0 0 -981 -708 -929 -838 -999 -756 -377 0 -20 -897 -466 -983 -872 -393 -1000 -193 -918 -1 -1000 -403 -992 -242 -342 -203 -347 -923 0 -174 -343 -173 -767 0 -155 -995 0 -759 0 -56 -802 0 0 0 -791 0 -999 -45 -792 -994 -527 -210 -561 0 -970 -251 -1000 -999 -690 -970 -472 -652 -194 -999 -759 -555 -797 -224 0 -946 -1000 -564 -998 0 -887 -377 -509 -986 -922 0 -566 -925
503 809 0 190 167 44 993 723 305 808 721 916 456 884 72 1000 812 312 444 997 668 755 715 851 197 668 19 926 0 1000 908 527 0 872 278 786 988 594 985 0 0 0 11 430 413 60 490 0 821 547 849 836 662 259 771 123 853 111 992 613 797 55 659 520 203 259 0 46 242 495 992 647 985 739 992 5 930 948 999 979 364 154 886 0 0 0 348 796 111 527 112
-932 -643 0 -71 -478 -587 -979 -827 -921 -39 -216 -953 -773 -915 -893 -948 -977 -24 -926 0 -810 -930 -36 -129 -867 -452 -413 -883 -963 -145 0 -706 -600 -204 -908 0 -188 -384 -151 -399 -255 -95 -118 -6 -907 -446 -1 -586 -922 -498 -948 0 -901 -674 -983 -170 0 0 -978 -370 -22 0 -818 -798 -601 -635 -829 -998 -983 -127 -990 -961 0 -367 -453 -35 -850 -452 -44 0 -780 0 -988 -362 -893 -267 -439 -36 -998 -2 0
766 760 986 24 599 808 0 0 655 127 0 703 843 675 621 980 56 1000 0 484 978 804 149 396 329 980 97 0 844 985 417 791 780 0 233 983 3 865 278 0 552 981 939 994 530 572 846 508 888 545 985 617 469 346 156 684 623 586 948 962 614 60 473 979 240 76 17 432 576 31 381 701 960 895 790 0 100 870 161 504 52 720 648 979 12 321 688 496 0 997 740
-439 -52 -221 0 -93 -767 -637 -483 -81 -953 -966 -921 -510 -45 -813 -243 -817 0 -276 -828 -872 -383 -713 -234 -203 -980 -676 -602 -612 -996 -926 0 -255 -927 -422 -57 0 -94 -761 0 0 -832 -608 -637 -1000 -344 -405 0 -576 -769 -820 -346 -25 -70 -114 0 -996 0 -825 -928 -965 -483 -1000 -856 -470 -164 -571 -1 -956 -974 -924 -997 -766 -414 -714 -999 -2 -986 -141 0 -466 -121 -639 -195 -74 -820 -17 -111 -317 -91 -986
0 897 0 42 869 917 131 779 142 911 985 0 0 36 0 937 277 587 584 842 201 412 0 295 907 758 149 1 641 972 754 138 832 0 370 291 420 992 0 799 72 874 0 880 1 373 999 586 37 223 995 443 0 276 971 423 209 998 9 201 329 961 39 212 994 87 65 477 597 956 856 839 565 880 996 603 330 602 0 858 768 987 38 434 727 21 173 179 472 994 610
0 -933 -919 -997 -687 -485 -143 -914 -218 -974 -998 -675 0 -988 -435 -943 -340 -997 0 -459 0 -1000 -616 -980 -826 -989 -675 -832 -612 -462 -33 0 -234 -522 -932 -909 -421 0 0 -34 -139 -859 -797 0 -871 -353 0 -1000 -334 -874 -975 -723 0 -894 -959 0 0 -958 -997 -996 -988 -949 -328 -884 -913 -796 -987 -879 -596 -466 0 -536 0 -15 -986 -343 -946 -648 -935 -936 -719 -650 -305 -896 -516 -50 -1000 -742 -923 0 -979
914 880 994 41 997 992 324 694 0 854 998 984 518 967 68 846 157 365 886 919 999 984 832 207 815 998 162 206 125 480 791 509 636 501 376 0 652 971 27 918 269 545 1000 6 0 0 863 2 641 922 0 92 70 800 691 0 461 820 245 146 369 431 799 44 836 954 787 520 14 781 557 470 813 58 296 991 752 643 1000 746 0 945 862 996 136 331 301 0 0 8 477
0 0 -114 -1000 -967 -984 -203 -1000 -878 0 -55 -853 -868 -400 -387 -798 -945 -6 -271 -677 -897 -647 -430 0 -944 -20 -824 -5 -1000 -971 -995 0 -913 -586 -382 -78 -278 -880 -740 0 -407 -942 -950 -401 -241 -842 -989 -937 -998 -880 -958 -31 0 -515 -567 -973 -194 -715 -324 -920 -844 -153 -867 -429 -680 -46 0 -149 -484 -29 -295 -30 0 -418 -904 0 -617 -318 -362 -206 -957 -884 -431 -1000 0 -70 0 -710 -830 -487 -556
771 409 980 507 652 975 738 1000 716 0 930 982 932 934 372 492 766 850 431 984 948 884 266 713 971 1000 967 0 1000 371 0 0 614 75 999 985 997 0 469 102 1000 792 0 476 647 23 736 291 810 57 685 548 0 654 558 530 71 0 0 177 578 359 943 714 936 603 958 862 460 816 920 379 507 0 526 206 768 770 29 817 541 17 389 0 694 983 648 937 0 0 363
-386 -475 -976 -697 0 -770 0 -936 -143 -994 -921 0 -983 -163 -964 -945 -467 0 -1000 -237 -663 -383 -307 -206 -839 -205 -564 0 0 -190 -939 -754 -179 -605 -887 -988 -799 -651 -997 -795 -295 -108 -192 -425 -885 -776 -598 -175 -973 -36 -5 -531 0 -919 -857 -628 -904 -1000 -1000 -364 -991 -616 -921 -815 -725 -648 -380 -991 -172 -276 -907 -971 -25 -805 -667 0 -672 -1000 -468 -767 -641 0 -1 -391 -515 -831 -723 -986 -181 -564 -942
737 951 605 420 61 0 469 993 497 343 572 576 6 999 3 991 789 84 897 251 940 160 141 0 319 431 989 97 786 755 279 312 705 455 944 670 155 995 16 960 191 0 1000 0 0 241 1000 16 631 950 672 314 177 0 151 24 535 0 34 950 0 455 916 488 534 0 900 999 1000 664 994 0 3 0 751 0 580 589 977 929 999 262 35 16 57 0 697 543 250 0 422
-227 -125 -997 -184 -841 -952 -721 -996 -506 -343 -276 -334 -936 -883 -482 -951 -648 0 0 -57 -316 -320 -999 -112 -192 -969 -794 -805 -157 -231 -686 -830 -972 -981 -981 -992 -992 -538 -37 -562 -413 -727 -833 0 -1000 -362 -17 -690 -734 -3 -470 -611 -997 -242 -650 -677 -630 -313 -362 -248 -5 -816 -367 -575 -652 -952 -991 -769 -989 -125 -855 -983 -745 -720 -381 -547 -976 -797 -617 0 -94 -456 -672 0 -476 -685 -220 0 -269 -638 -222
946 0 25 972 350 0 121 186 0 200 357 834 4 529 687 648 213 904 684 0 0 855 988 987 923 949 768 530 178 76 76 964 610 5 759 327 0 658 192 40 0 334 515 76 995 218 530 798 840 99 0 215 443 592 0 445 496 29 110 428 0 445 184 0 279 661 92 918 650 804 955 0 613 1000 957 410 345 763 998 54 920 913 0 905 606 264 575 0 976 362 397
-388 -83 0 0 -786 -996 -982 -515 -16 0 -996 -978 -43 -702 -773 -264 -435 -404 -107 -413 0 0 0 -274 -996 -977 -949 -860 0 -993 -671 -15 -883 -903 -603 -936 -34 0 -757 0 -898 0 -994 -385 -428 -626 -295 -680 -908 -981 0 -417 0 0 -393 -909 -77 -647 -580 -88 -891 -970 0 0 -983 -673 -432 -21 -385 -112 -456 -101 -548 -967 -807 -367 -508 0 -995 -993 -902 -405 -589 -933 -872 0 -342 -949 -980 -938 -533
1000 369 109 0 985 941 190 304 0 849 990 942 956 131 122 798 0 0 878 872 859 834 567 910 769 300 693 757 3 691 725 0 876 100 20 30 476 40 881 721 669 19 386 454 214 992 747 857 0 0 465 0 994 0 17 994 0 995 965 469 73 827 318 84 598 728 97 868 853 94 790 596 290 719 989 917 608 378 42 444 545 1000 0 919 114 14 10 970 109 477 641
-131 -385 0 -336 -611 0 -8 -999 0 -892 -12 0 -998 -524 0 -603 -875 0 -611 -54 -120 -934 -841 -205 -849 -997 -770 -925 -158 -377 -708 -77 0 -891 -33 -641 -960 -14 -985 -317 -875 -943 -33 -2 -651 0 -145 -284 -948 -276 0 -996 -759 -299 -538 -581 -214 -117 -657 -563 -826 -932 0 -19 -925 -426 -130 -573 -932 -206 -968 -885 -647 -70 -992 -851 -967 -109 -720 -999 -978 -925 -610 -692 -16 -515 0 -315 -642 -331 -1000
647 862 815 894 29 442 858 561 937 674 274 358 462 537 257 981 994 974 1000 36 355 20 852 91 893 581 26 116 800 557 275 675 77 931 976 719 787 913 991 18 0 905 993 151 121 117 879 521 667 952 904 689 0 991 739 721 13 996 153 753 913 373 0 1000 729 918 891 204 634 897 516 917 948 955 425 997 511 592 863 0 728 0 902 0 0 991 97 492 245 0 635
0 -1000 -906 -443 -965 -549 -571 -585 -651 -852 -987 -437 -21 0 -260 -926 -956 -1000 -881 0 -727 0 -730 0 -714 -987 -981 -818 -981 0 -86 -645 -920 -935 -310 -999 0 -781 -952 -908 -372 0 -66 -338 -329 -998 -214 -441 -982 -968 -995 -940 -725 -30 -279 -857 -946 -141 0 -694 -255 -759 -846 -786 -932 0 -944 -727 -573 -494 -7 -999 0 -995 -263 -654 -824 -963 -297 -682 -379 -750 -694 0 -103 -30 -73 -409 -13 -262 -369
906 225 74 0 999 481 156 997 49 974 989 245 958 0 831 833 845 0 394 915 29 897 963 940 23 531 325 707 262 998 0 544 934 923 221 0 0 702 585 143 646 40 1000 0 0 881 0 510 750 467 183 741 545 200 819 635 0 797 840 618 4 671 987 441 515 156 303 739 786 340 37 740 176 697 335 68 782 796 773 40 783 805 992 683 976 0 124 329 830 345 989
-1000 -568 -739 -916 -820 -986 -853 -12 -635 -237 -738 0 0 -459 -671 -886 -994 0 -357 -294 -996 -440 -398 -850 -784 -503 -2 0 -984 -736 0 -136 -519 -995 -987 0 -109 -230 -853 -570 0 -20 -996 -583 -930 -982 -998 -525 0 -992 0 -661 -126 -804 -898 -285 -673 -32 -773 0 -990 -883 -654 0 -906 -749 -929 -8 0 -998 -943 -2 -931 -56 -1000 -736 -931 -924 0 -356 -464 0 -998 -822 -999 -453 -628 0 0 -964 -419
695 0 432 60 952 971 816 492 656 524 834 95 576 754 944 0 236 326 108 540 743 393 448 834 165 54 941 4 818 699 0 145 585 997 49 380 0 58 934 676 978 464 177 476 990 163 504 945 361 385 988 311 803 0 610 945 0 903 640 219 940 965 828 833 225 643 237 462 912 117 895 524 970 843 424 21 969 754 90 981 7 156 924 17 998 0 979 0 1000 601 802
-60 -67 -500 -758 -900 -793 -983 -978 -597 -75 -287 -694 -320 0 0 -157 -804 -959 0 0 -885 -897 -999 -476 -718 0 -683 -923 0 -629 -997 0 -991 -43 0 -963 -854 -37 -1000 -963 -1000 -430 -722 -915 -665 -118 -155 -254 -678 -981 -993 -570 -420 -505 -834 -1000 -628 -266 -135 -509 -326 -923 -592 0 -546 -726 -999 -915 -909 -28 -582 -793 -344 -133 -645 -745 -109 0 -185 -982 -985 -849 -260 -103 -518 -468 -24 0 0 -302 -344
496 922 0 755 939 987 13 802 956 687 964 10 0 946 87 25 855 528 233 537 555 0 118 494 0 630 429 779 1000 248 872 0 664 713 167 813 968 0 287 775 385 16 420 911 900 162 929 194 958 425 194 7 1000 104 411 0 454 0 0 490 880 0 996 360 0 692 317 984 684 152 9 318 998 349 990 628 285 179 251 460 69 50 1 0 133 818 734 1000 184 6 61
0 -997 -1000 -687 -932 -864 0 -148 -565 -11 0 -902 -444 -994 -993 0 -953 -116 -833 -796 -200 -835 -869 -984 -967 -831 -901 0 -358 -763 -801 -389 0 -869 -802 -22 -695 -555 -553 -247 0 -1000 0 -613 -2 -904 -663 -64 -109 -871 -860 -907 -894 -1000 -989 -920 -816 -588 -623 -515 -405 -987 0 -730 -999 -958 -820 -577 0 -671 -915 -948 -123 -994 -939 -185 -451 -979 -650 -298 -198 -304 -546 -987 -406 -12 0 -779 -999 -304 -906
0 940 709 638 0 750 997 742 988 493 951 740 408 0 886 33 504 211 968 842 809 946 0 120 0 245 0 823 0 134 2 318 7 993 738 610 0 642 665 185 193 0 78 873 940 150 644 155 0 978 475 293 466 954 999 486 824 626 233 867 989 0 248 582 779 254 960 434 728 949 537 852 0 94 702 573 911 66 1000 991 308 636 928 980 969 688 565 839 23 793 296
-536 0 -643 -924 -98 -974 -34 -499 -417 -124 -943 0 -685 -641 -994 -959 -658 0 -958 -561 -992 -6 -568 -905 -414 -718 -990 0 -2 -625 -189 -53 -635 0 -75 -965 -978 0 -884 -386 -341 -826 -701 -782 -976 -986 -957 -295 -203 -472 -397 -949 -3 -233 -974 -90 -699 -1000 -165 -881 -661 -12 -878 -426 0 -40 -985 -763 -273 -857 -585 -1 -397 -770 -523 -965 -911 0 -440 -81 -752 -748 -824 -138 -923 -80 -699 -753 -103 -511 -551
172 46 824 990 0 665 927 576 814 986 415 213 985 890 495 971 999 259 0 364 823 343 884 769 671 545 90 990 713 317 6 995 740 0 968 789 933 143 997 611 893 475 615 501 43 760 995 0 988 597 682 377 0 0 875 682 563 54 3 883 0 858 199 0 456 935 727 983 811 124 974 998 135 72 123 0 748 760 612 63 0 997 0 199 107 821 270 0 13 997 772
0 -802 -180 0 -155 -988 0 -409 -574 -486 -895 0 -42 -715 -44 0 -55 -807 -560 -690 -851 -5 -216 -990 -585 -991 -209 0 -554 -837 0 -757 -186 -593 -533 -982 -793 -429 -773 -3 0 -806 -946 -627 -792 0 0 -998 -983 0 -29 -998 0 -576 -228 -974 -994 0 -660 -819 -824 0 -796 -990 -738 -863 -777 -144 -776 -973 0 0 0 0 0 0 -578 -933 -5 -105 -783 0 -891 -939 -398 0 -894 -676 -897 -104 0
512 785 0 42 0 895 56 0 485 380 65 1000 977 0 375 0 399 463 809 0 980 0 562 0 0 518 321 824 834 969 261 979 234 350 982 0 972 16 937 127 171 146 906 80 163 97 738 999 971 996 14 280 326 220 940 607 523 75 0 372 706 894 773 589 60 966 0 971 949 0 233 57 512 826 986 540 931 785 688 854 174 88 249 865 863 455 997 0 869 671 148
-528 0 -935 -249 0 -976 0 -316 -959 -922 -989 -821 -658 -244 -458 0 -98 -970 -39 -29 -51 -982 -114 0 -958 -950 -237 -130 -537 -271 -385 -142 0 -466 -811 -578 -531 -51 -993 -943 -971 -853 0 0 -799 0 -354 -445 0 0 -1000 -38 0 -992 -822 -514 -1000 -841 -911 -750 -594 -331 -944 -949 -258 -344 0 -419 -111 -340 0 -51 -671 -909 -293 0 -936 -586 -701 0 -966 -538 -265 -840 -129 0 -36 -999 -985 -606 -571
0 90 660 766 162 982 777 940 553 996 98 466 378 621 126 26 760 733 516 307 0 717 1 0 159 759 968 281 240 334 0 462 360 744 968 990 549 1000 0 0 909 0 0 994 997 557 516 376 420 0 707 485 5 763 211 850 688 0 118 18 232 669 986 999 0 746 0 546 0 975 741 980 3 338 605 389 1 909 775 613 616 690 7 873 301 318 922 300 78 847 1000
-759 -992 -233 0 0 -506 -977 -523 -338 -227 -307 -996 -441 -987 -917 -333 -193 0 0 -970 -780 -98 0 0 -242 -10 -579 -958 -490 -801 -291 -326 -1000 -63 -140 -129 -957 -753 -941 -327 -671 -888 -123 -76 -492 0 -421 -276 -572 -715 -776 -991 -990 -10 -56 0 -989 -522 -806 -193 -990 -15 0 -585 -955 -335 -892 -634 -954 -716 -961 -882 -512 -1000 -937 -534 0 0 -608 0 -930 -107 -572 -584 -999 -177 -561 -913 -731 -334 -920
0 671 551 987 815 553 977 0 729 997 985 86 549 289 637 538 0 992 564 999 919 832 0 970 953 975 0 197 0 900 763 449 13 0 895 388 118 997 881 980 20 552 0 934 998 563 0 852 235 648 302 712 647 503 1000 987 0 827 893 356 1000 2 844 899 0 1000 920 524 0 69 973 0 888 759 617 995 972 987 998 486 787 647 691 1000 261 987 996 975 991 0 0
-940 -745 -753 0 -748 -943 -655 0 -490 -999 0 0 -215 -890 -89 -916 -893 -989 0 -525 -795 -52 -986 -602 -380 -839 -600 0 0 -525 -957 -481 -951 -959 -992 -446 -925 -619 -802 -459 -431 -695 -930 -747 -702 0 -971 -312 0 0 -951 -918 -509 -391 -955 -15 -700 -954 -23 -970 -218 0 -542 -992 -168 0 -916 -661 -208 -453 -829 -753 -492 -589 0 -882 -782 -4 -476 -168 -776 -483 -999 -939 -522 -72 -197 -794 -8 -995 -997
922 11 602 729 70 475 0 617 943 972 206 644 240 825 0 474 0 307 241 994 349 44 583 661 36 0 575 0 999 993 648 751 936 355 699 0 343 50 408 0 98 894 45 725 977 836 525 936 995 941 9 0 934 960 877 203 778 263 0 338 870 0 940 118 884 588 998 25 45 158 821 880 1000 990 123 1000 655 993 354 609 827 993 497 209 921 931 0 0 100 802 0
-900 -819 -767 -990 -4 -956 0 0 0 -348 0 -995 0 0 -422 -557 -713 -32 -983 -646 -994 -60 -767 -955 -530 -493 -857 -912 -973 0 -439 0 -953 -868 -383 0 -468 -111 -219 0 -864 -91 -497 -868 -764 -102 -742 -802 0 -992 -996 0 0 -234 -272 -457 -941 -523 -722 -474 -451 0 -458 -842 -732 -799 -220 -996 -947 -360 -11 -70 -971 -724 -732 -808 -282 0 -996 -855 0 -150 -739 -420 -998 -1000 -869 -546 -950 -949 -858
0 998 999 0 0 875 893 143 392 995 999 21 746 986 111 793 146 113 833 975 0 521 858 765 988 560 32 768 969 570 579 962 555 643 868 909 7 368 1000 320 959 98 21 1000 997 345 230 943 0 608 492 964 0 700 364 276 442 255 468 312 0 0 0 971 517 718 717 999 782 450 319 600 304 90 753 943 966 0 238 394 0 373 2 471 9 109 573 976 1000 747 520
-966 0 -926 -442 -999 -499 -847 -954 -515 -3 -896 -271 0 -751 -499 -993 -996 -992 -133 -636 -127 -451 -724 -859 -865 0 -694 -607 -199 -932 -763 -756 -1000 -508 -876 0 -941 -488 -824 0 -448 -6 -966 -266 -218 0 -607 -928 -180 -539 -461 0 -13 -330 -734 -680 -822 0 -223 -770 -871 0 -136 0 -378 -948 -304 0 -309 -39 -872 -591 -951 -941 -987 -972 -741 -99 -278 0 -826 -330 -555 -872 0 -346 -988 0 -511 -987 -543
997 0 943 943 300 396 945 998 34 955 258 54 245 0 0 972 920 260 113 23 717 0 673 530 352 0 0 0 958 503 217 991 579 202 539 457 609 166 50 989 1 0 460 0 926 735 960 992 0 27 975 960 954 0 950 801 20 12 38 58 694 631 495 710 562 11 715 531 322 249 596 932 0 51 480 700 1000 957 2 923 0 717 806 797 302 53 949 326 745 650 999
-38 -1000 -508 -713 -437 -869 -184 -942 -748 -982 -20 -726 -919 -884 -655 0 -393 -78 -999 -861 -158 -876 0 -835 -450 -669 -345 -564 -171 -300 -362 -54 0 0 -347 -59 -4 -999 -843 0 -915 -668 -981 -19 -966 -849 -199 0 -798 -1000 -898 -785 -950 -232 -232 -710 -415 -948 -36 -879 -542 -810 -272 -33 -704 0 -989 0 -588 -116 -999 -41 -30 -983 -292 0 -826 -786 -938 -316 0 -266 -449 -57 -597 0 -24 -964 -83 -27 -8
456 631 956 502 306 114 740 854 638 998 622 927 423 130 865 0 257 2 677 991 0 44 179 123 225 283 749 872 429 588 547 296 0 216 0 641 994 987 161 798 218 172 0 151 678 0 673 0 344 0 683 871 64 315 218 0 676 984 0 20 999 0 381 706 1000 245 932 421 998 259 986 730 0 880 698 0 26 0 481 448 0 473 789 584 0 517 0 733 0 403 877
-764 -539 -866 0 -860 -442 -54 -546 0 -454 -998 0 -883 -482 -988 0 -97 -24 -481 -667 -18 -822 -148 0 -834 -71 -539 -990 -756 -944 -487 -197 -879 -188 -731 -144 -983 -647 -31 -781 -70 -84 -254 0 -712 -880 -237 -993 -725 -285 -604 -129 -6 -368 -622 -418 -98 -683 -676 -256 0 -773 -969 -9 0 0 -465 -407 -502 -24 -694 -51 -998 -805 -880 -446 -215 -535 0 -898 -182 -555 -42 -563 -518 -689 -714 -314 -377 -374 -111
515 919 361 24 866 911 867 0 870 426 485 7 0 985 604 839 276 0 0 172 1 599 520 49 880 982 671 220 996 561 29 984 734 678 980 922 58 913 897 278 916 244 940 465 699 305 632 956 44 204 97 665 0 0 374 997 260 0 722 155 272 498 64 304 918 806 78 998 803 0 849 526 0 998 585 455 330 0 0 643 843 836 992 904 888 122 625 609 836 4 339
-108 -374 -693 0 0 -344 -988 -968 0 -657 -23 0 -398 -998 -446 -13 0 -105 -895 -173 -14 0 -1000 -39 0 -700 -40 -543 0 -426 -723 0 -1 -939 -3 -999 -264 -137 -177 -687 -315 -14 -721 -1000 -928 -994 -169 -546 -549 -337 -32 -195 -571 -431 -478 0 -968 0 -998 -803 -950 -790 -166 -974 -74 -40 -594 -887 -300 -986 -33 -176 -788 0 -441 0 -716 0 0 -563 -15 -20 -545 -898 0 -707 -827 -949 -674 -983 -447
305 899 553 966 284 988 0 704 263 520 337 0 864 994 977 579 0 767 5 767 816 538 1000 0 228 988 992 449 986 188 870 0 266 814 987 0 764 944 44 188 781 0 696 956 992 904 990 155 989 11 736 625 431 0 0 0 0 994 0 0 674 270 185 1000 816 765 453 738 341 921 344 713 274 615 994 19 160 53 255 830 840 347 208 41 1000 988 443 90 148 321 31
-983 -490 -1 -998 -415 -692 0 -857 -57 0 -12 -997 0 -743 -385 -743 -763 -256 -902 -802 -238 -60 -830 -1000 -34 -981 -10 -877 -533 -989 0 -691 -957 -381 -474 -179 -826 -934 -627 0 0 -674 -157 -638 -64 -786 -20 -797 0 -546 -912 -928 -180 0 0 -64 -158 -525 -782 -995 -334 -546 -998 -952 -945 -650 -989 -994 0 -106 -590 0 -794 -75 0 -179 -504 -651 -779 -975 -668 -369 0 -35 -509 -952 0 -69 -848 -534 0
723 941 698 420 999 17 901 39 166 958 330 0 995 259 960 994 193 153 946 47 22 778 453 995 546 983 558 326 79 877 774 206 449 662 944 466 405 996 989 0 954 637 960 461 442 697 809 993 837 989 330 24 306 229 623 189 642 138 399 0 389 998 0 204 632 933 257 162 163 24 511 0 308 826 0 588 981 900 769 620 673 990 486 648 489 551 515 0 660 959 995
-75 -594 -944 -817 -911 -990 -472 -715 -485 -1000 -757 -759 -1000 -932 -53 0 -876 -34 -471 -709 -991 -100 -242 -995 -905 -781 -64 -781 -874 -943 -710 -810 -5 0 -909 -981 -831 -990 -972 -990 0 -430 0 -256 -998 -574 -997 -936 0 -211 -439 -517 -853 -446 -398 -764 -474 -974 -940 -984 -924 -759 -723 -245 -793 -768 0 -517 -69 -489 -813 -989 -891 -48 0 -903 -311 -833 -683 -121 -779 -217 0 0 0 -11 -633 -452 -501 -327 -993
244 0 879 886 835 594 0 516 752 0 741 819 994 532 0 105 808 937 305 647 882 708 978 736 0 0 832 807 582 768 924 110 419 209 975 718 961 876 981 601 323 27 0 0 157 550 173 157 943 843 814 586 849 526 783 627 0 33 932 823 992 984 949 885 102 520 132 0 966 458 87 422 417 1000 41 386 245 998 997 956 945 482 29 651 0 202 169 932 222 38 31
-967 -51 -967 -971 -829 -380 -204 -995 -528 -76 -990 -956 -98 -838 -994 -148 -293 -259 -972 -952 -932 -139 -16 -839 -565 -906 -834 -116 -179 -347 -183 -874 -259 -1000 0 -998 -46 -930 0 -53 -952 -818 -527 -959 -611 0 -966 0 -727 -986 -714 -888 0 -973 -377 -1000 -797 -731 -800 -513 -707 -716 -696 -138 -925 -559 0 -1000 -687 0 -984 -968 -911 -451 -985 -582 0 -5 -308 -345 -633 -915 -359 -720 -865 0 -603 -603 -939 -943 -7
213 551 146 680 290 970 166 923 974 738 612 0 803 828 0 935 841 998 830 623 608 731 516 0 847 660 817 994 250 11 279 84 127 778 0 924 603 196 520 904 0 718 599 0 0 293 999 463 858 903 420 406 244 778 926 322 453 983 1000 0 601 479 432 423 930 25 697 496 672 608 0 66 0 525 108 21 999 64 0 163 797 709 788 576 512 604 824 723 254 439 0
-746 -475 -863 -869 -998 0 -56 -588 -977 -569 -19 -679 -191 -698 -759 -381 -311 -280 -716 -67 -32 -596 -877 -966 0 -64 0 0 -672 -168 -827 -873 0 -742 -995 -156 -834 -662 -233 -539 -959 -658 -547 -19 -169 -242 -843 -143 -412 -903 -462 -126 -943 -372 -997 -502 -361 -841 -986 -420 -969 -858 0 -1000 0 -288 -967 -968 -26 -21 -391 -634 0 -191 -202 -197 -551 -1000 -319 -993 0 -285 0 -480 0 -1000 -110 -14 -431 -680 0
543 652 0 326 929 0 958 972 993 16 275 40 52 993 18 957 991 210 76 151 253 354 1000 60 572 783 5 754 787 996 0 41 990 333 841 303 0 715 930 0 971 608 0 849 0 139 672 521 671 855 922 381 908 892 494 153 980 934 35 941 233 126 974 984 420 130 131 995 0 267 56 383 977 998 630 1000 359 0 489 0 61 913 580 771 22 813 877 94 633 1000 345
-970 -1000 -890 -985 -880 -55 -65 -224 -246 0 -236 -167 -829 -1000 -625 -822 -981 -632 -995 -825 -998 -910 -773 -719 0 -960 -794 -571 0 -471 -195 -425 -7 -308 -35 -518 -881 -78 -379 -996 -888 -363 -376 -860 -824 -746 -668 -962 -736 -834 -536 -851 -905 -899 0 -73 -995 -876 -950 0 -664 -841 -729 -983 -999 -670 -936 -78 -818 -734 -522 0 -72 -442 -358 -999 -542 -537 -653 -34 -632 -907 -34 -969 -25 -389 -339 -738 -211 0 -457
0 416 10 0 0 681 343 917 914 166 357 19 0 172 973 373 799 1000 260 154 956 1000 0 399 1000 25 756 712 980 808 246 41 660 65 54 0 327 851 975 728 199 876 728 43 9 250 644 741 936 303 395 430 44 289 95 925 284 999 703 1000 392 662 935 68 690 967 561 660 315 0 0 380 505 1000 0 874 991 927 278 20 360 978 568 817 478 0 238 30 887 721 0
-119 0 0 -207 -903 -283 0 -1000 -974 -238 -239 0 -989 -541 -268 -823 -387 -794 -956 -348 -977 -740 -306 -620 -999 -996 -423 -482 -683 -25 -130 -446 -179 -221 -59 -93 -739 -677 -75 0 -187 -594 -330 -618 -984 -476 -999 -58 0 -123 -818 -22 -1000 -383 0 -193 -270 -734 -132 -1000 -223 -580 -535 -997 -568 -147 -631 -994 -505 0 -843 -880 -734 0 -680 -64 -615 -877 -342 0 -161 -534 -944 0 -473 0 -977 -487 0 -363 -304
