15 15
977 298 0 998 32 0 37 923 960 991 282 948 193 787 16
-317 -428 -826 -522 -180 -151 -653 -163 -978 -611 0 -897 -970 0 -245
597 840 754 48 939 983 869 869 46 895 215 648 450 687 0
0 -467 -178 -982 -552 -978 -892 -999 0 -928 -730 -18 -1000 -427 -889
992 175 10 151 413 0 952 365 118 985 880 816 523 656 359
-956 -523 0 -104 -946 -996 -105 -996 -376 -1000 -139 -1 -1000 -528 -142
125 62 915 518 108 663 996 0 500 3 631 0 427 968 0
-555 -629 -988 -988 -253 -609 -432 -323 -984 -884 -522 -524 -751 0 -811
700 697 9 970 0 171 77 989 974 527 0 347 956 825 857
-116 -429 -814 -670 -992 -451 -642 -991 -705 -992 -967 -652 -802 -493 0
925 989 604 797 516 993 996 400 515 233 453 942 910 845 773
-998 -519 -841 -999 -997 0 -694 -640 -976 -6 -486 -303 -299 -756 0
823 346 639 298 996 76 491 0 0 698 0 0 630 940 807
-758 -956 0 -162 -621 -968 -381 -941 -720 -294 -885 -562 -139 -651 -611
140 188 0 533 289 784 6 814 112 611 0 128 0 993 0
