20 20
927 797 942 1 637 928 870 617 620 823 949 0 702 361 931 52 990 522 0 459
-960 0 -310 -541 -570 0 -726 -881 -550 -8 0 -966 -953 -491 -903 -398 -62 -864 -75 -726
632 987 347 0 810 0 24 53 0 993 58 780 642 566 562 740 920 899 967 18
-728 -926 0 -856 -533 -689 -940 -84 -987 -337 -666 -922 -626 -828 -997 0 -594 -991 -711 0
298 628 0 878 47 508 979 0 966 234 301 560 0 0 939 937 851 733 787 0
-800 -244 -641 0 0 -923 -411 -992 -427 -455 -405 0 -111 -2 -959 -999 0 -416 0 0
0 0 980 810 902 952 338 406 923 30 827 637 386 0 740 0 979 466 901 998
-863 -339 -437 -741 -979 -231 -532 -657 0 -817 -601 0 -209 0 -236 -996 -620 0 -981 -660
236 0 991 151 874 271 928 0 0 438 0 301 564 0 771 727 83 42 940 867
-491 0 -859 -975 0 -876 -146 0 -316 0 -953 -866 -149 -321 0 -989 -799 -602 -770 -453
367 940 983 0 485 1000 998 674 209 40 541 991 184 980 703 883 600 899 970 971
-790 -207 -813 0 -906 -670 -752 -566 0 -971 -763 -944 -695 0 0 -46 -966 -208 -317 -229
39 0 950 718 370 889 825 749 0 33 990 10 234 10 110 925 344 0 0 852
-100 -912 -914 0 0 -670 -788 -990 -837 -928 -791 -753 -587 -846 -62 -554 -578 -39 -991 -16
739 954 1000 956 837 964 345 791 127 0 658 576 111 700 0 508 870 944 0 982
-947 0 -964 -605 -252 -988 0 0 -524 -984 -603 -980 -851 -784 -359 -459 -999 -990 -996 -402
786 222 383 984 553 966 202 0 432 800 232 915 373 488 54 0 671 77 12 0
-202 -914 0 -893 -798 -999 -287 0 -921 -298 -969 -567 -492 -984 -116 -695 -128 -200 -448 0
946 523 934 959 0 497 1000 290 228 871 682 791 973 153 397 149 997 656 836 0
0 -944 -104 -974 -129 -536 -610 -634 -967 -986 -761 -639 0 -457 0 -1000 -974 -405 -983 -243
