35 33
969 2 770 976 928 126 579 0 548 633 919 269 970 755 978 0 341 786 51 419 863 0 466 1000 554 897 0 978 0 831 45 339 830
-70 -349 -300 -371 -938 -773 -863 -978 -312 -960 0 -892 -914 0 -889 -728 -714 -959 -992 -314 -579 -315 -20 -23 -976 -891 -1000 -860 -915 -985 -752 0 0
990 770 652 220 829 0 0 829 773 0 0 324 509 846 5 197 998 312 586 782 921 504 254 996 598 64 761 0 630 948 705 434 49
-154 -601 -301 0 0 -983 -991 -635 0 -332 -896 -563 -253 -390 -987 -22 -275 -154 -71 -869 -515 0 -995 -17 -783 -637 0 0 -794 -51 -487 -74 -831
210 469 999 369 596 0 411 911 549 143 515 870 0 916 981 974 0 810 626 970 642 666 202 523 906 590 426 755 0 372 291 755 916
0 -998 -600 -972 0 -27 -61 -949 -732 -968 0 -306 -997 -487 -643 -954 -999 -896 0 -346 -841 -1000 -971 -620 -227 -926 -65 -1000 -776 -690 0 -25 -812
841 996 0 706 380 980 276 329 216 993 0 0 422 737 6 998 648 697 892 402 0 867 904 247 841 346 471 526 969 694 833 732 732
-950 -4 0 -877 -800 -650 -594 -351 -854 -758 -927 0 -955 -446 -5 -961 -920 -980 -59 -393 -12 -1000 -118 -201 -917 0 -960 -736 -168 -629 -980 -172 -994
523 586 126 396 776 101 0 993 0 85 18 461 950 10 568 124 88 850 397 979 10 0 144 72 599 0 925 362 385 27 492 690 706
0 -329 -504 0 0 -760 -822 -844 -744 -998 -195 -995 -361 -822 -618 -585 -974 -968 -989 -119 -802 -959 -935 0 -459 -537 -989 0 0 -972 -409 -428 0
643 871 889 979 411 1000 91 393 487 986 762 0 968 65 1000 208 0 269 123 32 0 287 946 0 751 50 92 475 100 629 999 986 0
0 -311 -927 0 -712 -797 -990 -862 -158 -383 -21 -737 -974 -994 -327 -87 -332 -784 -720 -128 -468 -354 -1000 -271 -848 -1000 -977 -793 -524 -924 -795 0 0
34 911 21 659 625 409 936 649 284 0 428 995 192 999 516 946 802 174 184 539 457 930 657 45 633 220 934 1000 295 1 0 4 506
0 -755 -957 -663 0 -911 -963 -962 -557 0 -428 -524 -626 -982 -216 -75 -849 -767 -25 -959 0 -3 -884 -831 -991 -786 -974 -957 -913 -891 -904 -490 -637
921 320 992 586 984 562 957 912 595 551 81 277 798 952 379 784 818 750 0 2 796 982 0 215 704 86 511 783 977 899 640 997 698
-958 0 -290 -971 0 -445 -411 -493 -483 -924 0 -827 0 -252 -250 -832 -885 -346 -468 -338 -1 -873 -140 -995 -951 -1000 -382 -966 -90 -764 0 -17 -998
572 163 953 32 106 0 933 0 163 943 206 1000 987 0 641 712 982 532 775 907 0 0 92 258 613 271 0 24 516 971 78 355 720
0 -513 -38 -24 -976 -894 0 -132 -462 -911 -613 -1000 -991 -728 -367 -396 -705 -616 -165 -796 -432 -829 0 -165 0 -637 -590 0 -726 -685 -214 -870 -785
948 1000 882 762 730 970 802 0 821 983 0 507 970 0 278 38 490 551 484 929 944 307 614 1 0 0 40 57 830 0 256 368 116
-844 -332 -585 -12 -959 -771 -64 -17 -954 -632 -521 -76 -96 -558 0 -695 -966 -945 -452 0 -211 -976 -761 -501 -461 -982 -188 -58 -726 -33 -231 -996 -253
956 982 4 23 958 997 0 969 990 943 995 0 162 568 939 168 13 0 997 144 234 989 129 0 947 391 976 84 0 774 282 900 267
-665 -889 -911 -435 -238 -28 -149 -551 -50 0 -1000 -997 -652 0 -997 -997 -516 -978 -773 -966 -948 -1000 -321 -786 -998 -282 -725 -290 -773 -996 -423 -988 0
286 270 914 652 904 124 574 961 592 702 474 462 928 751 0 355 847 0 965 59 0 629 940 45 994 0 954 607 128 284 938 0 414
-998 -3 -462 -1000 -720 -569 0 -998 -894 0 -795 -951 0 0 -892 -997 0 0 -991 -704 0 -899 -339 0 -755 -966 -753 0 -989 -674 -752 -993 -796
0 1000 766 949 652 60 974 921 557 716 809 497 577 683 761 220 868 0 1000 763 171 0 746 409 468 990 706 96 638 824 0 827 742
0 -869 -317 -434 -961 -996 -925 -995 -18 -957 -834 -390 -986 -76 -658 -906 -998 -935 0 -920 -881 0 -327 -529 -607 -529 0 -522 0 -989 -573 -791 -960
16 705 0 831 0 887 569 188 71 0 190 2 990 0 221 791 0 816 890 599 362 987 417 683 397 887 130 0 0 751 997 0 811
-101 -523 -385 -422 -691 -1000 -19 -927 -8 -14 -633 -69 -55 0 0 -93 0 -45 -523 0 -998 -196 -133 -584 -433 0 -800 -999 0 -46 -248 -376 -3
631 0 329 297 504 464 265 374 0 209 350 0 848 992 871 0 500 510 617 230 997 0 215 0 784 0 987 262 431 992 123 986 183
-917 -624 -1000 -971 -515 -958 -187 0 -646 0 -238 -557 0 -998 -992 0 -119 -999 -594 -836 -795 -530 -786 -116 -618 -939 0 -296 -811 -719 -982 -939 -360
978 870 0 685 972 0 928 912 37 0 955 407 41 899 0 161 622 0 610 708 923 337 0 600 16 1000 728 967 176 972 259 202 998
-395 -882 -421 -669 -4 -991 -340 -969 -725 -1000 -891 -723 -428 -592 -959 -538 -860 0 -773 -488 -985 -349 -230 -57 -998 -980 -368 -849 -217 -628 -34 -873 -994
367 407 0 41 45 867 491 527 594 743 0 910 50 4 386 999 753 234 364 0 608 293 667 938 243 937 27 885 64 982 1000 464 555
0 -843 -143 -494 -49 0 -641 0 -8 -162 -869 -945 -48 -696 -662 -977 -499 -794 -14 -504 -102 -211 -686 -978 -553 -195 -755 -230 0 -414 -103 0 -694
539 420 757 878 983 280 132 572 657 95 348 937 559 425 841 0 5 708 769 834 963 716 526 718 959 939 0 158 684 0 996 136 784
