50 46
449 866 686 47 908 989 468 600 710 808 916 51 793 999 671 896 821 986 986 339 272 195 4 992 984 902 245 95 275 84 436 932 404 596 639 104 0 549 149 416 859 779 478 900 15 982
-18 -991 -697 -30 -68 -706 0 -401 -468 -251 -246 -963 -164 -958 0 -547 0 -231 -381 0 0 -47 -797 -158 0 -969 -274 -259 -260 -984 -175 -304 -231 -740 -979 -985 -813 0 -958 -97 0 -992 -998 -966 -982 -416
998 980 151 366 0 111 120 930 934 950 800 868 756 578 533 886 61 107 989 649 993 0 0 56 438 856 945 720 319 17 402 0 689 994 0 519 545 938 429 571 0 998 767 938 108 593
-985 -692 0 0 -112 0 -703 -662 -472 -974 0 -944 -894 0 -425 -295 -954 -806 -707 -444 -969 -354 -198 -992 -392 0 -929 -451 -55 -930 -561 -854 -616 -149 -978 -848 -138 -374 0 -927 -524 -138 -372 -981 -443 -704
684 813 109 0 984 34 0 0 200 633 277 722 850 0 497 592 7 0 944 939 88 0 145 0 9 720 410 985 436 0 5 916 651 786 836 919 983 995 922 789 999 0 550 954 837 86
-597 -986 0 -560 -124 -892 -645 -448 -280 -1000 -311 -998 -533 -180 -752 -752 0 -837 -854 -936 -963 -667 -486 -218 -84 -1000 0 -904 -110 -30 -280 -800 -876 -717 -671 0 -947 -714 -119 -892 -91 -625 -980 0 -511 -731
751 333 0 644 120 693 941 885 35 0 947 349 786 981 510 723 115 0 931 65 963 910 81 832 306 504 936 0 0 762 716 817 0 0 313 711 481 998 0 772 887 436 937 201 1000 177
-537 -312 -700 0 0 -763 -115 -1 -1000 0 -903 -840 -716 -682 0 -911 -607 -999 0 0 -307 -994 -376 0 -878 0 -496 0 -15 0 -891 -655 -249 -791 -949 -309 0 -250 0 -430 -316 0 -424 -820 -461 -999
0 979 313 139 975 970 137 127 959 525 670 146 133 758 491 101 416 663 916 560 971 989 23 941 624 226 0 0 864 155 406 138 999 957 970 0 896 111 898 0 62 0 998 0 138 13
-781 -1000 0 -589 -622 -992 -438 -743 0 -75 -286 -857 -585 -453 -704 -950 -729 0 -1000 -632 -347 -257 -486 -737 0 -1000 -658 -268 -604 -108 -704 -979 -488 -190 -769 -827 -996 -284 -868 -769 -214 0 -124 -828 0 -427
0 0 805 1000 222 1 787 399 0 0 814 0 380 173 426 355 855 0 379 3 420 28 442 536 0 656 790 0 314 808 864 749 733 820 68 0 40 741 995 999 101 722 675 742 861 4
0 -971 -979 -823 -710 -993 -77 -441 -879 0 -338 -359 -929 -72 -117 -1000 -564 -2 -8 -173 -703 -52 -478 -738 -802 -969 -997 -249 -997 -950 -152 -242 -808 -277 -260 -960 -1000 0 -6 0 -808 -950 -729 -997 0 -996
214 507 496 0 154 871 768 148 531 281 40 702 862 188 579 683 712 21 723 941 776 742 746 945 963 367 0 161 371 0 453 0 89 0 1000 439 688 105 138 129 479 999 929 973 583 970
-44 -978 0 0 -274 -153 0 -699 -637 -116 -686 -853 -694 -680 -493 -921 -5 -910 -2 -445 -988 -919 -411 -659 -12 -893 -71 -344 -987 -87 0 -998 -855 -37 -517 -355 -994 -594 -519 -67 -926 -754 -771 -813 -915 -844
121 4 881 840 670 335 109 981 56 97 968 567 138 757 311 1000 172 4 977 355 0 0 187 989 926 974 0 318 608 0 497 705 858 718 311 990 995 0 880 886 628 142 138 13 0 848
-787 -964 -17 -583 -76 0 -897 0 0 -531 -994 -58 -978 -32 -923 -132 -611 -129 0 -998 -962 0 -998 -51 -499 -49 -918 -777 -875 0 -875 -999 -284 -858 -974 -617 0 -230 -1000 -181 -568 -933 0 -865 -801 -10
177 71 27 133 254 977 713 676 169 219 153 284 406 564 8 136 977 517 987 413 23 347 0 989 169 956 36 73 0 23 31 950 654 859 995 449 995 55 798 53 998 945 923 667 457 496
-195 -976 -506 0 -515 -165 -664 -983 -10 0 -49 -370 -589 0 -534 -613 -715 -224 0 0 -680 -574 -534 0 -258 -996 -57 -71 -358 -109 -653 -644 -560 -982 -484 -1 -371 -986 -6 -511 -985 -411 -927 -656 -969 -492
664 835 192 658 179 788 985 799 424 583 574 518 402 779 985 632 0 863 0 613 497 156 693 0 832 385 0 701 0 0 624 497 0 662 0 673 0 887 952 260 0 779 875 3 968 558
-785 -875 -968 -981 -968 -370 -302 -656 -111 -860 -601 -954 0 -240 -876 -927 -1000 0 -56 -999 -861 -983 -939 -965 -773 -461 -679 -996 -987 -337 -227 0 -997 -155 -829 -521 -969 -916 -535 -993 0 -995 -63 -484 -983 -541
837 219 850 705 405 842 420 68 0 0 0 0 340 1000 871 669 955 706 98 212 575 680 0 861 977 246 0 874 0 969 510 191 514 433 0 399 192 879 891 956 252 734 983 831 318 875
-143 -682 -165 -987 -951 -452 -965 -105 -148 -995 -27 -450 -191 0 -353 0 -61 -996 0 -336 -782 0 0 -794 -94 -104 -314 -176 -943 -167 -1000 -779 -365 -311 -993 -305 -985 -291 -47 -321 -975 -971 -1000 -1000 -257 -999
889 142 2 66 873 910 319 844 0 1000 903 541 620 224 409 994 794 615 843 909 956 868 508 948 310 492 0 999 622 89 809 201 986 523 797 452 83 627 763 63 954 259 459 852 90 588
-435 0 0 -983 -424 -894 -990 -497 -539 -829 -526 -288 -286 -212 -1000 -842 -655 -138 -977 0 -621 -433 -261 -575 -570 -877 0 -163 0 -778 -978 -193 -970 0 -1 0 -234 0 -193 -936 -1000 -865 -232 -993 -975 0
269 296 334 999 956 622 463 149 569 0 997 169 979 555 946 162 63 977 978 964 432 679 68 655 36 170 15 0 597 784 0 729 990 658 992 1000 733 1000 181 465 466 13 0 690 275 750
-121 -87 -601 -762 -7 -916 -932 -602 0 -332 -175 -996 0 -866 -285 -76 0 0 0 -478 -8 -1000 0 -201 -306 -976 -473 -585 0 -985 -257 -348 -994 -1000 -779 -552 0 -91 -974 -961 -372 -671 -497 -558 -940 -549
1000 732 8 233 612 877 61 498 413 881 811 648 696 411 1000 412 0 261 989 976 491 160 996 998 739 779 0 915 594 929 1000 698 95 330 379 941 0 997 351 215 0 507 613 626 737 919
0 -779 -923 -411 -673 -605 -882 -534 -978 -386 -9 -966 0 -201 -996 -105 -135 -966 -76 -929 -79 -480 -741 -991 -966 -442 0 -866 -938 -189 -724 -228 -294 -129 -232 -789 -180 -246 -756 -997 -347 -147 -508 -956 -382 -13
832 841 494 695 863 366 411 84 45 0 52 0 401 980 4 0 371 830 518 160 635 514 0 913 0 1 360 925 24 881 983 944 944 175 277 906 0 991 0 775 535 746 962 803 153 995
-984 0 0 -550 -422 -147 -928 0 -281 -465 -922 -311 -999 -964 -731 0 -949 -991 -732 -776 -249 -948 -979 -515 -985 0 -869 -376 -890 -998 -388 -675 -998 -59 -310 -213 -834 -15 -884 -937 -36 -831 -468 -579 -87 -416
962 262 41 328 50 842 457 596 121 957 321 119 776 941 23 187 872 807 41 662 926 0 227 658 559 161 969 0 537 469 0 224 63 635 815 360 1 0 827 2 996 825 0 958 221 989
-737 -919 -138 -105 -2 -919 -549 -982 0 -966 -47 -761 -223 -530 -962 0 -986 0 0 -705 -488 -309 0 -924 -709 0 -242 -305 -952 -464 -155 -884 -815 -1000 -996 -905 -235 -253 -137 -797 -19 -708 -997 -736 -558 -113
0 0 690 293 901 412 0 839 960 37 1000 838 964 275 214 940 0 375 376 969 432 0 926 627 201 931 255 306 0 852 960 779 592 904 0 781 179 693 256 570 852 987 928 31 831 360
-806 -835 0 -406 -850 -553 0 -953 -196 -994 0 -917 -721 -999 -502 -953 -944 0 -464 -789 -631 -1000 -231 -996 -61 -836 -195 0 -997 -290 -747 -1000 -169 -895 -875 0 -374 -455 0 -269 -375 -844 -560 -964 -145 -79
244 687 919 985 655 0 115 152 0 274 32 618 2 72 27 935 645 1000 990 37 0 490 217 998 0 667 950 239 993 0 540 286 657 138 308 0 749 997 999 984 956 390 228 332 972 647
-987 -431 -914 -55 -805 0 0 -821 -88 0 -840 -661 -951 0 -481 -8 -906 -676 -93 -668 -349 -531 -849 -847 -327 -688 0 -201 -98 -869 -467 -87 -688 -999 -886 -958 -160 -998 -796 -822 -610 -625 -264 -53 -843 -899
787 881 394 0 555 450 802 802 759 41 822 992 332 0 627 905 0 685 210 994 0 1 922 849 257 221 1000 937 899 956 324 217 968 364 1000 683 0 983 443 0 551 352 0 56 630 656
-417 -984 -987 -697 -131 -940 -843 -211 -456 -957 -583 -988 0 0 -937 -498 -981 -670 -752 -310 -592 -977 0 -224 -857 -720 -762 -601 -24 -231 -767 -980 -983 -963 -351 -728 -48 -531 -989 -432 -999 -403 0 -273 -697 -97
0 358 0 993 791 28 988 985 818 175 854 0 609 279 861 178 11 997 292 37 560 650 24 275 835 0 536 0 1000 282 931 513 924 78 718 487 714 0 871 855 945 0 30 411 607 972
-421 -853 -953 -565 -111 -992 0 -122 -858 -733 -902 0 -1000 0 -219 -118 -734 -982 -245 -276 -28 -689 -255 -156 -818 -18 -659 -825 -931 -858 -996 0 -939 -995 0 0 -996 -772 -624 -842 -144 -990 -669 -489 -865 0
732 110 52 876 873 906 645 961 18 431 998 806 938 0 919 999 612 322 655 308 3 107 0 997 420 645 38 952 661 129 899 0 546 0 961 981 826 954 884 663 995 0 981 950 574 72
-787 -582 -44 -318 -279 -663 0 0 -610 -606 -984 0 -993 0 -738 -995 -343 -915 0 -550 -980 0 -915 -536 -60 -509 -242 -657 -957 -939 0 -933 -34 -968 -1000 -129 -522 -78 -455 -256 0 -777 -818 -484 -985 -421
902 930 452 30 0 0 615 0 92 335 797 0 699 499 1 800 969 772 941 993 570 359 15 547 987 749 694 680 164 0 597 927 0 614 966 814 360 898 265 634 889 764 874 566 96 0
-413 -614 -916 -150 -836 0 -814 -998 -995 0 0 -755 -74 -139 -934 -936 -561 -758 -997 -3 0 -992 -995 -968 -68 -884 0 -732 -837 -286 -557 -431 -181 -187 0 -999 0 -860 -56 -821 -999 -69 -206 -986 -1000 -798
842 39 405 477 905 571 345 285 797 595 952 566 85 930 901 992 561 685 0 771 840 896 0 1000 92 776 497 859 397 893 91 781 680 516 991 914 875 0 50 989 0 998 993 21 712 328
0 -764 -1000 0 -962 0 -21 -55 -435 -633 -675 -1000 -997 0 -287 -104 -255 -142 -1000 -1000 -456 -989 0 -482 -83 -307 -659 -37 -194 -570 -968 -57 -1000 -905 -343 -998 -373 0 -326 -162 -37 -931 -504 -547 -234 0
960 981 590 0 696 998 916 795 940 541 68 742 1000 1000 10 0 939 561 0 0 996 735 962 204 807 850 216 0 639 55 11 839 0 198 843 0 0 381 803 70 205 884 346 764 143 998
-81 -110 -736 -920 0 -812 -284 -911 -624 -635 -998 -396 -5 -943 -832 -859 -685 -1000 -968 -686 -98 0 -474 -461 -1000 -873 -490 -908 -881 -932 -399 -855 -997 -98 -620 -40 -138 -670 -393 -186 -974 0 -274 -422 -497 -206
867 347 987 900 922 202 993 250 956 35 816 0 425 941 1000 902 0 627 463 903 857 38 22 753 364 29 14 345 874 49 695 843 809 731 980 366 14 647 978 935 919 314 634 657 957 414
-543 -940 -109 -899 0 -10 -129 -556 -624 -985 0 -840 -932 -645 -171 -8 -957 -580 -372 0 -725 0 -844 -622 0 -997 -95 -648 -957 -254 -739 -214 -998 0 -963 -1000 0 -670 -646 0 -968 -997 0 -260 -396 0
