75 72
0 49 683 987 546 50 140 0 762 0 996 27 629 716 127 504 995 904 394 931 0 113 205 82 949 334 489 491 993 914 525 0 0 621 927 55 224 992 89 0 949 75 901 1000 1000 162 699 366 989 266 351 119 758 820 55 333 654 479 82 817 996 555 998 748 89 1000 199 956 988 153 894 434
-998 -120 -243 -474 -1000 -753 -485 -800 -924 -968 -728 -247 -265 -548 -515 -240 -570 -472 -204 0 -418 -577 -312 -996 -117 -884 -59 -868 -69 0 0 -818 -729 -202 -747 -952 -998 -999 -550 -740 -1000 0 -991 -560 0 -257 -549 -562 -135 -460 -62 -815 -577 -470 -648 -983 -974 0 -160 -656 -852 -444 -331 -398 -795 -918 -633 -77 -769 -733 -408 -105
58 928 325 694 574 1000 47 821 0 687 1000 781 999 458 20 978 77 993 0 0 792 746 269 93 64 840 0 877 166 728 563 570 0 982 0 453 962 0 966 591 89 928 326 1 531 556 998 893 802 242 985 0 333 719 759 712 378 517 840 873 448 196 846 0 611 217 929 1000 536 16 132 619
-683 -559 0 -249 -556 0 -263 0 -1000 -353 -768 -467 -652 -618 -988 -607 -589 -897 -248 -879 -970 -408 -995 -467 -709 -992 -284 -1 -793 -998 -929 -33 -968 0 -729 0 -934 -989 -946 -852 -829 -5 -201 -23 0 -882 -41 0 -900 -836 -185 -997 -602 -640 -949 -157 -500 -654 -918 -526 -77 0 -631 -753 -948 -871 -56 -819 -663 0 -868 -83
725 873 638 953 963 613 0 1000 609 583 942 266 719 521 58 592 779 37 0 694 44 33 664 871 635 587 1 368 0 0 410 865 545 27 560 581 298 849 969 471 812 830 578 350 727 761 0 335 492 0 0 119 980 854 794 564 785 113 788 485 0 0 133 355 125 624 305 0 985 8 0 426
-72 -994 -325 -869 -357 -50 -187 -869 -72 -870 -39 -528 -205 -549 0 -1000 -865 -69 -180 -822 -649 0 -516 -434 -12 -9 0 -131 -938 -796 -849 -706 -996 -994 -935 -479 0 -689 -999 -473 -511 -823 -896 -332 -389 0 -306 -311 -434 -840 -360 -560 -304 -918 -837 -988 -990 -414 -956 -434 -999 -709 -384 -998 -280 -993 -782 -968 -658 -883 -115 -987
327 965 0 897 557 992 949 807 894 679 814 578 0 917 772 360 998 732 1 143 519 984 395 900 0 0 789 123 632 980 291 974 963 0 357 992 154 829 955 0 974 973 859 420 902 827 896 688 0 415 451 343 118 676 737 999 0 985 820 626 865 770 0 1 520 502 533 288 922 152 33 334
-968 -995 -909 -998 -820 -957 0 -753 -701 -907 -16 -947 -561 -924 -3 -973 -809 -972 -991 -174 0 -518 -335 -424 -712 -202 -15 -782 0 -994 -802 -370 -825 -905 -17 -678 -912 -463 -254 -310 0 -819 -517 -285 0 -189 -994 -954 -994 -17 -778 -435 0 0 -718 -215 -358 -522 -266 0 0 -41 -404 -807 -855 -120 -65 -919 0 -841 -945 -758
999 378 49 988 123 991 748 944 0 991 863 0 190 600 540 908 956 673 927 429 895 427 967 720 315 921 787 884 272 55 0 0 932 252 853 957 601 906 24 197 985 542 920 595 996 270 992 906 987 0 191 305 191 970 999 978 146 995 892 607 871 599 213 961 820 981 969 253 531 499 963 946
0 -478 -47 -122 -158 -966 -933 -7 0 -993 -648 -47 -804 -857 -708 -778 -95 0 -883 -245 0 -964 -810 -549 -66 -775 -988 -275 -971 -6 -909 -973 -989 -340 -633 -993 -882 -996 -917 0 -935 0 -980 -989 -695 0 -979 -423 -818 -979 -763 0 -575 -407 -703 -257 -334 -573 -999 -930 -1000 -995 0 -612 -761 -965 0 0 -861 -459 -995 -865
108 39 935 617 877 515 785 514 534 671 767 974 317 680 937 971 0 981 693 997 598 971 0 808 984 868 0 709 0 645 487 827 511 270 785 6 2 428 0 691 0 494 0 961 991 999 992 951 467 941 50 998 486 995 791 546 5 172 947 988 561 61 839 734 31 95 0 500 396 1000 999 867
-970 -958 0 -653 -93 0 -737 -48 -555 -969 0 -933 -30 0 -245 -6 -617 0 -857 0 -1000 -886 -1000 -955 0 0 -870 -929 -981 -648 -998 -447 -272 -438 -408 -258 -792 0 -884 -939 -91 0 -864 0 -909 -997 -182 -798 -895 -771 -12 -827 -280 -316 -865 -687 -418 -920 -455 -445 0 0 -903 -694 -922 -220 0 -950 -244 -975 -1000 -914
1000 192 983 893 974 1000 735 981 0 691 115 0 536 0 388 960 0 0 992 516 1000 830 169 1000 664 790 675 418 455 991 283 999 0 168 870 632 754 300 516 701 613 640 0 0 70 53 367 20 522 128 649 664 408 872 0 1000 399 0 321 90 895 724 305 0 0 625 0 387 510 846 748 430
0 -1000 -368 -487 -886 0 -422 -996 -994 -997 -580 -380 -1000 -848 -551 -960 -986 -499 -322 0 -966 -1000 -29 0 -980 -998 -795 -881 -1000 -350 -455 -982 -960 -977 -648 -636 -921 -994 -999 -233 0 -745 -430 0 -958 -550 -653 0 -140 -693 -816 -429 0 -851 -676 -481 0 -553 -1000 -818 0 0 -621 0 -808 -690 -60 -44 -592 -964 -910 -979
989 0 0 263 1 653 54 173 115 980 391 998 0 551 885 0 956 463 922 989 999 729 978 65 862 11 388 94 913 705 0 815 820 388 137 393 901 941 590 474 936 231 283 2 27 984 15 671 77 999 417 858 0 915 0 1000 991 949 0 879 965 499 88 299 67 894 302 1000 239 137 760 715
-950 -487 -16 -505 -904 -763 -998 -206 0 -924 0 -723 -486 -853 -76 -173 -771 -657 -91 -290 -84 -530 -355 0 -357 -986 -991 -63 -76 -350 0 0 -992 -151 -931 -144 -753 -214 -981 -704 -933 -712 -270 -396 -996 -636 -677 -378 0 -906 -372 -219 -866 0 0 0 -392 -833 -708 0 -528 -455 -898 -839 -722 -281 -157 -850 0 -363 -858 -717
5 173 0 0 941 603 181 0 178 0 478 676 998 0 386 658 0 970 984 194 686 684 880 496 809 14 42 998 0 495 668 0 343 956 974 999 0 0 132 216 1000 0 321 253 905 37 966 987 118 614 559 1000 350 1000 287 0 116 939 0 44 0 664 0 409 411 756 0 273 808 950 432 181
-176 -972 -114 -947 -118 -738 -132 -430 -971 -226 -992 0 0 -382 -995 -952 -188 -240 -930 -186 -958 -535 -974 -368 -993 -801 -125 -339 -826 -607 -306 -626 -949 0 -750 -891 -663 -302 0 -756 -905 0 -842 0 0 -377 -432 -2 -245 -983 -367 -244 -991 -327 -558 -648 -965 -1000 -619 -996 -805 -768 -942 -742 -318 0 -257 -7 -698 -564 -58 -877
257 652 278 852 713 335 0 692 461 660 919 0 424 965 0 16 424 865 63 630 0 639 850 65 1000 383 342 989 496 737 576 1000 723 0 332 966 0 254 53 808 364 126 20 0 35 976 0 220 750 930 998 104 962 775 787 126 0 112 571 49 53 0 1000 465 684 988 958 538 932 986 493 985
-148 -726 -798 -84 -524 -3 -121 -157 0 -501 -206 -996 -442 -735 -782 0 -856 0 -998 -14 -587 -1000 -557 -439 -623 0 -31 -61 -367 -952 -853 -855 -151 -381 -609 -856 -384 -730 0 -869 -770 -992 -987 -849 -995 -601 -356 -33 -116 -55 -7 -966 -818 -466 -995 -189 -195 -146 -442 -991 -299 0 -966 -952 -1 0 -192 0 0 -391 -894 -852
95 177 471 886 458 833 568 574 290 993 1000 844 686 887 0 75 966 897 0 0 198 947 907 860 477 999 42 965 1000 860 820 990 864 940 999 483 910 991 956 980 139 989 603 389 994 0 813 871 674 170 1000 987 0 755 0 861 0 203 918 861 733 318 944 995 642 419 0 615 798 353 634 394
0 -9 -911 -179 0 -930 -4 -896 0 -717 -532 -963 -786 -731 -241 -24 -673 -989 -988 0 -706 -298 -387 -810 -995 -929 -994 -928 -100 0 -576 -142 -567 -870 -207 -930 -697 -11 -296 -945 0 0 -240 -32 -938 -717 -1000 0 -573 -962 -393 -371 -924 -791 -987 -987 -358 0 0 -613 -514 -522 -631 -15 -945 0 -376 -900 -436 0 -350 -950
392 815 0 618 229 877 4 936 220 472 1000 0 390 488 744 508 774 355 69 98 667 0 2 983 316 245 930 546 975 35 250 761 0 473 755 389 585 238 326 971 84 148 940 879 148 322 183 101 133 242 156 974 760 211 288 999 579 154 0 353 217 995 764 543 0 0 651 893 228 340 258 730
-959 -220 -239 -206 -802 -962 -302 -973 -86 -18 -642 -13 -476 -378 -384 -981 -939 -655 -83 -733 -994 -51 -962 -958 -10 -210 -255 0 -103 -898 0 0 -33 -72 -199 0 -1000 -135 -296 -387 -932 -999 -893 -249 -411 -826 -357 -942 -722 -623 -770 -916 -921 0 -965 -831 0 -993 -400 -474 -233 -604 -910 -996 -992 -108 -7 -909 0 -639 -972 -980
669 623 943 605 628 485 0 999 760 756 668 891 569 668 1000 147 941 360 953 371 429 929 958 635 0 764 828 0 924 697 543 0 0 988 16 842 463 525 828 0 912 90 636 0 495 213 282 962 282 719 400 63 990 947 153 999 0 988 1000 931 994 2 0 908 912 217 0 423 192 0 0 994
-993 -999 -643 0 -831 0 -925 -269 -993 -920 -890 -610 -485 -985 -101 -145 -959 -81 0 -930 -13 -849 -991 -994 -775 -938 -977 -395 -43 -988 0 0 -980 -711 -353 0 -695 0 -545 -477 -499 -29 -273 -78 -923 -66 0 -1000 -393 -854 -1000 -902 -47 0 0 -990 -689 -753 -243 -390 0 0 -160 -861 -888 0 -177 -999 -915 -216 -333 -212
688 0 904 385 418 0 524 663 316 259 216 0 4 211 506 593 566 24 603 566 937 0 994 1000 255 28 977 998 52 928 270 459 570 727 719 953 913 118 357 878 180 722 999 942 352 0 232 983 361 328 97 526 344 171 674 908 24 1 0 119 401 868 850 985 406 1000 0 419 308 994 909 31
-865 -433 -992 -994 -623 -508 0 -890 -4 -784 -251 -999 -827 -12 -135 -30 -663 0 -345 -765 -616 0 -48 -987 -366 -1000 0 -498 -98 -273 -389 -633 -387 -190 -929 -654 -672 0 -676 -319 -989 -1000 -691 -803 -325 0 -329 -461 -638 -957 0 -895 -897 -993 -527 -746 -523 -811 -689 -972 -57 -894 -597 -958 -996 -365 -455 -991 -134 -416 -349 -451
255 0 484 11 357 0 78 0 619 920 997 862 293 0 0 981 782 1000 595 926 812 412 451 855 0 0 67 523 6 0 250 792 999 0 777 47 207 0 326 535 892 1000 998 902 658 321 394 686 333 992 0 640 3 876 0 24 606 792 797 525 212 469 307 118 975 0 988 953 332 32 317 933
-694 0 0 -605 -68 -292 -2 0 -149 -775 0 -289 0 -955 -599 -572 -925 -964 -792 -333 -632 -693 -679 -554 0 -996 -323 -273 -643 -622 -631 -464 -796 -30 -995 -105 -886 -91 -829 -840 -582 -845 -8 -270 0 -834 -549 -193 -934 -635 0 -724 -419 -55 0 -999 0 -233 -996 0 -98 -976 -985 -976 -153 -706 -70 -997 -8 -930 -961 -109
658 0 16 750 882 526 989 14 82 805 925 111 82 970 928 989 998 0 749 809 773 733 954 0 0 946 714 977 715 516 0 540 514 454 596 524 0 941 525 847 577 519 665 0 0 237 274 555 980 114 662 914 0 155 787 339 639 991 480 730 990 723 12 878 965 761 731 47 366 665 998 990
0 -618 -976 -281 -454 -879 -768 0 -927 -962 -376 0 -15 -670 -1000 -870 -67 -173 -863 -748 -327 -788 -114 -416 -991 -65 -677 -859 -441 -694 -988 -353 -897 -692 -657 -254 -61 -857 -606 -850 -985 -297 -291 0 -4 0 -669 -987 -520 0 -993 0 -920 -329 -965 -895 -953 -789 -684 -195 -351 -974 -18 -5 0 -84 -41 -896 -975 -212 -826 -633
144 284 0 906 237 775 777 870 0 867 411 774 0 188 45 869 616 0 912 337 435 383 88 367 0 507 0 138 816 562 258 0 543 605 225 789 0 67 117 724 529 381 597 579 821 533 534 814 847 680 570 88 611 930 651 5 972 815 0 169 494 322 817 869 433 908 147 953 802 0 576 0
-711 -964 -645 0 -595 -322 -308 0 -14 -266 -482 -363 -80 -893 -996 -634 0 -797 -910 -700 -124 -719 -171 0 -1000 -330 -738 -196 0 0 -867 0 -947 -986 -991 -966 -694 0 -435 -990 -105 -429 -999 -918 -613 0 -111 -135 -493 -922 0 -984 -880 -150 -252 -983 0 -170 -55 -720 -463 -949 -277 0 -308 -222 -986 0 -798 0 -926 -907
0 223 33 0 600 981 648 935 217 461 760 538 0 226 813 0 372 993 548 870 38 506 0 885 1000 893 349 1000 0 0 0 155 0 550 882 831 942 975 802 173 592 716 1000 858 536 187 0 616 638 979 119 999 473 910 694 219 384 961 996 348 0 769 934 604 440 54 122 454 516 951 0 77
-359 -276 -941 -899 -249 -901 -244 -824 -998 -713 0 -431 -1000 -12 -119 -870 -495 -13 -953 -3 -15 -82 -37 -528 -972 -174 0 -979 -694 -102 -764 -656 -295 -995 -952 0 -994 -876 -34 0 -685 -81 0 -499 0 -971 -298 -233 -438 -816 0 -651 -980 0 0 -968 0 0 -203 -988 0 -871 -996 -758 -14 -307 0 0 -759 -532 -973 -986
32 731 998 307 713 996 351 145 953 966 294 616 107 996 0 680 789 97 796 100 324 1000 958 447 176 552 643 0 180 998 456 11 986 981 302 79 391 51 374 5 398 205 340 34 996 671 329 863 211 947 397 0 0 999 184 612 571 0 41 964 7 817 19 596 999 997 194 470 305 0 768 4
-867 -264 -359 -624 -260 -65 0 -509 -834 -218 -40 0 -500 0 -816 -260 -659 -718 -972 -576 -612 -338 0 -884 -499 -999 -629 -42 -960 -5 -152 -673 -948 0 -982 -589 -501 -288 -55 0 -1000 0 -162 -994 0 -310 -489 0 -994 -929 -446 -688 0 -981 -670 -960 -13 -28 0 -848 -337 -28 -932 -539 -674 -964 -219 -10 -621 -351 -882 -930
911 1 932 714 80 567 607 2 997 131 96 983 564 805 914 927 0 453 0 610 937 0 712 170 981 821 840 0 574 873 28 133 991 985 32 407 973 86 1000 895 100 966 883 965 137 655 846 995 420 995 763 0 973 445 400 0 557 938 345 40 849 985 0 0 599 50 45 225 0 82 376 914
-994 -970 -572 -157 -284 -992 -463 -998 -205 -342 0 -858 0 -819 -560 -31 -49 -995 -995 -543 -934 -365 -201 -110 -916 0 -99 -448 -877 -909 -713 -423 -992 -709 0 -226 -686 -703 0 -465 0 -1000 -104 -331 -1000 -103 -612 -220 -550 -577 -992 -9 -410 -890 -775 -979 -312 -182 -891 -901 -988 -886 -903 -866 0 -744 -939 -42 -356 -934 -634 -627
996 909 875 24 364 576 210 85 0 0 871 685 364 993 928 671 178 947 298 728 340 0 79 313 903 765 22 485 270 42 825 799 790 972 907 940 882 375 819 0 995 865 534 868 954 978 242 769 907 786 296 987 303 982 0 185 983 546 930 408 0 175 37 0 388 953 692 306 0 996 194 739
-625 -772 -988 -525 -180 -679 0 0 -980 -94 0 -1 -1000 -808 -563 -632 -961 -374 -1000 -871 -11 -750 -206 -546 0 -611 -770 -929 0 -1 0 -246 -393 -238 -297 -638 -392 -167 -246 -998 -510 -416 -231 -491 -930 -370 -576 -219 -960 -320 -947 -973 -245 -815 -843 -551 0 -890 -979 -897 -588 -459 -834 -242 -632 -891 -585 0 -431 0 -812 -901
979 255 443 332 999 369 721 736 845 859 905 0 548 319 617 324 728 57 735 868 830 147 230 998 701 776 637 0 897 982 588 983 980 184 352 518 948 832 1000 964 848 0 188 10 42 490 534 83 240 164 567 792 0 933 923 979 929 636 543 847 516 993 888 941 0 226 905 77 998 729 980 209
-579 -209 -999 -917 -710 -942 -109 -845 -486 -937 -23 -24 -469 -57 0 -669 -160 -484 -936 -985 -695 -987 0 -282 -509 -320 -338 -993 -818 -429 -957 -912 -970 -680 -138 -689 -691 -741 -990 -684 0 -941 -987 0 0 -820 -682 -528 0 -117 -864 -901 -320 -812 -976 -379 -121 -935 0 -135 -117 -957 -102 -950 -818 -56 -389 0 -890 -73 -451 -613
331 160 992 0 714 571 265 205 0 925 930 886 758 997 481 586 255 935 114 820 716 887 571 974 83 169 841 0 913 0 871 931 56 182 630 992 986 109 0 987 18 0 963 992 46 14 929 0 279 395 50 0 310 40 0 335 782 811 0 780 761 0 304 970 953 714 41 897 13 714 39 791
-149 -131 -427 0 -127 -131 -932 0 -857 -969 0 -882 -515 0 0 -696 -974 0 -531 -8 -542 -897 -675 -999 -140 0 -967 -658 -927 -968 0 0 -106 0 -671 -72 0 -280 -653 -435 -222 -90 -800 -244 0 0 0 -950 -910 -770 -152 -19 -503 -199 -688 -64 -969 -908 -906 -928 0 -33 0 -302 -498 -844 -3 -259 -70 -945 -210 -118
225 535 113 518 565 860 816 44 162 307 0 998 659 625 101 730 534 437 178 639 1 323 648 590 240 725 0 997 787 0 0 7 536 225 177 789 0 736 315 449 26 986 770 411 191 998 309 179 890 600 169 845 1000 798 716 978 81 5 142 923 964 669 7 1 417 472 459 1000 860 1 0 152
-865 -129 0 -109 -947 -278 -157 -669 -67 -934 -457 -920 -994 0 -780 -1000 -567 -778 0 -984 -765 0 0 -991 0 -776 -997 -69 -945 -303 -534 0 -351 -619 0 -7 -128 0 -487 -978 -952 -950 -1000 -498 -734 -164 0 -828 0 -232 -989 -1000 -561 -804 -947 0 -119 -952 -32 -130 -349 -451 -726 -676 -84 -990 -767 -669 -706 0 -997 -990
0 970 177 907 37 372 737 904 786 0 874 0 587 0 825 571 655 516 847 841 394 227 0 703 10 839 44 0 71 884 0 715 950 597 187 8 593 542 822 436 115 0 166 409 676 263 37 188 893 992 761 191 83 0 689 934 920 853 961 24 289 0 1000 915 988 150 849 206 959 525 685 827
-334 -873 -638 -904 -27 -306 -994 -471 0 -993 -660 -68 -898 -778 -975 0 -996 -816 0 -631 -765 0 -49 -986 -896 -86 -570 -60 -958 -1 -969 -777 -456 -198 -911 -878 -756 -997 -393 0 -415 -220 -912 -983 -935 -571 -949 -391 0 -798 -815 -85 -868 0 0 0 -37 0 -141 -154 -778 -920 -381 -266 -203 -543 -995 -1000 -615 -1000 -167 -374
986 814 0 142 471 0 957 0 0 0 718 244 443 800 0 999 145 0 997 999 908 747 953 149 0 973 994 974 0 702 697 603 22 683 414 880 933 542 132 0 475 638 674 975 734 210 0 983 1000 0 76 145 91 817 125 884 575 953 801 620 844 114 55 471 616 152 955 0 243 65 528 583
-601 -639 -789 -221 0 -1000 -788 -315 -960 0 0 -199 0 -849 -494 -167 -730 -474 -512 -682 -575 -997 -11 0 -246 -760 0 0 -479 -140 -694 -599 -672 -4 -167 -969 -429 -990 -990 0 -943 -918 -113 -985 0 0 -633 -149 -786 -639 -964 -56 -329 -68 0 -847 -911 0 -786 -887 -125 -668 -728 -621 -219 -198 -61 -630 -779 -570 0 -1
324 638 604 351 930 764 0 987 818 616 280 206 0 560 0 0 123 989 991 583 350 171 0 0 999 73 940 902 0 5 373 997 701 96 966 258 961 436 362 0 348 160 888 788 0 231 856 901 0 998 959 810 204 6 698 830 38 0 773 919 953 789 480 0 0 749 321 0 779 181 871 289
-376 -134 -13 -979 -94 -473 -783 -785 0 -869 -699 -503 -919 0 0 0 -988 0 -463 -149 -56 0 -283 0 -521 -235 -783 -935 -995 -406 -990 -988 0 -678 -193 -520 -669 -557 -863 -996 -26 -874 -398 -995 -13 -73 -989 -427 -871 -795 -988 -1000 -998 -552 -918 0 0 -193 -15 -457 -1000 -695 -373 0 -999 -653 -57 -101 -344 -105 -945 -922
182 22 369 965 214 983 906 7 988 732 157 991 978 0 156 612 611 197 191 957 0 377 982 254 69 960 279 0 27 17 0 940 999 0 0 315 450 149 39 997 0 859 354 996 990 929 90 782 810 848 848 250 54 108 203 0 29 897 111 0 967 616 995 784 237 946 677 118 0 249 539 942
-730 -553 -398 -1000 -915 -195 -216 -283 0 -591 -627 -402 -637 0 -94 0 -960 0 -102 -971 -825 0 -57 -558 -757 -911 -360 -505 -738 -955 -451 -165 -408 -655 -10 -976 -578 -481 -838 -916 0 -961 -808 -663 0 -993 -792 -37 -846 -878 -896 -554 -951 -149 -661 0 -304 -114 -959 -14 -517 -631 -688 -715 -906 -319 -589 -984 -142 -241 -784 -997
0 207 997 595 927 641 636 902 975 132 0 0 767 0 0 957 1000 825 853 299 57 998 904 0 488 271 711 647 882 272 370 944 270 105 228 890 999 284 0 0 982 375 606 909 0 355 0 179 1000 790 0 999 309 872 88 837 999 244 0 774 76 0 686 833 997 996 993 972 496 0 0 931
-967 -175 -168 -977 -222 0 -624 -785 -397 -866 -325 -113 -585 -475 -879 -791 -988 -974 -989 -644 -672 -3 -677 -67 -237 -348 -709 -71 -745 0 -537 -924 -694 -574 -942 -743 -37 0 -981 -958 -278 -977 0 -25 -11 0 -161 -20 -563 -279 -896 -940 -924 -863 -737 -283 -995 -3 0 -689 -933 -387 -8 -976 -803 -577 -940 -312 -669 -590 -804 -242
88 190 0 449 0 764 318 596 970 228 998 421 165 193 0 998 254 5 999 48 815 4 963 828 713 730 494 465 0 780 886 317 102 37 922 431 786 0 967 860 359 17 28 997 15 213 367 744 457 174 502 86 828 181 0 0 331 0 988 969 999 726 354 813 997 165 534 454 131 380 0 992
0 -138 -324 0 -334 -572 -592 -465 -991 -436 -919 -577 -378 -648 -602 -873 -974 -918 -137 -711 -894 0 0 -373 -995 -886 -676 -312 -23 -151 -650 0 -507 -677 -724 -268 -892 -546 -616 -537 -353 -805 -881 -658 -992 -438 -78 -59 -354 -142 -193 -206 -639 -512 -928 -823 0 -886 -633 -757 -774 -852 -871 -803 -955 -999 -305 -221 -2 -676 -45 0
0 979 589 999 985 534 114 186 364 878 105 0 108 633 0 411 799 726 427 0 86 0 989 983 882 964 940 144 0 484 0 733 878 950 967 138 3 105 556 401 981 682 99 287 325 776 268 97 669 969 280 133 746 132 116 952 981 869 9 520 0 876 735 995 975 107 507 986 690 700 358 486
-11 -270 -587 -730 -807 -39 -988 -59 -994 0 -27 -906 -169 0 -973 -323 -686 -775 0 -521 -975 -564 -998 -936 -970 -51 -779 -995 -18 0 -373 -982 -767 -444 0 0 -31 -912 -966 -391 -729 0 0 0 -989 -447 0 -536 -225 0 -115 -130 -908 0 -29 -967 -915 -521 -760 -763 -163 0 -754 -864 -229 -175 -252 0 0 -871 -980 -845
283 28 692 903 0 531 0 888 508 995 694 999 978 896 272 767 742 133 788 40 997 953 1000 132 79 984 916 478 539 0 985 21 982 265 0 351 125 600 679 760 958 994 334 83 730 0 0 890 738 995 336 0 999 891 993 0 80 445 3 999 848 949 987 664 587 127 0 925 40 443 0 27
-635 -689 -997 -755 -852 -900 -780 -90 -685 -802 -503 -744 -914 -1000 0 0 0 -414 -998 -397 -427 -822 -23 -20 -739 -975 -188 -938 -749 0 -48 -197 -274 -697 0 0 -808 -991 -54 -363 -853 -918 -674 -885 -172 -962 -1000 -480 -274 -991 0 -850 -970 -994 -830 -227 -764 -992 -710 -899 -998 -84 -963 -205 -924 -306 -947 -828 -474 -244 -783 -221
588 944 0 971 630 150 999 960 11 687 293 689 552 812 776 0 41 981 0 242 0 992 945 750 494 265 618 340 782 643 840 89 964 809 997 0 793 0 568 830 0 0 210 997 986 999 728 964 543 187 63 80 819 484 987 984 436 55 675 940 112 0 703 672 190 94 677 253 0 303 710 67
-678 -541 -431 -481 -99 -237 -968 -1000 -890 -633 -892 -819 -319 -67 -940 -990 -986 -492 -982 -950 -987 -457 -839 -51 -677 -960 -269 -974 -730 -757 -248 -999 0 0 -427 0 -927 -891 -969 -842 0 -981 -279 -317 -45 -937 -313 -220 -998 -36 -866 -750 -89 -957 -510 -452 -779 0 -983 -980 -916 -687 -732 -326 -184 -850 -935 -313 -885 -122 -237 -938
912 951 0 251 389 873 983 58 942 985 137 984 491 702 17 582 224 320 794 733 765 801 986 361 90 791 213 944 0 43 244 380 131 304 431 215 949 513 511 412 0 197 417 596 71 979 0 13 407 0 207 155 388 246 229 966 96 467 996 264 987 297 16 840 736 999 988 628 774 321 0 0
-697 -807 -477 0 -970 -991 0 -397 -959 -677 -840 -996 -955 0 -463 -977 -910 -305 -878 -519 -757 0 0 -795 -995 -910 -848 -995 -582 -575 0 -973 -308 -89 -371 -719 -105 0 -980 -241 -996 -861 -77 0 -644 -343 -270 -225 -942 -287 -882 -961 -973 -535 -998 -715 -990 -728 -737 -978 0 -317 -489 -922 0 0 -686 -997 -690 0 -966 -173
819 0 557 6 981 83 980 225 33 598 94 259 496 206 948 135 117 892 340 727 827 0 468 232 750 340 791 417 550 704 864 306 37 207 202 971 459 343 665 776 807 956 803 501 278 753 711 573 522 761 769 132 0 927 1000 1000 386 179 78 954 238 780 492 2 966 754 179 879 0 977 919 0
-998 -182 -160 -185 -766 -601 -888 -775 -485 -2 -114 0 -793 -1000 -2 -998 -992 -79 0 -481 -800 -988 -446 0 0 -850 -619 -489 -298 -36 -607 0 -4 -838 -268 -472 -6 -90 -354 -336 -920 -675 -938 -711 0 0 -456 -173 -90 -305 -154 -972 -947 -924 -461 -998 -420 -126 -491 -47 -807 -560 0 -748 -922 -993 -897 -803 -568 -446 -501 -961
78 324 138 721 33 683 931 77 872 671 19 368 369 945 0 14 980 0 551 955 482 872 1000 45 7 325 923 467 0 321 0 369 464 110 765 562 579 326 888 997 913 660 999 8 133 0 979 594 650 211 741 765 313 308 0 697 858 329 0 228 0 857 410 216 596 694 697 690 315 242 741 983
-969 -714 -534 -997 0 -999 -574 -993 -980 -989 0 -13 -249 -176 -546 -836 -995 -981 -482 -257 -321 0 -820 -986 -313 -687 -765 -945 -900 -99 -124 -781 -293 -528 -661 0 -922 -1000 -992 -809 0 -780 -756 -985 -95 -568 -947 -996 -558 -1000 -76 -749 -89 0 -425 -779 -14 -120 -998 -282 -823 -992 -724 0 -981 -991 -978 -836 -670 -73 -927 -482
962 198 989 0 0 129 0 0 977 953 177 888 421 851 6 399 141 2 230 997 330 0 381 927 472 878 441 953 819 784 971 9 398 997 1000 872 246 1000 0 293 3 839 263 997 568 648 627 215 694 826 981 913 703 0 942 287 968 907 0 903 251 932 0 85 0 993 814 282 941 588 947 563
-468 -799 -994 -930 -57 -340 -859 -2 0 -99 -997 -963 -788 -605 -985 -648 -774 -956 -603 -7 -867 -562 -972 -696 -872 -8 -603 -527 -469 -767 -549 -926 -978 -868 0 -942 -943 -916 -858 -872 -995 -734 -856 -999 -426 -485 -259 -970 -706 -771 -670 -873 -719 -268 -759 -562 -968 0 -287 -126 -114 -974 -10 -164 -595 -51 -470 -21 -983 -253 0 -700
548 990 916 62 595 410 0 0 0 464 787 266 325 0 0 768 43 889 1000 536 1000 0 66 176 1000 30 622 907 0 0 45 902 0 41 364 348 558 968 61 329 767 517 237 257 927 702 0 763 1000 967 931 0 18 91 838 164 465 549 880 184 1000 946 680 804 989 884 896 875 0 735 836 983
