100 86
-60 0 -42 -46 -41 -14 -87 -35 -21 -16 268 0 -107 -50 -7 -64 0 -14 -78 -71 -46 -93 0 0 -15 -15 -62 -47 -33 325 -38 -1 -45 -20 0 0 -46 -123 0 0 -76 0 -1 -118 0 0 -25 0 0 0 -73 0 -80 -48 0 0 383 0 -107 0 0 -30 -27 -40 -57 -16 151 0 -49 -49 -32 -97 -36 0 -20 0 -71 -19 -37 -118 165 0 332 -17 -31 -34
-71 -32 0 -26 0 -11 0 0 -36 316 -71 -19 -3 -5 0 -23 0 -73 -47 0 0 0 0 -39 0 -26 0 -49 -34 -37 -19 0 -70 -43 -87 182 -20 -44 -79 377 -3 0 -10 0 -46 -78 -25 0 290 0 0 -30 -23 -28 -26 -88 -57 -11 -62 -50 -49 195 -43 -110 -37 -27 -5 -5 0 217 0 -47 0 -40 -16 -9 0 203 0 0 -14 -72 0 -40 -26 0
-25 -8 0 -42 0 0 -28 -41 0 -28 -12 119 -32 -7 -50 207 -51 -51 0 -33 -3 -68 365 316 -48 203 -8 -18 128 -88 0 0 -17 -64 0 -56 0 0 -38 -12 0 0 -116 0 0 -60 0 283 -41 258 -17 -53 -45 93 0 -34 289 -28 -45 -19 0 193 0 0 -48 -48 238 -4 -5 0 0 150 -37 -60 0 -31 0 -16 -67 -28 -35 -55 -35 0 -30 -16
0 -64 0 -37 0 -6 0 -12 -10 0 192 0 -5 0 -39 0 -50 -42 -78 0 0 150 0 -13 -55 -41 -34 0 533 -76 -31 -5 0 -35 0 -7 0 -33 121 160 -19 -45 0 -14 -37 0 175 0 -76 0 -47 -64 -92 -97 -84 -66 0 113 0 -15 -46 0 -26 -48 -57 0 269 0 -26 -41 0 178 -78 0 0 -51 -33 0 0 -79 -69 -95 0 -18 -17 190
-42 -6 -37 0 -99 -37 -30 0 207 244 0 -61 -11 0 -47 -46 0 -70 -44 0 -23 -13 0 -12 -49 0 0 66 -29 0 -100 -38 0 276 -36 0 -40 0 175 -75 -9 -22 189 0 -82 0 -38 396 -84 0 -31 -11 0 0 -26 -25 -41 -44 -24 -33 -39 0 -25 323 0 328 0 -9 -50 -36 0 -38 -12 0 -71 -48 -37 -27 0 0 -59 -48 -22 -81 -9 188
-49 0 0 0 -31 0 -43 -32 -2 -52 -17 0 -61 0 -4 0 -15 -40 -75 -87 -63 278 -5 -74 -15 146 -45 -23 0 0 282 -8 0 -45 -59 -42 -29 0 -34 -47 -60 -23 -45 -29 0 -52 -4 -57 -41 -95 0 -47 -25 187 0 0 -26 0 -46 -85 0 -99 -21 0 -50 -39 -49 -19 0 0 0 -65 159 -17 -76 -47 -6 -162 -44 -22 -61 258 -7 -110 0 0
-29 -61 -18 0 -56 0 -5 0 -41 -3 0 -66 -40 -90 0 0 0 -36 -24 239 -110 84 -96 222 -26 0 0 0 -61 -67 -19 -24 269 0 -83 -50 -58 0 0 0 0 -32 -97 -41 -32 273 -90 0 0 0 -83 0 0 -20 -7 -48 112 -8 -40 169 -41 -8 -22 -82 -59 230 169 0 -67 0 0 -25 -25 -35 -13 -62 -33 -57 -23 -42 0 0 0 -12 -33 -25
120 -70 -14 0 0 -38 -48 -42 255 -24 -34 -21 -80 -32 -48 0 0 0 -37 0 0 -46 -39 0 -47 0 -67 -30 -16 -45 -63 0 -47 -13 -46 0 -6 -35 -45 -42 -13 31 0 -97 0 -34 -11 266 -192 -83 0 0 -125 -20 -59 -93 -50 -44 0 -77 0 -16 -51 0 -20 -46 0 -80 0 -41 -35 270 -94 -87 0 293 -84 -52 -71 -26 0 -14 -28 -45 -88 -84
0 -45 -37 0 0 0 0 -16 -39 -77 -93 0 -29 -86 -43 -20 -2 -21 343 -24 0 332 0 -24 0 -9 0 -49 0 0 -89 -65 -93 0 -85 0 -5 0 0 -31 -26 0 0 -8 -14 0 0 -26 -62 0 -35 -8 0 0 0 0 -44 -37 0 0 -12 0 -50 -55 0 0 -29 0 0 273 162 245 -50 -43 0 0 0 -23 -35 -38 -98 269 -91 -44 -13 -26
-4 0 -12 -22 0 -47 -20 0 -13 0 310 0 136 -15 0 -20 0 -39 -71 -83 -120 -61 -24 -14 0 0 -64 0 0 0 -33 -35 -72 0 0 0 -10 -72 0 225 -31 -24 -47 -1 -99 -7 -17 310 -1 -26 0 -10 -46 -14 0 0 252 123 -59 0 171 -43 0 -31 -49 384 381 -82 -18 -10 0 -32 0 -19 0 0 0 -2 -138 0 -29 -45 345 0 -56 -16
-71 0 -7 0 0 -75 -56 0 0 0 -44 -45 -33 -45 -64 0 -61 0 363 -47 -50 0 -48 -34 -32 -52 -47 -59 -23 -76 -15 -38 -63 -37 -17 0 0 0 -124 -14 187 -40 -31 0 -41 0 0 0 320 0 -45 0 -18 0 -30 0 -29 0 0 0 -35 -102 260 -9 0 -7 -48 0 0 -73 -92 0 -6 -3 0 0 0 0 0 141 0 -31 -92 0 -30 0
-26 0 -46 -45 -42 -29 0 0 0 -77 -12 -32 0 -41 0 0 -76 -24 0 0 -20 -34 -71 -1 0 0 -39 -17 356 -42 0 -24 -17 147 -35 0 0 -42 0 0 -22 -60 -32 196 -31 0 -9 -106 -47 -55 -25 -50 318 -44 71 -74 0 -25 -50 -14 368 0 -56 -26 -29 -32 -24 -2 0 0 -2 -17 0 0 -21 0 -74 -9 435 379 0 -35 -44 -16 -26 -49
0 -19 152 0 -23 -27 -46 -56 -16 -42 -80 -20 -87 266 -27 0 -1 -38 0 -116 -34 -1 0 0 -43 0 -4 0 0 -85 -89 -39 -38 -78 -84 -94 82 -9 -31 -10 -48 -39 0 0 0 -20 -106 -13 0 -48 281 0 -41 -45 0 139 0 -46 -48 0 -39 -47 -40 -8 -50 0 -49 -44 0 0 276 -75 -19 -69 0 0 -73 0 -21 -13 -36 -32 0 0 0 0
-45 0 0 -68 -57 -7 -63 -33 -102 -49 -20 -29 0 0 0 -81 -8 -14 0 -23 -65 0 0 0 0 0 -1 -2 -21 0 -38 -89 -77 0 0 -4 -7 0 0 337 -11 0 0 0 0 -102 0 194 -15 0 0 -2 -28 0 0 266 0 -40 0 0 -38 0 0 0 -28 -61 -44 0 -1 -35 -38 -26 245 -27 -10 -49 -58 0 -55 0 -23 352 -34 133 -26 -18
-86 0 -76 432 -42 -47 0 -40 0 0 0 -46 -31 -16 -37 0 -45 -67 0 -71 0 0 -48 0 -27 0 -39 -17 -44 -26 0 -48 -28 -36 0 0 -19 165 0 0 -42 -48 0 0 244 0 0 0 0 -9 -5 -2 0 -42 -121 -56 -10 -50 272 -15 0 -45 -48 359 -28 -15 0 0 -16 -66 0 0 -67 -11 0 0 0 0 -29 0 -7 0 -36 0 -21 -102
0 0 0 -39 0 -63 189 275 -19 0 -38 -63 166 301 -72 -41 0 0 0 -77 -55 -30 -5 0 -5 -22 0 -46 -54 0 -89 -65 312 0 -120 -20 288 -23 -24 -13 -38 -50 -24 -33 0 -8 -42 -18 0 -83 -43 -55 -13 0 0 0 -63 314 -27 -38 -34 -57 -6 -34 -45 225 -53 -24 0 -78 -31 -38 -72 -2 0 0 -14 -12 0 -110 -9 -49 0 -9 0 -11
0 0 192 -91 0 0 -82 -14 -46 0 0 -25 -25 0 -17 -60 0 0 -27 0 -33 -49 0 0 0 -3 0 0 -113 -20 -12 0 -66 -72 -50 -1 0 0 -24 -26 -19 0 0 -45 -2 -16 0 -8 0 -6 0 -44 0 0 0 0 -37 -49 0 40 0 -42 0 -33 -25 0 -41 195 0 0 -7 -25 -115 0 -12 -46 -70 -7 0 462 -58 -49 -46 -50 0 0
-48 327 -62 307 -4 -61 -16 -28 -36 -47 -27 -87 -30 -38 -16 -2 0 -3 -46 -67 -34 -16 -35 0 0 0 -117 -21 -69 0 -46 0 0 0 -47 0 -5 0 349 295 0 -12 -55 -6 -16 -13 -18 -24 -81 0 0 360 290 275 -37 365 0 254 -40 0 0 0 0 -48 0 -25 0 162 -8 -37 0 -57 0 0 -69 -15 0 -44 -4 0 -8 -59 -106 -18 0 -8
-22 -8 -36 -2 0 -129 0 0 -19 245 -38 -60 -74 -4 -50 -27 -7 -64 0 0 -24 -46 -99 -39 -30 0 -92 -61 0 -8 381 -20 -46 -13 0 332 -20 0 0 -42 0 -32 0 -37 0 -28 -76 -18 -45 -19 -26 -3 -47 -50 0 364 -34 0 319 0 359 -63 0 260 -45 0 -39 -33 -40 0 -44 246 -55 0 -46 -97 0 0 -57 -34 0 -48 -4 0 -26 0
-67 -28 227 -33 -29 177 -38 0 0 -112 -33 0 -58 0 -34 -3 -45 0 -32 0 0 -3 -37 0 -27 -25 38 -15 254 0 0 0 -47 -75 81 206 0 -38 0 -61 -18 0 0 -19 0 0 -8 0 -30 0 207 0 167 -43 0 -54 -16 206 -76 -26 -46 -44 -31 -41 -28 -52 0 -64 -46 -39 0 0 -14 0 -61 -35 -94 -11 -18 0 -182 -34 -44 -24 173 -4
-33 -27 0 0 0 0 0 0 0 226 -20 -39 237 -14 -36 -31 0 149 -47 -25 520 0 -33 -77 0 -27 0 -21 0 -34 -109 -38 -13 -7 0 0 315 -83 -75 -48 -50 -4 0 0 0 0 0 0 0 -36 -50 -86 0 -42 -19 -1 -58 298 0 -24 -2 -18 -60 440 0 -43 -50 -64 0 0 -40 -66 -61 -23 -55 -30 0 -42 -39 -57 -77 -51 -21 0 -77 0
0 212 -47 0 -7 -35 0 0 -70 -41 -15 -21 -9 0 0 -5 -61 0 -18 -36 -26 -44 0 -9 0 -73 -51 -22 -49 0 -96 129 0 0 114 0 -23 -30 -39 0 -25 -43 -50 0 200 0 -25 0 -33 -14 0 0 0 -1 -55 0 -49 -1 0 -33 -19 196 0 0 0 -11 0 -52 -12 57 -93 -32 -28 -59 0 -41 -76 -51 0 -9 -40 -20 -33 0 -32 -18
0 0 -18 -10 -20 0 0 0 -36 0 0 -77 0 0 0 0 0 -56 -5 -39 -30 -38 0 0 -49 43 0 -21 -40 0 0 -18 -11 -3 -77 -134 -91 0 -20 0 0 -31 -33 -27 -15 0 0 -27 0 -113 0 0 -17 -26 -59 0 -38 0 -25 -26 -43 -8 -32 -59 0 87 0 -10 -17 -86 -33 -66 -20 -29 -12 -29 -79 0 0 258 -43 -21 -57 -12 0 0
0 -49 -20 -33 -82 -18 105 -34 -11 116 -30 147 0 -1 0 -110 0 165 0 -2 0 0 0 144 -119 -26 0 -12 -49 0 0 -14 -59 -54 0 417 -83 0 -35 -12 0 0 0 -55 0 -32 -14 0 -6 0 0 -49 0 -35 249 -11 0 -99 -25 -85 0 0 -33 198 0 -64 -52 -21 -16 -20 -60 -46 0 -7 -27 -9 -36 -28 -49 282 -31 -2 -105 -65 -29 -79
0 -84 0 0 0 263 -44 -80 -51 0 -54 -5 -21 -5 -90 236 -62 -28 -11 -43 -63 -45 -26 -18 -22 -106 -91 -95 -3 0 0 -34 -32 0 201 0 -27 -18 0 -67 91 -3 -77 -39 -78 203 0 -73 -49 -51 -35 -44 0 -49 -21 -49 -91 -52 206 -60 0 0 -45 -5 -14 360 0 -40 -18 0 -74 -69 -16 -23 0 -84 0 -41 -25 0 0 0 0 -99 0 -14
-87 248 -50 -62 0 -87 -53 -3 102 0 0 -46 -41 -13 0 -33 0 0 -36 -28 -38 254 -18 0 0 -8 172 0 0 0 -34 -7 89 -29 226 -24 -6 -114 -28 -9 -37 -47 -88 -45 0 246 -57 -8 261 -26 0 -37 -47 -23 0 -52 0 -33 275 -34 0 -11 0 0 0 -34 -35 0 0 -44 -87 0 0 -28 0 0 -42 -72 -28 -65 -56 271 -50 49 0 -19
-30 -60 -33 0 -39 -19 -26 -36 -75 0 -21 -105 -29 -38 -33 -23 339 0 0 0 0 -48 183 -22 0 0 -34 0 0 -48 0 -26 -50 -15 0 321 0 -33 -37 -34 -30 -7 -8 401 0 -7 177 0 -25 0 0 -46 -60 -4 -46 0 -27 0 -64 -23 -48 -48 0 -44 -27 -17 0 -70 -21 0 -23 209 -56 -15 -43 0 0 0 -14 0 0 -11 -39 -16 0 -51
-49 0 -71 -33 -28 0 -71 -14 0 0 0 0 -95 -31 168 -20 -32 -18 -41 0 82 -12 -30 -24 -52 -12 0 -66 -33 0 0 167 -32 0 -81 0 0 -37 50 -37 -12 -12 147 -31 0 -30 -46 -16 0 -49 244 0 -84 0 -20 -30 0 -14 -7 -35 0 0 0 0 0 -22 -42 -36 0 0 -30 0 -21 0 -72 -31 -45 0 0 -47 0 -34 -17 -43 -71 -16
-19 -21 -49 -4 -17 0 0 -11 -7 140 -40 0 0 -37 -1 0 0 -16 0 -13 -30 -1 -8 336 -38 0 -10 -4 137 0 -10 -64 236 0 0 -2 0 -36 -16 149 -10 205 -101 341 -24 -59 -49 0 0 -18 -44 -15 -62 0 -24 0 -46 -83 0 0 0 -13 262 0 -35 281 0 -38 0 -68 -4 0 0 -25 -28 0 272 0 -73 0 0 -47 0 0 -35 0
-43 -21 -61 -6 -32 -43 -41 -70 167 -67 0 -37 222 -5 -35 -10 -41 -32 0 0 0 0 0 0 -15 -43 437 0 0 0 0 179 -48 -28 -7 -35 -55 -60 -2 -43 -43 449 0 -7 0 0 -44 -3 0 -31 0 0 -44 -82 206 0 -15 -34 0 0 484 -73 -46 -25 0 -52 0 -5 -41 -45 0 -111 -82 -82 -58 -4 -35 92 -46 -64 -15 -14 0 0 -41 192
-7 0 -34 0 -82 -45 0 0 0 -15 0 -42 0 -82 -47 -34 0 -6 -37 0 -8 -16 -38 -64 -33 254 -27 -69 0 0 0 0 0 -57 -62 0 228 -84 0 -24 -33 0 -18 -31 -29 0 -7 -43 -45 0 -68 -46 -81 0 -35 -25 0 0 -94 0 0 -37 -22 131 187 0 0 -27 0 0 -32 -2 -26 -42 -29 0 -12 -50 -41 201 0 0 0 0 258 -36
-53 -16 -59 0 0 0 -23 0 0 -25 0 0 -3 -55 -36 0 0 0 258 -94 0 0 0 -90 0 0 195 158 0 -69 0 -84 -47 -131 -30 0 -45 -44 -65 0 0 0 0 -20 0 0 -24 0 -81 -68 0 -29 -74 0 -40 0 -88 -8 -72 -19 -30 0 137 127 -41 -16 -34 0 -21 -21 0 0 -120 -49 0 0 -12 -93 0 -91 0 0 -106 -61 -25 -6
0 -8 0 198 -3 0 -69 382 -48 -15 -62 0 -16 -27 165 162 118 -45 -117 -49 -13 0 -74 155 0 0 322 -3 -23 -34 0 0 0 366 -178 -118 -5 -82 -29 -3 0 0 -37 217 -21 -3 -48 -47 -50 -55 -39 0 -43 0 0 -56 -72 -3 0 0 -58 -59 0 -121 0 -29 -33 0 0 -95 0 -60 -35 -33 -7 -38 0 -7 0 0 -15 -42 -48 0 249 -37
0 0 0 -37 0 -92 -64 0 60 -26 -30 -3 258 -35 -39 -63 -9 0 -19 -28 -46 0 -50 0 -48 -18 -41 -40 -14 -44 -45 -157 409 -70 0 -7 -27 461 -61 0 -36 0 0 174 -10 -3 -15 186 0 0 -19 0 203 162 0 177 0 -67 221 -33 0 -22 0 0 -24 -23 0 0 -48 -62 276 -147 -4 -71 -53 -55 0 0 -37 0 -89 -56 0 0 -8 -31
-20 0 -87 -90 -32 0 -60 -33 -36 -62 0 0 -75 -104 0 -26 -26 -59 0 0 256 0 -25 0 224 -20 268 -38 -101 332 0 -24 0 0 -18 -16 -45 -32 0 -37 -73 -35 0 -12 0 -43 -34 -2 0 -43 0 -18 0 -8 0 0 -2 0 -38 -9 -26 -125 -25 300 -42 0 -5 132 -31 -6 -28 303 0 -31 -14 0 -85 -93 -40 -31 0 0 -4 -35 0 0
-84 0 285 -46 0 -1 0 297 0 0 0 -10 0 0 0 -48 -6 -46 -49 -1 -41 0 0 0 -48 -56 0 -97 -137 0 -56 0 -40 -50 0 0 -55 -22 0 312 -17 -68 0 -30 -14 -5 -18 -16 0 -22 -18 -61 0 185 158 -35 0 0 0 0 -26 -31 -68 -14 -63 0 0 0 0 0 54 0 -34 137 129 0 0 0 -20 -6 0 0 231 343 -49 -11
-78 -74 -44 -74 -38 0 -10 0 0 328 0 -32 238 -48 196 0 0 -41 0 0 229 0 -44 -35 -24 0 -20 -30 288 -38 -32 0 -4 0 0 157 202 0 0 -27 -25 0 -2 -87 -10 0 237 0 -12 0 0 -27 0 -30 309 390 -73 272 182 0 0 -19 -3 -61 0 0 -82 0 0 -14 0 0 0 -50 316 0 -52 -44 -44 -26 -7 -153 -3 0 -44 -43
0 -105 237 -30 0 0 0 0 0 -49 -23 -29 -6 0 0 0 -8 -113 -32 -64 -47 -48 -50 0 0 -56 -8 -34 -49 -18 -50 -12 0 0 -13 -34 0 -41 -50 -12 -3 0 55 -21 -13 0 -22 -40 -29 -37 -91 259 -109 94 0 192 0 -63 0 -56 0 -86 -48 349 170 -28 -33 0 -45 -63 -82 -23 -97 -26 -37 -28 -20 -114 -61 -48 -34 -22 -51 -70 -45 -5
-25 0 -37 -20 -45 -107 0 180 40 197 -4 -80 0 -77 -28 -26 0 0 483 -44 -6 -83 -91 0 -13 0 0 -43 0 -69 -32 -15 -45 -44 -80 0 -85 -28 -17 -5 -39 -14 -56 -54 -44 -53 0 0 -82 418 0 -73 0 144 -91 -80 0 378 -30 0 -40 -16 0 -32 -5 0 83 0 232 -12 56 0 -67 -3 -76 -10 -4 -21 0 0 -101 0 -61 -92 198 -39
-88 -17 -17 0 -28 248 0 -34 0 -127 -45 0 -8 -34 0 0 -30 326 -70 -91 -38 -33 -69 -29 -38 -14 378 0 0 188 -49 -51 -6 0 -9 -17 322 -13 -66 219 -20 -34 -75 0 260 -85 -119 -45 -10 0 -63 0 0 0 185 -34 -85 -40 0 0 -45 0 434 0 0 0 178 -36 0 -86 -49 0 0 0 -65 206 -81 0 -66 -30 0 0 -63 0 -49 0
-11 -43 0 288 -23 0 219 -42 -13 -35 0 0 -1 -35 0 0 0 0 -10 -50 -43 -19 0 0 -5 101 -39 -42 -39 -22 0 -71 265 185 0 257 -21 -26 -30 0 234 -51 -36 0 -42 -23 -59 -14 -32 -116 -37 0 -56 0 146 -9 0 -83 -10 -20 -37 -45 -23 -115 -67 0 -34 -6 -52 0 205 -43 -19 0 -23 -12 -58 -28 -44 0 -21 -4 0 -13 -67 -35
-27 -8 0 -47 315 0 -21 -1 0 -54 -10 -7 0 -22 -15 366 267 0 -28 -2 -49 0 -19 339 -8 229 0 -16 -35 0 0 -61 -87 -127 0 -44 -15 349 0 -24 0 -26 -56 0 72 -76 -6 -13 0 0 0 0 -16 -23 -12 0 -36 -67 0 0 -35 -117 0 -23 -20 -74 -32 0 0 0 -23 -12 0 -64 -68 0 -43 0 -6 0 -35 -29 -6 0 0 0
-63 -6 -12 274 119 -59 0 -50 -109 154 -27 0 -41 -9 -74 -20 -54 -44 -24 254 -48 0 -13 -10 -85 0 0 -27 0 316 -22 -44 -12 42 -47 228 0 -46 0 0 -18 -98 -35 0 -32 -45 -22 0 -16 -57 -40 0 -36 0 -35 -51 -49 -83 -43 0 0 159 -58 28 0 0 -13 -38 -81 -4 -93 -36 262 -50 0 311 -17 -24 -25 -5 0 -39 -41 0 0 -28
-21 0 0 0 0 -38 -46 -39 -24 -25 -10 -24 -30 -4 0 200 -4 -43 -40 0 -34 -33 -47 -48 -5 0 264 -39 -1 -83 -32 306 -30 0 0 -80 -20 -24 -58 -89 -41 -12 -46 0 -73 165 -78 -37 0 0 -88 402 0 109 -5 -76 -53 -106 -41 0 -18 -71 -18 0 -7 -29 0 -6 -12 0 -50 -12 -44 -88 -93 -43 157 -35 0 -38 0 -26 0 -124 -60 -26
0 -17 -49 -29 -29 0 -3 -85 -37 -35 0 0 -66 -23 249 -28 -59 -4 -47 0 -24 0 -51 0 -23 229 -13 0 -18 0 -48 0 0 -5 0 -37 -48 0 -51 -38 -94 -13 199 -70 -67 -41 -110 -37 215 0 0 0 -45 -7 -23 -40 0 -21 0 -61 0 0 0 -63 249 -57 -107 0 -26 -28 -2 -66 -7 422 -75 -36 -21 0 -64 -74 -22 -47 -13 -43 -31 0
0 0 327 -42 -55 -78 -21 -114 337 -4 -8 -33 -60 0 -53 0 0 0 306 0 -80 -32 -35 0 134 -71 -8 -44 -35 -4 -29 -22 -42 0 243 -12 -73 -21 172 -43 0 -87 125 0 0 0 -13 208 233 -34 0 -6 -33 -34 0 -32 280 -33 166 260 0 0 -34 0 -27 147 -49 238 0 282 0 -25 186 0 -44 -76 -45 -5 -16 -36 34 -83 0 -10 -15 -32
0 -8 -13 0 -68 0 0 -34 -39 -10 -12 0 259 -43 -28 0 0 -29 -102 0 -58 0 -13 0 0 -49 0 -40 -25 262 0 0 -87 0 -38 -12 147 -49 -15 -33 424 0 -66 0 0 -20 -47 0 0 -45 -65 -21 361 -19 -48 0 -5 0 229 0 0 -28 -100 -23 -21 0 0 -50 154 0 0 -1 -72 -40 -102 -11 -39 -37 -21 178 -10 0 -31 0 -26 -55
-61 -6 -12 -42 230 0 190 0 -8 -53 0 -30 -38 -26 -10 -24 -7 -32 0 0 -10 -42 -78 -49 -71 -67 -27 0 175 -62 -28 0 -75 -22 -25 -47 -30 -71 0 -18 0 -38 0 0 -24 256 -48 -48 -37 -23 -82 161 -36 298 0 0 0 0 -15 -7 -32 0 -43 0 -87 -83 291 -34 -12 -4 -56 -21 -89 0 0 -39 0 -42 132 0 -32 95 -14 -35 191 298
-29 0 -50 266 0 0 160 -38 -33 0 -30 -55 -24 -88 -130 0 0 0 -57 0 0 -43 -67 -35 130 -19 267 -51 166 -41 0 0 0 0 -31 126 0 -4 0 -74 0 -57 0 -86 -44 0 -34 -24 -49 -43 -20 0 0 0 -61 0 0 -62 -77 -36 -10 0 -48 -42 117 221 0 225 0 0 293 -33 419 -63 0 -13 0 0 257 0 0 -17 0 209 -12 -46
-13 -63 -47 -39 -36 0 0 -8 0 -12 0 -42 -101 -28 0 -54 0 -13 -126 -11 0 -45 -45 0 -44 281 159 0 -23 262 -22 -26 -49 -13 -23 -43 0 -21 -46 -44 0 0 0 -26 0 -85 0 -25 -95 -38 0 -35 0 235 0 0 0 443 0 0 -12 -5 0 186 -49 -47 -9 393 -50 -30 -43 -11 -77 -8 0 276 -65 -39 216 -47 0 -43 0 -24 -64 -45
-46 0 186 -44 155 -3 0 352 0 0 0 -37 239 -9 0 14 -73 -25 125 0 -43 -11 -88 -47 538 -37 -139 -27 -8 0 0 -31 121 0 -48 0 0 -65 -13 0 0 -37 0 -48 -85 0 -37 -29 -102 -4 -5 -61 0 -35 -21 -49 -14 -28 -26 0 -22 0 0 0 0 -35 -3 -44 0 286 0 0 0 -1 -46 281 -5 311 -20 -2 357 -14 -27 0 -32 -35
-58 -53 0 0 0 0 -64 -61 -43 -2 0 0 -9 -62 -41 0 -44 -58 0 0 0 -72 -37 -46 -39 -12 377 -113 -44 -77 0 -102 -50 -18 -50 0 -9 -64 0 -24 338 -38 0 93 -54 -61 -60 0 -60 0 -24 261 -38 0 -6 0 -40 0 0 0 -29 -45 271 0 0 270 -34 435 0 -49 -83 -4 -42 0 -23 421 0 296 0 0 0 -32 0 -13 0 -3
0 131 209 106 -63 -29 -49 -50 0 -9 0 -17 -61 -84 -30 -58 -117 0 0 0 0 -49 -55 -39 -50 0 -69 -24 0 -33 135 0 0 -45 -13 -13 -71 0 -18 -47 -72 -66 0 0 -28 0 -62 -38 0 -48 -45 0 0 0 0 -58 -29 -17 -52 -68 0 -45 -48 -36 -84 -22 -8 -15 222 -27 -6 -36 -10 0 -19 -14 -18 0 0 -49 0 -59 0 -22 -2 -26
-23 249 364 0 -9 -64 0 -9 -34 0 203 -36 -83 0 -70 0 -33 0 -62 0 -76 -42 -57 -24 -3 0 0 -54 -32 -51 0 -46 -71 -25 0 0 0 -84 0 -1 0 387 -46 45 0 -41 -47 171 0 0 -89 -33 0 -22 -50 -19 -11 0 -76 -15 -90 175 0 -8 0 -14 0 -31 209 0 -12 -62 0 -18 0 226 -36 0 -31 -2 -42 -16 -36 -7 -4 -87
0 -40 0 -33 -11 -6 0 0 -23 0 -9 0 0 0 -6 306 -14 -83 -38 -6 0 -49 -68 -5 -17 0 -3 -26 -6 0 -46 0 0 -46 0 0 0 -2 -18 125 -23 0 0 0 0 -70 -44 -52 0 -23 -48 -48 0 -16 -29 32 -46 0 -29 -6 -44 -63 0 0 -40 -3 -45 0 0 -20 -45 0 -1 0 -61 -16 -68 0 269 -162 0 -14 0 0 -37 134
-47 0 347 -26 -49 0 252 167 0 0 0 -17 -14 -42 0 -33 0 -4 0 -15 -31 0 143 -42 -18 0 -49 -80 -6 -65 0 0 416 0 0 -27 -125 0 0 -3 -18 -22 0 -17 -9 -59 -65 0 0 0 0 -8 -71 0 -49 -34 0 0 -34 0 -42 0 0 0 -16 0 -34 0 96 0 170 0 -48 0 -33 -18 -29 -72 107 -6 0 -30 0 213 -42 -81
-3 0 0 0 0 0 135 -13 -19 190 -31 0 -36 0 0 164 0 -12 0 -14 0 0 0 -146 -15 140 -17 0 -32 -59 0 -76 -23 -17 -24 -45 -48 369 -48 -21 0 -40 0 -57 0 0 -40 -52 0 194 -34 0 -42 0 0 147 -50 0 -35 0 -64 -7 -3 -39 -30 0 -15 -65 0 0 -36 0 0 -71 0 -22 -59 -48 0 -11 -13 0 -38 -51 154 144
-1 -24 118 -19 0 -51 -38 -39 0 0 -15 -89 0 -24 0 -52 -39 0 -77 -19 -29 -35 -116 0 -68 0 -22 -44 -9 0 -61 -7 -50 -56 -63 -30 -27 0 -3 284 -23 0 0 -21 0 -3 -55 -33 -68 -76 94 0 319 0 -18 0 -34 -52 0 -47 0 0 -60 -14 -85 -20 0 0 -48 0 0 0 -96 0 0 -41 -2 -29 -66 0 0 -23 0 -28 -25 -36
-35 0 0 0 -46 0 0 -24 0 0 -43 0 -44 0 -108 70 0 -41 -7 -59 0 -25 -50 -86 0 -49 245 0 -40 -67 311 0 -2 -57 0 -35 0 -46 -47 -40 -47 -5 0 0 -5 -40 -52 -28 0 -64 348 -29 -121 0 -27 0 0 206 -18 -85 -8 446 0 0 -88 -24 0 0 0 0 0 -30 0 -33 0 -6 -11 -37 -87 0 -24 -9 0 -36 0 0
294 -48 -5 0 0 0 -47 -13 -46 -21 -16 -49 0 -12 -48 -24 0 0 0 -35 0 -45 -19 -49 -105 -56 -98 333 -25 0 0 0 -49 -66 -46 -30 -50 -17 -41 -169 -112 0 -50 0 0 0 -36 0 -48 -20 -1 -43 0 -46 243 -68 0 0 -38 0 192 0 -20 0 -43 342 -96 -32 -33 -14 0 0 -13 -36 0 0 -48 243 -90 -52 -20 0 -76 -26 -76 211
0 -33 -11 -27 -49 -122 0 0 0 -9 -50 116 -66 -50 88 0 -29 0 -5 237 0 -72 -39 0 0 -65 186 -36 0 -49 0 0 0 -43 180 0 0 -45 -47 -23 0 0 -48 -38 -52 -78 -37 -25 -44 0 239 -45 106 -11 0 0 339 -30 268 -40 0 0 0 -3 0 0 -51 0 -48 -88 278 -46 -49 -45 359 -49 232 0 -24 0 -26 -62 -87 -57 -37 0
-35 -54 0 -48 -21 0 0 -50 -103 -20 -15 421 0 -13 -101 0 -44 -73 0 -12 29 0 -3 -65 -42 0 -8 369 0 230 0 -54 -49 0 -34 -2 332 -32 -134 -47 -62 0 -7 -51 283 0 0 -20 -44 0 -23 -59 256 0 0 125 -24 -60 -17 0 -49 -75 -127 0 249 -61 0 -46 -26 -44 0 225 -5 0 -45 0 0 -20 -21 0 331 184 0 -60 0 -45
-127 -25 0 -32 0 -22 -5 0 -30 -29 -44 -37 -28 0 -1 0 -10 0 -94 -35 221 -30 301 -49 -7 -8 -21 0 0 -18 -19 -10 0 0 -72 -114 -6 0 197 -20 -25 -37 0 -50 0 -19 238 0 -36 0 178 -17 0 -51 -60 269 -42 -78 209 0 -40 -25 -34 -51 216 -57 -27 -12 -45 0 -34 -10 0 -36 -44 -19 -10 -48 0 0 -68 -28 -14 -35 -6 -84
0 -57 -35 93 0 0 -12 -59 283 0 0 -3 -30 0 -17 -21 -7 -2 -37 0 0 -102 -45 0 -9 -55 -18 -13 -40 0 0 0 0 -35 -51 -28 366 -17 252 0 -13 -23 -10 0 0 -55 -34 -100 0 0 -37 -9 -112 257 0 -5 187 -78 -83 0 -73 -67 -95 -68 0 -8 -21 0 -3 252 -25 0 -2 0 -28 0 0 -45 -34 -17 -78 0 -51 133 -20 -35
-37 -92 154 -26 86 -98 303 -79 -46 -11 -23 228 0 0 0 -38 -37 -11 -50 0 -50 0 0 -48 -50 0 297 0 -41 -8 -59 0 -41 0 -47 252 -30 -31 228 307 0 -19 -158 -27 0 0 0 0 -28 377 0 0 293 -120 -47 -10 -46 -22 -84 0 -49 182 -64 0 -52 0 0 -86 -6 -23 0 -49 -12 -45 0 -106 279 -55 150 -68 -7 -19 -62 -70 0 -37
0 0 0 0 0 0 -22 -1 0 -71 -97 -48 -18 -64 0 0 -64 0 200 0 284 -7 0 0 354 153 0 -58 -7 252 0 0 274 0 192 0 -2 -23 -45 -43 0 0 -67 0 -88 -28 -13 -38 0 -37 -5 -66 0 -9 0 -30 0 -46 0 255 -2 -48 0 0 0 0 -49 0 -72 0 0 -44 0 287 0 -16 0 247 350 0 -14 -88 -26 -58 0 -48
-56 0 146 0 -67 -19 0 -50 -25 -13 -39 -8 0 -76 -13 -50 -69 -8 212 185 0 0 -4 -74 -15 -87 0 0 0 -49 0 0 0 0 0 0 -28 -3 -40 -36 0 0 0 -13 -71 -57 0 -18 -2 -40 0 0 -37 -15 -42 -50 -71 248 0 -54 0 -45 -4 -44 -46 0 -44 -13 -10 0 0 -19 387 -101 -40 -103 0 -35 -50 -13 -18 -34 0 197 0 -20
163 -113 0 0 -35 -92 -14 -59 -86 0 -4 0 -2 -61 0 -46 -21 -52 -31 0 0 -19 -76 157 0 -52 -8 0 -16 -106 -34 0 0 -13 0 -8 0 0 0 -48 -80 -23 0 543 -3 -37 0 0 192 -52 -31 -11 195 -38 -1 0 -50 224 0 0 294 0 -44 -12 0 -119 187 -24 -44 -16 129 0 -52 -78 0 -41 -21 0 0 -70 189 -38 -43 -19 -19 -5
148 -54 -31 -34 0 -35 0 -41 0 0 0 -27 -26 -30 0 -52 272 -17 209 -30 -37 -48 -81 -46 -7 0 -109 -34 0 0 -38 -83 -84 0 245 -72 -37 -36 0 0 388 -49 0 190 -13 -57 0 0 0 -3 -11 -5 -3 0 0 -41 -90 0 -8 -53 0 -14 -28 0 -22 -80 -49 0 0 0 -24 0 0 215 -1 0 0 -15 -49 0 -72 -31 -90 -33 -17 0
0 -36 -13 0 -49 0 -22 0 0 -32 -16 0 -47 -26 -86 -36 -69 177 -22 -20 -96 -31 132 -47 0 -46 -31 0 0 274 -68 -40 0 366 -42 -39 0 0 -76 -8 0 0 -41 -104 0 -31 90 -40 -19 -65 0 0 0 -17 -9 -32 -15 -21 -67 -21 -4 -49 -39 -5 -46 -71 -34 -50 -46 231 0 -33 -52 0 -26 -35 0 -29 -6 300 184 196 -35 -1 -46 0
-18 -67 245 -49 230 264 -57 0 -24 0 0 -18 0 -18 -5 -60 -40 0 0 -12 0 -92 235 -63 -30 -130 -62 -12 -1 -54 0 -79 228 -54 -46 -64 -29 0 0 -36 -58 -25 -70 -43 -30 0 -12 0 -106 -44 0 -19 0 0 0 -34 -18 52 -17 -17 208 -51 0 0 -8 331 -22 -33 -27 -14 0 0 -40 0 -28 -29 -67 0 -28 0 -63 0 -9 160 0 -47
0 0 0 -4 -53 0 -34 0 -42 -27 -20 -73 -47 -42 -49 149 0 -9 0 185 -74 -83 -66 -9 0 -39 317 -12 -27 0 0 -91 -60 -20 198 -38 -4 201 -9 333 0 -42 -144 0 -53 -66 209 -20 0 0 -13 -70 -20 177 -8 -23 -76 152 -26 0 -70 -24 -28 -52 -4 360 -9 0 -11 -91 0 0 -75 0 -32 -66 -72 -6 0 -5 0 0 -35 0 181 -21
-48 207 0 -45 0 0 -32 512 -80 -20 -32 -38 0 -21 0 0 0 -62 -68 0 0 0 0 -56 -29 0 -65 0 -47 152 -43 -55 57 251 0 0 -24 -43 0 0 107 -59 -24 -45 325 -110 0 -19 212 0 0 0 -73 0 0 196 -17 -104 -8 -15 -45 0 0 0 0 -18 0 162 -52 0 0 151 315 -5 0 -2 -36 -69 0 -67 95 0 -3 0 -13 0
-21 -66 -98 -48 0 -33 0 0 -11 0 -5 0 -41 0 -50 -67 0 0 0 -35 188 -80 306 -33 231 0 -39 0 -84 -41 0 0 127 0 211 -33 0 -76 -37 -5 -56 451 0 0 0 -81 -19 -38 0 0 -42 -17 -32 -32 -89 -44 0 117 0 -39 0 460 -24 0 -39 -14 166 0 0 -72 339 -40 -63 -29 -39 0 -53 -118 -50 -19 0 -38 -24 -70 -10 0
297 0 -21 -5 -8 -94 0 0 0 -67 0 -76 77 301 0 -11 -36 -50 -43 -78 0 -38 332 0 0 0 311 152 -47 -97 -30 0 -39 0 223 180 0 -7 -40 0 -11 0 -53 -1 -43 -47 -78 -11 0 -28 -37 -6 0 0 0 -12 -50 -45 -55 -62 -25 -21 -73 0 -55 0 0 -21 0 -67 0 -97 -33 0 -3 -87 0 -66 0 -54 0 -42 -41 -18 -26 -79
0 -59 -22 0 -42 132 -38 -98 -31 0 227 -38 0 -14 -44 -71 0 0 -31 224 0 -44 291 0 -34 0 0 0 -32 256 -23 213 0 -44 0 -45 199 379 -19 0 0 -80 0 0 0 -2 -32 -38 0 -25 0 -26 -34 -2 -43 0 -114 98 0 0 0 0 -8 0 224 -17 -16 -58 0 -19 0 -11 0 -35 0 -96 0 -50 -17 0 367 0 -35 0 -25 -34
-14 0 0 0 -21 0 -25 76 -40 -21 -10 -54 0 -26 0 287 -29 0 0 -49 0 165 -90 0 0 -23 -76 0 -6 130 -63 -18 -123 0 -49 0 -32 -42 0 241 -25 -42 -30 -42 -88 213 0 -55 -12 -42 0 0 0 0 -14 140 -13 0 -27 -18 294 -41 0 -32 701 0 -15 0 262 -47 0 -34 -65 -17 0 -34 -11 0 -22 0 -76 -70 0 -91 -48 0
-33 -67 -9 0 -64 -50 0 -26 -19 0 0 0 -14 0 -11 -114 0 0 0 153 -34 210 -23 -13 -13 0 -49 -13 0 -26 0 -21 -78 0 -18 341 -35 -44 -62 0 -73 -3 0 -19 78 -27 196 -83 -21 -26 -15 -22 0 -43 -46 -8 -19 0 0 -9 0 0 -26 -71 0 -20 -64 -15 78 -83 0 0 -46 -4 -94 -17 -49 0 0 -20 0 245 -16 -69 -62 -14
-39 -34 -38 -48 0 0 188 0 189 0 -30 -86 156 -112 -19 248 -8 0 -17 -9 -45 188 -18 278 -22 281 -7 -11 -45 0 -40 -41 -15 -11 0 -47 -13 -102 -41 -67 -34 0 0 -35 0 0 -55 -62 0 -77 0 -37 341 -44 0 -91 0 -19 181 -12 -51 -18 0 0 0 0 0 -92 -47 -31 0 0 0 268 -25 -30 -42 -23 0 -6 -8 -170 -45 0 -49 0
-74 0 0 -63 0 0 0 0 -46 0 0 182 -38 -37 0 -19 276 -31 -65 -49 0 -5 0 -41 0 -60 0 -28 -71 -49 0 -46 -50 -27 -45 -95 -18 -45 -50 -41 -3 -113 0 0 -44 0 -6 -50 -42 225 -7 -41 0 57 -30 -30 62 -27 127 -25 0 -79 0 0 -27 -70 314 -19 -32 -17 0 -11 0 -24 0 -46 79 197 -31 -60 -69 0 146 0 0 268
-15 -81 -29 -87 -35 0 -47 0 0 73 428 -24 249 -117 -27 0 -40 -24 225 -21 -26 -23 -76 301 0 -72 0 0 0 243 -65 0 -50 -24 -5 0 -33 0 248 -66 -100 0 -8 0 0 0 -86 -33 -42 0 0 -62 -90 0 -90 -21 -24 -91 -44 0 0 -14 0 -16 -28 0 91 -67 -46 0 -44 0 -69 -79 -30 0 0 0 0 0 -29 0 0 -2 -49 -42
-8 0 0 -8 -77 -49 0 -17 -1 -15 0 0 0 -6 -80 -28 -66 -32 -75 191 -7 0 276 -27 -2 -1 -23 0 0 -25 0 -112 -45 -33 0 281 -5 -22 -7 0 0 -4 -39 -8 0 -15 -38 0 -43 -14 0 0 322 -16 0 0 0 -35 132 -43 -5 90 -38 -21 0 306 -21 -40 -54 -94 0 -36 234 0 182 0 -65 0 -42 0 -30 -14 0 0 -33 -7
0 0 152 -9 -78 -46 257 0 -21 0 -86 0 0 -41 -22 -36 0 0 0 0 214 -59 -19 220 0 -20 0 0 0 -13 -5 -81 0 -40 0 0 -38 0 -100 -10 0 0 -56 -26 -34 -41 0 -50 224 0 -13 247 -43 0 0 -45 -46 -54 0 0 97 0 -6 0 -13 -45 -56 0 0 0 0 -25 -18 -35 -14 0 0 0 0 -40 0 395 0 -32 339 -70
-4 281 -48 0 -74 241 201 -6 0 0 105 436 0 -33 -34 0 -69 -26 57 -39 -28 0 0 0 90 -33 -66 0 0 -65 0 0 -15 -49 0 -29 0 0 0 -44 -12 -40 0 0 -4 -2 160 -40 0 -48 -8 -30 0 0 -19 -37 0 0 -13 116 0 0 -2 0 -27 -55 -62 0 0 0 -12 0 523 -48 -38 -148 0 0 0 411 -25 0 -57 -15 0 0
-102 -64 -17 93 -46 0 0 350 -8 -47 0 0 -95 -18 -54 -6 -45 314 -19 -29 0 -23 -52 -25 0 -39 0 -43 0 0 -25 -28 -121 -141 -41 0 -38 0 0 -21 0 -48 -20 -29 0 -45 -7 -105 -21 -15 -86 0 -50 -37 -31 -90 0 0 0 -46 0 -28 -79 0 0 0 -49 -84 -18 -8 0 -44 -13 0 0 0 0 0 0 0 339 -51 -41 -95 -10 -55
0 -34 -31 -20 -38 0 221 0 -50 -62 -3 -125 0 -11 -73 -39 -36 0 -28 250 0 -35 -86 -14 -36 252 0 0 -6 -54 -56 -31 0 0 0 -14 0 0 -43 0 0 0 -42 -48 -33 322 -11 -65 -20 246 -50 -49 -7 -27 -65 -37 -23 -15 -43 -5 -50 0 -15 -62 258 0 -5 -134 -36 0 0 40 -42 -16 -47 244 185 -67 -99 0 -94 -47 227 -93 0 -38
-49 -38 -6 -29 0 -53 -42 -62 0 -78 -15 0 -35 0 -38 -85 0 0 -10 0 -98 0 -41 -5 -49 -29 0 -62 -3 -38 -9 0 -14 -47 -8 0 -20 -15 -54 -9 -10 -19 -3 200 -17 0 -50 -67 -45 -25 -36 0 0 -29 -22 0 204 0 -42 -14 0 -26 -115 -25 0 -26 -76 -24 -29 -28 -40 -132 -46 -60 -78 0 0 0 -20 0 0 121 -20 224 -9 0
250 -66 0 -59 0 0 0 179 250 0 0 -23 -89 0 0 -42 -8 -26 -58 -91 -43 0 0 -15 -18 94 -8 -18 -57 0 -43 -1 -24 -73 0 205 -20 -80 0 0 -6 0 0 -13 -43 -26 0 -17 -73 0 -17 -59 144 -37 -32 184 -17 -46 -26 -59 -83 -24 0 0 -16 0 -33 0 0 214 0 -13 173 0 -18 -75 -42 -114 0 -4 -117 -47 0 -140 374 0
-37 0 0 -50 -6 349 -36 0 -33 -24 243 177 -28 -37 -14 -1 144 0 -41 -24 0 -19 -32 0 0 0 -75 0 -52 123 -35 -36 -40 -4 -78 0 182 0 -36 -36 0 -7 -6 187 -26 0 -37 0 0 -44 -22 -72 0 0 -41 -39 -38 0 -15 -75 0 0 0 0 104 -31 108 -29 -16 0 -16 136 0 -91 -10 -81 0 -48 0 -43 -54 -15 -20 -17 -35 -13
-70 0 0 0 -16 0 -36 -45 215 -71 -71 -88 -112 411 -19 0 -2 -47 -23 -22 -2 -37 0 182 -2 100 -23 0 0 425 0 -3 0 0 -68 -6 -18 -83 0 -42 0 0 -2 0 -120 382 -69 146 0 0 -26 -2 0 0 -32 -51 0 0 -73 -24 -70 -49 -55 -48 -46 0 0 266 0 -46 0 174 85 -4 -7 -46 -12 -54 -63 -21 -31 245 -42 -108 -58 -20
-61 -17 0 -31 0 -21 0 -39 236 -33 -38 -42 -34 -44 -2 -28 -42 326 0 -23 -25 -76 88 0 172 -48 -11 241 -47 -7 0 -37 -16 -4 -12 -58 -62 0 0 -3 -102 0 239 0 -77 -23 0 0 -89 -35 -41 -61 -39 0 -50 -23 -9 -59 0 -8 -41 -34 -30 0 277 0 -15 0 0 0 -52 -66 -19 -38 0 0 -38 -29 339 305 0 -6 176 -24 -26 -36
0 -12 0 -46 0 0 -52 0 138 -39 0 -4 -49 -18 -54 -38 -29 0 -48 0 -39 0 -39 -82 0 0 -19 0 -67 -32 -4 -21 -6 -16 0 0 312 -20 0 106 0 -11 0 -88 -130 0 0 289 0 -36 -7 0 0 -39 0 -33 143 0 -9 -32 0 -25 -105 0 0 -10 -19 -46 -15 0 -41 -7 -38 166 0 -13 0 0 0 -31 0 -54 -18 334 -40 131
0 0 309 -41 -83 -59 -44 0 -7 -8 -63 -13 0 -11 -29 0 -47 -13 344 159 0 0 0 0 -52 -39 -43 -37 0 0 -27 -20 0 -51 -12 -105 -24 -42 0 -23 0 0 0 -45 -26 0 -35 -58 0 -43 0 -48 146 -107 -22 353 262 0 159 0 -68 257 -85 0 258 -50 -58 -20 0 -71 -24 -9 -15 -41 0 -35 -12 -48 -68 0 -11 0 -82 -33 -29 -5
0 -10 0 0 -51 0 0 0 0 -42 -9 -101 239 0 -30 0 -23 -6 -65 0 -37 -34 -11 -6 218 -55 -22 0 -17 0 0 0 0 -91 -62 -14 0 -22 0 -13 240 0 -74 -42 0 0 0 -24 -44 -65 -35 -24 -47 -87 0 -39 0 -29 0 226 0 -41 0 0 179 -45 -31 -30 -59 -25 -14 -43 -22 -6 0 -48 -115 -31 -16 0 0 -32 -56 -77 -14 0
220 419 -114 -48 -11 -7 -3 0 0 -77 0 -46 -133 -34 -46 -59 0 -94 0 -95 -6 255 0 0 -42 -1 -47 0 0 -24 0 0 -68 0 0 -56 -41 0 -11 -66 -76 0 0 0 -31 -32 0 0 -73 0 -49 -64 -59 0 0 389 -13 -47 -92 0 0 -57 0 0 -27 -188 0 -4 -21 -26 -17 -21 -112 -79 -24 0 0 0 -13 -41 -30 -15 0 0 0 -45
0 0 -58 -23 -42 0 -17 -40 0 -47 -108 -51 0 -1 333 -76 -48 0 -20 0 270 -75 -47 234 0 0 0 0 -43 0 245 0 0 0 -9 -23 -76 235 0 -18 0 0 -8 0 -72 -10 0 0 0 -20 -53 -47 0 -100 0 0 0 0 -9 -34 0 -32 -93 -71 0 -14 0 136 0 363 243 0 -25 0 0 -21 -101 0 0 0 -65 -47 -72 -14 -69 -71
0 0 0 0 0 417 -33 305 -35 405 -85 -9 0 271 -146 -29 0 -47 0 226 -82 -28 132 -48 0 0 -12 -59 224 0 0 -40 -8 -79 -42 -10 -41 -12 -31 -44 4 -27 179 0 -49 0 -23 -59 -22 178 -49 -89 -119 -40 -17 237 0 0 0 -69 0 -50 -16 294 -39 -19 -83 0 -48 -32 -60 0 -13 -34 0 197 -48 0 229 -4 -19 -35 -2 -100 -57 0
-10 -39 0 0 -89 -42 0 0 -49 0 0 131 142 -23 0 -55 0 -85 0 0 -38 0 -26 0 0 -39 -57 243 0 -45 280 176 -25 0 -39 0 -64 -38 -51 0 0 -27 -52 -49 0 -3 -21 0 -7 0 0 -23 264 0 -27 0 -51 -31 -59 -1 -94 261 0 0 -10 0 -35 0 -23 27 -43 0 0 0 -47 308 -62 -6 -2 0 0 0 -3 -30 0 37
0 -6 0 0 -22 330 -8 0 -87 -53 0 -109 -31 0 0 -30 0 -41 -25 -16 0 0 193 -35 0 -3 0 0 0 -19 0 -52 -48 -31 0 102 -31 -21 -16 -62 0 -9 271 -49 -48 -18 -30 -37 -52 -120 -49 -9 0 0 -39 0 -31 157 -31 -36 -16 -44 0 0 0 -15 -50 153 228 -22 -32 0 -23 0 0 0 0 -39 -61 -18 0 -41 -21 -43 -76 0
-26 252 -72 0 -16 0 -47 0 -17 -23 0 -47 -50 -86 -61 -45 -79 -17 -2 -9 0 -6 0 165 0 0 -51 0 230 -4 -44 -28 0 -36 -98 380 -9 -27 -69 -58 -84 307 0 266 -40 -34 -30 0 0 -35 -51 -72 -76 -12 -91 316 0 -1 -66 0 0 0 -84 -77 -39 -76 -56 0 0 0 -34 -5 -159 -77 -31 0 0 0 0 -10 0 -50 -6 0 0 421
