50 46
-54 0 0 -50 0 0 -38 -18 -31 289 -37 -38 268 -4 -31 0 -34 -75 0 90 -20 0 0 -73 -47 -20 0 123 -32 -5 -10 0 -96 0 166 -29 -26 0 -22 0 0 -46 0 -5 0 0
0 -13 -17 -47 175 0 0 -63 -33 -48 -29 401 -33 -34 -17 70 -47 0 0 -17 -46 -72 -7 -12 -104 -49 -42 -16 -139 -95 -22 -45 -46 -6 -48 0 165 0 -56 0 -13 -22 -120 0 -43 0
0 -75 -5 0 0 -29 -9 0 -70 -26 -32 0 -57 -79 -4 0 -27 308 0 0 0 -21 272 0 0 0 -9 306 -54 0 0 -13 -28 259 0 -37 0 -34 -50 0 -21 -65 -37 0 0 -5
89 -48 0 -19 -32 -24 -38 0 0 -26 102 -50 -27 -50 0 0 180 -70 -28 0 -3 0 -24 -32 -16 -3 -36 -53 -37 0 -33 0 428 -22 -25 -8 0 -49 -46 0 0 -58 -99 -48 -8 -32
-10 -13 157 -86 191 -37 0 -29 0 0 -7 0 0 -10 -150 -21 -68 0 223 -32 0 0 -20 0 0 0 0 0 280 178 327 0 -14 -80 -33 0 -40 -48 -38 332 0 481 0 -13 117 0
185 -124 170 0 -23 0 -39 0 489 -85 -4 223 0 -72 -50 -90 -77 -55 -17 0 0 -39 -148 0 -97 165 -87 301 -46 0 -37 0 -39 -20 -23 0 0 -13 -24 -37 0 -47 -18 0 -20 0
-20 0 0 0 -72 0 -13 0 -42 -32 -25 244 -17 0 -8 0 0 -26 104 -15 -6 0 -35 0 58 0 266 0 0 0 -11 0 231 -80 -68 -56 -51 -111 -3 -67 0 -26 -46 0 0 -38
0 0 -58 -19 -83 398 199 -77 -2 0 0 118 -48 -85 -50 -107 0 -36 -47 168 -22 -46 0 0 0 -4 -4 -38 -16 0 0 391 0 -101 -23 -74 0 195 -45 204 0 -6 -43 0 -32 -19
-55 -49 -73 -35 0 0 -19 -103 -29 -76 146 -2 -21 0 -59 -34 -46 -11 0 -45 184 -41 0 0 -34 -48 0 -36 -44 -57 -1 -20 -121 0 0 0 -81 132 -11 163 0 0 0 -134 0 -116
-34 0 0 0 -40 -24 0 -62 0 -81 0 -51 -50 -4 -5 0 -54 0 0 383 -14 0 -30 -97 0 0 0 -77 0 -17 -39 0 0 349 -39 -22 0 -27 -42 0 -20 -87 -43 -22 -29 121
240 0 -45 -30 208 -37 0 -16 -4 0 -19 354 -62 -38 -30 0 -71 -149 -37 -68 -53 241 -74 0 -29 -73 -15 0 0 -22 0 -38 -70 0 -22 -35 -78 -60 -133 4 0 -14 30 0 0 135
-93 -51 -13 -96 -100 -9 -127 0 -15 0 0 -57 -23 460 -25 -43 -91 0 -58 463 -12 291 -28 -28 0 255 250 0 0 -45 0 -41 -28 -50 -42 0 0 -19 -26 -71 -26 153 -28 0 -3 0
-24 0 -25 0 -44 -22 -47 -8 277 290 -40 319 0 200 -38 -11 0 0 -36 0 -47 0 -18 -24 -60 0 -3 0 0 -11 -50 0 0 -10 0 0 -31 -108 -3 -3 -24 -33 -56 0 -25 -5
0 -12 -74 262 -49 0 -38 0 -51 -31 0 -12 -64 0 -25 0 -5 171 -43 -47 -16 -6 -42 0 0 397 -21 245 -31 -81 -29 0 -43 -36 -12 -106 -11 0 -79 -3 0 0 0 0 224 -39
0 0 -49 -37 -25 189 0 204 0 -32 -67 -35 -26 -93 -16 -42 -118 0 -32 0 -69 -46 75 -57 -39 -1 -24 -65 -10 270 0 0 0 -35 326 -15 0 -12 -47 -91 0 -1 0 0 -14 -36
-58 -1 0 -42 -33 260 -28 157 -50 -43 -10 0 227 0 0 -38 -78 367 -17 -81 0 -10 0 -118 0 113 -42 0 -4 -27 0 -31 -17 0 -64 0 0 -27 -20 -34 -53 0 -32 -12 -34 0
0 0 0 -46 0 -9 0 0 -66 -80 0 0 -11 0 -46 -85 -4 0 -36 -9 -4 -24 -53 -5 -17 -67 -45 0 270 0 -67 0 0 148 -92 -29 175 0 0 0 0 -55 -40 -66 0 -48
0 -46 -80 -3 0 15 -39 -25 -55 -26 0 -73 -29 -29 314 -36 -8 -1 -29 -107 -69 -3 0 0 -55 -68 -16 -66 -39 -41 -57 0 100 195 0 218 0 -58 -34 -47 0 -102 -2 -63 210 0
0 -58 -27 0 -13 -28 0 -31 0 0 -95 -53 0 -21 -94 -42 -92 0 -24 -3 107 357 0 0 -88 0 -30 0 -55 -21 -90 -53 -32 0 0 0 242 -36 0 -15 0 -16 0 -40 -41 -6
306 0 0 -46 0 -20 368 305 -78 -10 -61 0 0 162 0 -54 132 0 -4 0 -1 -29 234 -18 0 -165 -41 0 -22 -9 -4 -62 171 0 0 0 207 0 0 -46 -21 -62 0 -14 -4 -44
-56 -37 0 -88 -30 198 -12 0 -68 0 0 -72 -31 -64 0 304 -31 0 -31 -17 -113 131 -50 -36 0 175 0 -11 0 -49 0 -9 0 0 0 0 284 -42 -49 0 -119 -48 -22 0 0 -2
-18 -65 -89 241 0 -34 0 0 -84 0 327 -3 -37 -34 -3 160 -68 0 0 -23 0 -37 -100 0 -48 0 -95 201 -20 -24 -30 -155 0 -47 -23 -24 0 -29 0 157 0 0 -38 0 -4 0
-51 0 149 -35 -19 307 -54 -8 0 -90 -8 -24 -75 -38 -96 -37 0 0 -50 -87 -64 0 -9 -12 -77 0 0 0 0 0 -40 0 -4 -31 0 199 -30 -28 -78 337 -22 -65 0 0 -47 352
0 -4 -15 -67 -36 0 288 -29 195 -107 0 0 -11 0 -16 0 315 -44 -35 0 0 562 -20 -23 0 -1 -92 0 -23 0 -75 -16 -24 -19 0 0 -47 166 -21 -42 0 0 0 -3 240 -79
0 0 -44 -19 241 -41 -15 -3 -48 313 0 -79 0 0 -45 0 0 -11 -12 0 -47 -8 -19 -17 -73 0 0 -19 -72 -60 -13 -65 -75 -69 0 0 -53 0 0 0 -15 0 0 0 0 0
-76 -39 -28 -97 -26 -7 0 -35 0 -35 -93 -15 0 -81 -53 -5 0 0 -5 0 367 0 -46 0 0 0 -19 0 0 0 0 0 -15 -29 -15 268 0 -95 -9 0 -35 -23 -84 0 -9 0
0 -18 0 -50 217 -51 -58 -37 -31 -1 -20 -8 0 0 228 -37 0 -55 0 -101 0 0 0 138 -45 -14 -21 -52 0 183 0 -130 149 0 -13 -37 0 -45 0 0 0 -23 0 -57 -81 -43
213 0 0 -6 132 -21 -77 -67 -74 0 -4 0 268 -56 -26 -42 -19 0 -23 0 -66 -5 -35 0 -39 -45 -47 178 -75 0 0 0 342 -28 -46 -19 -32 -10 -3 -6 0 -34 0 -30 0 -29
0 0 -43 -3 -9 -59 0 173 0 -13 216 -73 -4 -85 0 -37 0 246 0 0 -17 0 0 0 245 -24 -30 -33 -60 318 -37 0 -39 0 -17 -64 0 -25 267 -31 -40 0 -51 0 0 -24
-34 -52 0 -79 -45 -150 200 -37 -46 0 -38 91 -50 0 193 -37 0 -76 193 -37 0 -23 -86 -17 0 0 0 -49 0 0 -74 -81 -14 0 213 0 0 0 -6 -39 -72 0 -39 0 196 -39
-3 -31 -63 -23 -37 -3 105 -28 0 -34 -27 0 -39 -79 0 -30 -54 0 0 -20 -22 0 0 -26 -49 287 -41 -24 -3 0 -74 0 0 0 -33 -30 -11 0 -13 0 0 0 278 0 -8 0
0 0 -84 -123 -58 0 0 0 -31 -46 -35 229 0 -79 -17 -33 -3 0 -13 -43 -28 0 -20 -57 -24 -33 -9 -17 0 -9 -72 0 0 -55 0 0 -29 0 -4 0 -4 -1 0 -99 0 -16
0 -20 -49 0 -77 -61 0 -37 -40 -7 0 -2 152 -28 -29 -11 0 0 -5 -50 0 -89 -12 -31 -96 0 94 -75 -81 -9 -69 -68 0 0 0 -78 -53 0 0 -3 -11 0 0 -20 0 -7
-50 -23 -44 -21 138 -6 -46 -98 0 -100 0 -29 -27 0 -41 -34 -49 -29 249 -25 0 -58 -41 -64 -79 -45 0 -46 -35 -44 -37 -46 -61 0 0 -49 -17 -28 0 -20 -19 -52 -2 0 -43 -79
0 -64 -35 0 0 0 0 0 0 -6 0 -59 86 -62 0 280 -52 0 58 -36 307 0 -33 0 235 -49 -36 -41 -83 -35 -96 0 -76 -30 0 275 0 -14 -79 0 -56 0 -57 -15 0 0
-27 0 -58 0 0 -19 -47 -11 -20 0 -14 319 0 -28 172 -10 0 -24 0 0 -14 -101 -43 -33 -28 0 -47 315 -18 0 -45 -42 -18 0 -46 227 -74 0 0 -49 0 -38 -76 -37 0 0
231 -68 0 -11 -70 -28 0 -41 0 -9 -16 -27 401 -30 -50 -41 -82 -2 -27 -2 466 -10 0 -16 -15 -43 0 -43 -45 55 -6 0 228 0 -15 -5 -2 -48 96 -67 0 0 -58 -30 -72 0
-91 -23 0 -29 0 -87 -44 0 -16 -87 0 -22 -15 -60 325 0 0 -3 0 0 0 0 167 241 -31 -80 0 -33 0 -4 -18 0 -37 301 -50 -16 0 -7 0 -108 -41 -27 -5 -34 0 -19
-1 -110 221 0 -16 -8 0 -14 -63 0 69 0 0 230 234 -69 0 146 0 373 0 -11 -12 -37 -22 -27 0 0 -80 0 0 0 -24 0 0 -49 0 -33 -11 0 0 -3 -41 0 -74 -57
-61 0 -35 0 -71 0 65 0 -2 0 0 -31 -25 0 -116 -14 0 208 -37 -18 -38 -40 -8 360 0 0 0 -3 -17 -72 -47 -42 -107 -49 303 0 0 -11 0 0 0 -25 -122 0 0 0
0 -18 -44 -63 -28 -26 179 -22 237 0 -25 115 -17 -24 -45 0 -49 240 -37 233 228 0 -32 128 -48 0 -89 0 0 -41 -34 0 0 -64 0 -4 0 0 -97 0 0 0 -49 0 -25 -118
-76 -44 -80 -14 -45 -32 -22 -14 -20 -134 -39 -3 -39 -40 0 -3 -31 0 0 -25 62 -16 -39 -1 0 -52 344 40 -103 -94 -48 -90 0 -94 -86 -95 0 -82 0 0 -41 -29 -98 0 -58 0
-42 179 0 -16 372 -21 -36 -58 -26 0 -5 0 0 -24 -39 0 0 0 -8 0 -5 -31 0 -1 0 -24 -1 0 0 0 -39 0 -32 -42 -50 -14 307 0 -69 -33 -16 195 -39 -2 -30 -17
0 0 -37 0 0 0 0 -48 0 -44 -42 0 0 -48 -2 -6 0 0 -46 0 -27 -51 306 -31 0 -94 -40 -101 -31 288 0 -10 -3 0 0 -35 -46 -58 -9 -77 -46 -37 0 0 -4 0
0 0 -6 -83 -31 0 79 0 0 -83 -14 0 -44 -10 -35 0 -159 -7 0 -50 0 284 0 -41 -53 -64 -29 -69 -15 -30 0 -14 -89 0 -30 -28 -4 0 -19 0 0 0 -117 -42 -38 0
0 -50 -45 -52 -49 0 0 -73 -2 0 -34 -81 -26 -23 -106 -10 0 -78 -26 -31 0 -80 338 0 0 0 -46 -5 0 -31 -51 -50 0 -35 0 0 258 -10 -46 0 -17 -55 -63 0 95 -74
0 0 -28 0 -88 214 0 -50 -16 -10 -143 -20 292 0 0 0 320 0 -10 0 -49 296 0 -5 -20 323 0 -68 0 -19 0 -36 0 0 -37 -36 -8 0 111 -32 -9 -9 -6 0 220 -80
328 -74 392 0 -9 -25 -32 0 0 -62 -27 0 -27 -73 -59 0 -11 0 -46 0 0 -23 0 0 228 -40 -38 -119 0 -48 0 -57 -22 0 0 160 -34 -52 0 -50 -71 0 -28 0 -47 0
79 -26 -44 0 -16 -19 0 0 0 -67 -23 0 -43 0 -14 -72 -25 -106 -25 -20 0 -1 -2 -51 -35 -38 -41 0 0 324 -12 0 0 -27 -17 -17 0 -47 0 0 -30 -23 0 249 -46 249
108 -35 0 -156 -31 -24 -46 0 0 -101 -7 0 -25 0 -40 -75 -83 0 -36 0 -79 0 0 0 -37 -31 -18 0 508 -14 0 0 0 -75 -9 -71 344 0 -45 -24 0 -28 0 -10 0 -48
