20 17
-165 258 -98 0 -105 0 0 -295 462 91 -170 213 0 -37 -184 -243 -34
-115 0 -197 166 -139 -136 277 -99 -125 -227 -357 -8 0 -292 0 559 -41
202 -174 -158 -39 0 0 -167 31 274 0 -95 117 826 254 532 -320 -199
-272 -200 0 0 321 305 -398 0 -192 -138 -118 0 324 277 -59 -319 82
476 197 0 79 0 0 -202 0 467 -453 -137 -411 -94 0 -83 -89 116
214 -115 1 -249 -182 -141 0 -143 -311 0 0 178 -150 284 -691 490 273
0 268 0 87 -318 -16 -213 -234 0 -144 -83 -46 208 -228 305 115 246
66 -468 0 -46 -25 -459 -25 -319 -223 281 -277 0 197 -79 -131 0 -139
414 -143 -391 0 -312 646 0 -139 0 -53 131 176 207 -26 -192 282 -203
447 224 125 -160 -86 0 0 -246 -61 9 0 21 18 -4 -140 741 -285
194 0 199 36 0 94 209 0 -224 121 -186 0 116 0 -144 202 -551
0 165 404 284 -194 0 -171 -101 -329 0 66 0 -131 -193 123 57 -79
0 -186 0 -170 -109 0 153 0 65 -33 0 -250 360 573 -36 -247 -29
-21 -116 0 0 357 -186 0 0 -56 0 224 229 -239 -92 95 -203 0
0 0 -7 453 -481 0 457 26 714 -24 0 0 -138 582 -113 176 251
-132 227 -127 -175 0 -118 250 -12 0 0 -31 -342 -416 -177 -79 253 -205
-533 0 -64 -90 94 295 0 -1 -324 -604 0 -364 0 -52 0 395 -170
-169 412 -35 23 122 0 0 -248 80 0 95 338 -245 223 -420 -214 139
148 0 0 -287 0 342 163 -144 -174 0 0 -34 889 183 209 54 -56
-142 -108 -80 -71 -163 -203 207 -143 302 91 0 380 0 -256 117 184 767
