75 64
-43 -66 -57 -56 0 -45 -47 -24 0 -11 0 0 -45 0 0 0 0 224 0 -37 -23 -66 0 95 -145 141 -33 0 -8 0 -8 -60 0 193 0 -66 -17 0 -34 -43 0 0 0 -45 -1 -47 -83 158 -29 -9 -9 -41 341 0 0 0 39 293 -87 0 -15 209 -43 0
-47 -5 0 -42 -28 0 0 -96 -14 -18 -67 -49 0 -37 -36 -44 0 189 0 0 -39 -21 -79 -64 0 -54 -45 -6 -43 -33 -25 -46 -32 -3 18 -59 101 320 -117 -1 271 0 0 0 -57 -48 -45 0 -14 0 -24 0 -3 0 -60 0 -42 -63 -49 -25 -58 -23 0 -7
0 -21 -3 -35 -30 -27 -48 0 -33 0 0 -37 -107 -3 -45 -18 0 0 -22 -1 0 -14 -67 303 -8 321 -28 -135 0 0 -7 -5 0 0 -13 0 -2 -53 0 -67 -115 -50 -123 129 0 -38 0 -37 184 -46 0 0 -49 280 -43 0 -9 -10 0 0 183 0 0 -33
0 -13 0 -53 0 -38 160 0 -53 -27 -87 -37 -48 -32 -13 0 -26 325 -83 113 0 -20 172 0 0 -6 0 170 -27 257 0 0 -76 -45 0 0 0 -41 -176 -24 -11 -19 0 -29 0 -50 -48 -34 -45 -51 0 -37 137 0 -27 397 -66 -13 -10 0 0 34 -44 0
335 -8 -44 0 0 119 365 0 -87 -33 290 -8 -49 208 0 -93 0 -136 0 -18 -20 -21 0 -9 -18 -17 351 0 -63 0 192 0 -30 -79 -84 0 -25 0 0 -45 0 -36 0 300 0 -67 -95 234 -17 0 -98 -16 -41 -7 0 -55 -25 0 -20 0 -19 0 -79 0
0 0 0 299 -46 0 -43 -17 -20 -16 0 -24 0 109 0 -29 0 -32 -30 0 -36 -28 0 -27 -28 475 -8 -87 321 -86 0 0 0 211 -32 0 0 0 -12 0 0 -4 -81 -1 0 0 -15 0 -46 293 -70 -57 -53 0 -18 -34 -26 0 122 0 -9 -51 -93 -16
272 -21 -28 0 0 -78 -47 0 196 -37 0 -76 0 0 -41 0 136 -36 -60 -53 -51 0 -33 -41 -90 0 -76 -46 -12 0 -31 -77 0 0 0 0 0 -36 -30 0 203 0 0 0 0 -70 -28 -92 -20 -41 -38 0 -39 -13 248 0 -15 0 -60 -84 0 0 233 0
-30 -50 0 -44 0 -5 0 -72 -31 0 199 0 -127 0 -14 0 -68 0 287 -36 -12 -14 -84 0 -71 315 -43 -6 0 -33 -46 -44 -9 0 -58 -19 -1 -48 235 -12 0 240 0 -46 0 -41 -76 0 -138 -30 -40 0 -3 -112 -13 0 210 -29 -26 -9 -28 -2 -44 0
0 420 -48 -11 -23 -65 -6 0 -76 -6 0 -26 189 -57 0 -50 0 -23 0 0 69 -67 -14 160 -66 181 -22 -20 -55 0 0 -13 -46 -47 -48 -20 0 -45 -56 0 -78 -10 -42 -55 -34 0 0 -32 195 -30 177 287 0 -13 -33 26 -70 -88 0 64 -40 -31 -1 -60
0 -4 -68 226 0 -64 0 -69 -7 -1 0 0 -24 -50 -48 162 -3 -23 -11 -44 -11 186 0 -49 0 0 -24 144 -1 -60 -44 -62 0 -30 -14 -72 -84 0 -27 -34 -47 -31 -12 -70 221 -43 -60 -12 163 -42 -16 256 0 -45 -49 -31 -22 0 -24 -21 -45 0 -43 0
-39 0 -22 -23 -34 -44 -30 165 -10 -31 -5 278 0 -7 0 0 -64 -17 -30 0 -29 -29 0 155 -89 -45 -4 0 0 0 -57 0 -43 0 -94 0 -20 0 -18 -10 -31 -63 -24 -35 -61 -38 -7 -48 -5 -49 -55 -47 0 0 177 0 -85 0 0 -39 -70 -48 0 -15
-15 -71 -6 0 0 0 0 -78 0 0 -33 0 0 -50 -22 -27 0 -29 0 -56 -74 -22 0 0 0 0 143 0 -76 119 0 0 0 0 -50 0 -28 -25 0 303 0 -64 -18 -15 0 286 268 -1 -5 0 0 0 -93 0 -22 -42 -37 0 0 0 -70 -107 137 -43
-29 -43 -132 130 -22 -70 -15 0 199 -58 -42 0 0 -19 0 -38 -24 0 -34 -49 -18 0 136 -1 -29 0 312 0 0 -56 0 -16 0 0 226 -25 0 0 0 0 -44 -33 -74 244 0 -45 -65 -4 0 0 0 -16 -44 -87 -20 0 252 -41 -24 83 0 0 264 -72
-32 -49 0 -17 -7 -24 142 432 -29 0 0 -73 0 -12 -10 -36 0 -14 -31 -44 -80 -12 -31 -45 -26 -60 -49 269 65 0 166 -2 0 0 -37 -42 111 0 -42 -78 -39 -7 0 0 -26 -15 -14 0 -60 -29 -10 -50 0 -47 100 -46 -43 -77 0 0 0 -60 -25 -48
-41 0 -44 0 -79 286 0 0 0 0 0 -36 -64 0 437 0 126 -68 0 -21 -109 -54 297 -34 0 0 0 394 -29 -14 -74 0 -26 0 -21 175 -45 -60 -9 0 297 -5 0 0 0 0 -49 237 228 -53 -41 -3 -41 -61 263 -81 0 -47 265 -34 0 0 -52 0
0 0 -49 -13 280 -19 -47 372 0 151 -6 -36 -46 0 162 -10 353 0 0 -37 0 0 -10 -33 0 0 -69 85 0 -33 0 0 -83 165 154 -9 0 -6 -72 0 0 0 -125 -43 -1 -47 -56 -52 -66 0 -22 -43 -16 -43 -45 -17 -29 -55 -60 0 -101 -24 0 0
333 0 0 202 -13 -26 -10 -67 -9 -45 -29 0 0 -16 -87 0 -39 -74 203 246 -48 52 -24 0 -26 -10 -18 -15 -23 0 239 -25 -40 0 -34 -21 -34 -12 -21 -16 -3 -41 253 0 -28 -85 0 0 0 -18 -35 0 -93 0 -8 -42 -49 -62 -70 0 0 -57 0 -61
0 -11 -76 -9 -12 -5 -29 -62 -14 -30 0 0 -29 -33 -30 -20 -20 0 -24 -38 0 -76 114 -2 286 -13 -21 0 -4 -29 -30 0 0 -35 0 -38 -12 0 -41 -44 139 -12 0 -46 0 -37 0 -54 -48 225 -35 -36 0 -57 -23 0 157 -102 0 0 -4 -39 -7 -89
-110 0 272 -13 375 0 -56 -4 -73 -98 218 0 0 0 -20 -10 -24 -6 202 -20 -40 379 -65 -35 -42 -48 0 326 0 -40 144 0 0 0 -2 0 0 -1 -64 -11 -46 0 0 -36 -13 -10 -58 0 -50 0 -24 -48 0 0 0 -48 182 -20 -35 -2 0 -7 -81 0
0 0 -5 -10 -48 -38 0 0 -59 -42 0 -47 -47 -40 -50 -117 -37 -12 -42 -38 -87 71 -26 0 0 -26 -52 -42 -40 223 -75 0 0 302 -97 -30 -25 128 -41 -54 -67 0 0 -14 -71 -23 0 0 -118 0 0 0 -101 0 -75 -11 -37 -42 -14 -29 0 -21 -28 358
0 -24 -48 189 0 0 0 -10 -47 0 0 -2 0 -27 -46 0 -68 -26 0 0 -18 -93 -31 -9 0 0 286 -61 -36 -50 -141 -5 -63 -6 -115 -25 0 -4 -10 342 0 -40 181 -100 0 -39 198 -42 -12 -85 0 -40 -12 0 -26 0 0 -70 0 0 -65 -17 -33 0
-62 266 0 -28 0 237 0 0 0 -47 -13 0 -10 0 -59 -33 0 -50 -42 0 -29 0 -108 0 0 0 -19 -16 -28 -32 -50 0 0 -11 0 -42 -100 0 -7 -33 -21 0 -93 0 0 -46 -20 0 -7 0 127 317 -8 -34 -4 -25 0 0 440 -46 -17 -52 0 -86
-58 -29 -45 -27 0 0 -28 0 -19 0 0 -2 0 0 -40 -44 -2 -26 -40 0 -6 -39 176 -85 -50 -12 0 -95 -38 -29 -39 -77 -34 -20 0 -27 0 0 0 0 -130 312 0 0 0 -64 -1 0 -50 -1 0 -75 -82 0 0 -109 0 -69 0 -30 -35 0 -41 -55
-42 -16 -5 -18 -44 -15 52 -11 0 -48 0 0 -22 -23 0 0 306 -9 -33 -4 0 0 -114 229 -12 0 -16 -25 0 -44 0 -75 -28 -10 -46 -72 0 -47 0 -18 0 -43 -61 -11 -5 216 0 -44 439 -76 -8 0 0 -82 -93 -5 0 -18 -6 -42 0 -15 -90 -50
302 -41 0 -8 0 348 -7 -6 406 0 0 -111 -43 0 16 -49 -50 250 0 -23 -38 8 126 0 0 -74 296 0 -45 -32 -38 -39 -27 -43 0 254 -91 0 -53 -6 -44 -6 -20 -13 -35 130 -39 0 -46 -47 0 -3 0 0 0 -27 -31 -33 -50 0 0 -47 -40 -53
-6 -7 0 -73 0 -9 -30 292 -1 0 -32 0 -43 0 -17 0 -6 -14 0 0 -72 0 0 -14 -74 175 0 0 -32 -48 -22 167 0 -34 211 -68 -39 -36 -6 -8 -64 -53 -50 0 -73 0 117 166 -28 -8 148 -83 0 264 0 0 -23 -3 -89 0 -9 126 -67 -62
-9 0 0 -34 -50 165 -37 0 -24 0 0 0 0 -111 0 -37 0 -39 -61 0 -50 0 0 -36 -63 0 0 0 -17 0 -38 -60 -18 -47 -20 -46 0 0 -135 -77 0 -8 0 234 -11 -48 -40 0 -20 -20 -9 -13 -11 239 220 150 -4 -36 0 -70 211 0 -47 0
166 -66 -48 -16 -52 0 0 0 -48 0 202 -4 -19 -42 -67 0 -31 -47 -70 -87 -46 -70 0 -43 0 0 0 0 -29 273 0 -49 -2 -30 357 -42 221 0 0 235 -8 0 -36 -23 0 0 -117 -19 -62 340 -22 -11 -49 0 -25 -77 -47 -36 0 287 -9 -26 -31 0
-96 -40 0 -20 0 -40 0 -40 -34 -38 -34 -7 -71 -75 -35 -6 -58 0 -132 0 -25 -34 0 0 -94 189 -43 -31 -31 0 -30 -22 0 -39 -30 -32 0 0 -21 0 0 0 121 0 -108 0 0 291 -47 -43 -55 -11 0 0 91 -7 -45 -23 -70 -3 498 0 -105 0
0 -29 0 0 -16 0 271 -90 225 90 218 -38 0 -14 -47 -39 -33 0 -13 -56 -32 -42 -12 -58 -7 -9 0 -15 0 -96 -20 -47 -7 -78 -11 -57 -46 -68 -12 -87 0 -81 0 -14 0 0 101 -34 0 -35 0 -22 0 -42 -25 270 0 0 -16 -66 -4 -49 0 0
228 -21 -79 -1 0 -26 -49 0 -3 0 0 -54 271 -33 -22 -25 -37 -24 -24 -19 -69 0 -14 -30 -36 -19 0 0 0 -44 0 -17 -10 127 0 0 -77 -7 -6 0 -81 186 -14 -112 -30 -32 0 -8 -55 -86 0 -32 0 -40 392 -50 -46 -56 -34 217 0 -39 0 -110
0 -5 0 0 0 -44 0 0 -5 -48 0 0 -35 -33 0 -37 -82 0 0 0 -64 -5 -28 389 -42 -10 -34 0 0 -13 0 -32 -24 -55 -78 -77 -18 -16 0 0 -50 -37 -188 322 0 -93 -9 218 -41 0 214 -3 235 0 0 -49 -56 0 0 -3 0 203 193 -30
0 -16 -21 0 0 -34 0 0 0 0 -12 -81 -69 243 -46 -11 0 -36 -3 288 -37 0 -45 0 -78 0 0 0 -29 152 -120 -18 -43 -9 0 0 -51 -76 -5 -20 0 0 0 -52 -48 0 127 -18 0 -35 0 -14 -30 -2 -22 -14 -92 202 -53 0 -8 0 -31 -27
-26 205 98 0 -62 0 287 -17 0 -16 -69 171 -1 0 -36 -29 -30 0 0 0 -70 -34 -12 -32 -48 -71 -24 -96 -54 0 -22 -41 -88 0 -64 140 -97 -32 -70 -12 -96 -47 0 -48 0 -49 0 208 -28 330 -30 0 -50 -78 0 177 0 0 -78 0 -38 0 0 0
-81 0 -37 -46 -9 0 0 -18 -20 385 0 0 0 0 0 0 0 -17 0 0 -11 -27 -45 -6 0 -2 0 336 0 -102 -39 118 0 0 -12 152 0 -33 0 -46 -39 -9 0 -42 -67 -70 -30 -42 0 -20 0 -22 0 -47 -5 0 -66 -48 0 0 -2 -38 -64 0
-16 -20 0 -47 -50 -35 0 0 70 -49 -7 -65 -92 0 0 -34 -14 -45 -88 -76 -6 -22 0 -32 -70 0 -23 -30 0 -74 0 -69 -32 0 0 -3 -2 -53 0 0 129 0 -14 -30 -42 0 0 -16 -123 -39 -40 0 0 0 -13 -82 -78 0 -25 -48 -12 -62 0 0
-92 -25 -34 -48 288 -96 -37 0 -93 0 -70 -21 -27 0 0 -41 -64 0 0 -70 -80 405 -57 284 -17 0 -86 -36 -19 -30 170 -44 -38 -58 -90 0 -65 0 -55 -13 -17 0 -3 0 -69 -35 297 -69 0 -81 -45 0 -162 0 0 282 -143 218 -26 -83 0 -83 -21 -35
-37 -49 173 -40 0 0 -24 -26 0 -37 0 0 -29 -44 178 -45 -17 -37 -63 -39 0 -26 -16 -53 -145 -35 -37 0 0 0 0 -54 0 -47 -33 -120 0 0 0 -33 -70 363 0 -76 238 -75 -24 -38 -75 -39 -112 144 -3 192 -23 -88 -42 -32 -4 0 0 -28 -50 0
-17 0 -43 0 -5 0 0 -73 -28 -77 -24 194 -73 -3 -72 0 -72 -46 -46 -8 -12 -32 13 -34 0 -47 0 0 -18 -31 -34 -15 0 -52 -107 0 -33 -42 -43 0 -39 101 -39 -37 0 -23 -41 -44 0 -67 0 -45 -94 192 -42 -20 0 0 -49 0 0 0 0 -36
-29 0 0 257 0 -46 -24 0 0 -59 -29 0 -23 -9 -23 -81 0 -21 -81 0 -59 309 -47 231 0 -9 -38 0 -53 -84 -31 -39 -15 0 -12 -65 0 -61 -39 0 0 0 0 -47 0 -38 -21 -63 -9 224 460 -46 0 0 -68 -4 -3 -90 -89 -10 -11 -38 174 0
0 0 -155 -24 -47 0 0 -37 0 -9 -8 -74 -49 -41 0 0 0 -40 -18 -40 -36 -20 0 0 -26 0 -15 -56 0 -28 0 -52 -26 134 0 -46 0 0 -62 0 316 0 -54 -2 0 -7 -47 388 0 -24 0 -3 -13 -7 -41 -27 0 0 0 -47 -57 -68 119 -36
0 -24 -47 75 -34 -85 183 0 0 -14 -44 -61 -19 -74 0 -24 0 0 -42 58 -50 -6 195 -22 -82 -14 -20 -87 0 -24 0 0 -42 0 0 0 0 -1 -66 -49 -118 -38 0 -46 -21 0 0 -10 -45 -117 -43 -22 449 0 -47 -48 -35 -38 -86 230 0 -4 -9 -4
-2 0 -15 0 -12 -17 0 -10 -13 -11 0 -18 -17 -46 -83 -33 -13 0 0 0 0 281 -19 0 0 0 262 324 -7 0 0 -12 390 -26 -71 -43 0 0 0 -36 -65 0 -30 -29 0 0 -15 -33 0 0 -105 -37 342 0 -14 -26 -13 0 -74 0 -64 0 -53 -24
-23 0 293 -32 -5 0 -74 0 131 415 64 0 0 -16 -10 119 -34 -90 223 -37 175 0 -12 340 -36 0 0 -75 -15 0 0 0 -18 -49 -62 0 30 0 0 0 0 -46 327 0 -7 -108 -3 -68 -9 -38 0 0 -48 -47 0 -8 0 0 -50 -55 79 -9 0 -2
-3 0 -48 -34 -25 -62 0 -88 -49 -66 221 0 43 -32 0 0 -30 286 -31 315 -16 -34 -172 0 0 -85 -76 -7 0 0 0 -31 -50 -12 -26 471 0 -39 -49 -40 0 0 0 -1 -50 -32 -13 0 -46 -20 -38 -22 0 0 0 0 -81 -20 0 -75 -57 -23 -49 -44
-57 412 343 -36 286 -44 0 -33 -20 -46 0 0 -10 0 -61 -49 0 -38 187 196 -78 -1 305 -23 373 -51 -24 0 -50 -31 -34 0 -11 -51 0 -6 187 -5 -79 -24 0 -28 0 -14 242 -19 0 -2 -49 -24 -46 0 -80 0 -38 -78 0 -23 0 -12 -28 -41 -100 -45
0 0 -95 -46 -50 190 -10 -20 -39 -75 0 -91 0 0 -37 0 341 -112 -73 -21 0 108 -76 -62 0 -25 -79 0 -14 -73 -58 -46 152 -3 -64 -11 231 233 -37 -33 -38 -7 -5 -44 134 0 151 215 178 0 -65 0 -73 -39 -36 -40 0 0 0 -112 0 0 -29 -53
297 -52 0 0 -26 -7 -79 0 -11 -24 0 -45 -3 0 -129 300 0 0 0 -49 0 0 -1 0 -73 -40 -15 -62 -40 -13 -35 -18 -77 -45 -30 -43 -23 -40 207 0 0 -42 -49 0 0 -26 -1 236 147 132 -6 0 0 -80 -31 79 -6 0 -137 0 0 -36 -68 0
0 -1 -31 -28 -14 -44 427 -37 -2 0 -96 -18 0 -39 0 -30 414 -57 -9 0 -32 -11 -71 -37 -54 -23 0 0 -41 -126 -50 -61 -30 -41 349 0 250 -8 199 0 -40 0 -116 -19 -11 0 0 199 0 0 327 0 -4 -15 -8 -43 -34 0 -4 0 -26 -29 0 -8
-37 0 -49 -47 -45 0 -41 -23 -17 -6 -39 291 -9 -32 0 -42 -139 155 -28 -34 -143 -31 -31 -84 -22 0 -1 -5 -48 -16 -104 -114 0 -39 0 -77 -56 0 -130 0 0 -20 0 -1 0 -40 0 303 109 0 376 0 0 183 -39 170 0 -81 -29 -34 -118 -29 -29 -21
0 0 -50 0 -18 -63 -8 339 -2 -27 -40 -10 0 0 0 -35 -14 -6 -31 -57 -75 -4 -47 210 0 0 -48 -44 283 -54 -24 454 0 0 -46 0 0 0 -29 -99 -20 -26 350 -8 -5 -15 -71 -83 0 -50 0 0 -43 0 -10 -38 324 0 -39 -12 -11 0 -17 -16
0 -33 -4 0 -29 0 0 -30 0 -124 -34 -4 -105 0 0 266 -68 -31 0 -46 -2 0 -39 -92 0 0 0 -38 0 0 -27 213 -1 -73 0 -1 0 0 -60 -23 296 0 -78 -43 -50 0 -45 -54 0 349 0 0 -75 -25 195 0 -1 -70 -38 -35 0 -130 -6 281
-3 -40 -37 -35 -19 -22 0 -99 -32 -50 -21 -28 402 -41 0 0 0 -39 -32 -4 0 0 311 -13 0 0 0 -45 0 -27 -1 -46 0 0 0 -32 0 275 -8 0 -105 -43 -9 0 0 0 -29 -74 -17 -13 387 -21 0 -41 -42 -77 0 0 -108 0 0 -6 0 -32
221 -71 -32 171 0 -40 -40 -17 0 0 -59 -16 0 0 0 226 -102 -54 -74 -41 -46 0 -31 -96 -62 0 -37 -17 0 0 -35 -45 -39 0 0 -12 -19 0 0 -9 0 0 58 261 -27 -24 -27 250 -17 230 -38 209 -44 -69 -18 185 0 -48 -28 -6 -17 -50 -13 -91
0 -86 -67 -47 0 -79 -21 0 -27 -18 104 0 -10 -8 -7 0 -1 -83 0 -9 0 -26 0 -39 0 -34 -45 0 0 0 0 0 -14 -5 0 -22 0 0 -13 -101 0 -47 0 -43 0 -7 -45 -21 0 0 0 -28 -10 -5 -24 -39 0 110 -35 -78 0 -17 -22 288
-37 -39 -10 225 0 -32 -8 -69 0 -47 -34 255 99 -24 -10 234 0 0 144 0 -111 -51 -78 -14 -43 0 -72 -33 177 0 0 -69 235 -22 -15 -5 -15 -28 -27 -32 -45 -74 -29 -58 0 -43 -60 -45 161 -34 -26 0 -47 0 0 -49 326 0 -10 -86 -31 0 -45 -21
0 -46 0 -133 0 0 -55 -122 -47 -43 -147 -23 0 -25 -39 -7 0 -16 -18 -37 0 0 -21 -7 -44 -66 0 -10 -49 0 -49 -40 0 -44 -63 -113 -87 -61 -3 -39 -27 -34 -23 -39 -56 346 -36 0 0 -8 -50 -131 0 -5 -59 -18 0 -28 0 490 -50 -53 0 0
173 0 0 -57 -21 -33 -48 -42 0 -25 -73 -49 -95 -13 0 -9 -19 0 0 -44 -146 -201 0 -37 -37 -24 -24 -61 -86 -35 -4 0 0 -47 -14 0 -69 -31 -89 -24 -44 0 -8 -24 0 -38 0 -35 -118 319 -41 -7 96 0 -57 0 -33 -80 0 0 -58 -22 0 355
-33 -37 0 242 0 0 230 -4 0 -39 0 0 -40 -50 0 86 -13 0 212 -37 -26 0 -12 0 0 0 0 0 -114 0 -68 0 0 0 -9 -2 -12 0 0 -43 -42 0 0 -27 -10 -14 -50 -55 260 -88 0 0 -6 -9 299 -46 -37 0 0 0 0 0 0 -40
-54 0 -46 -81 0 0 125 0 -61 0 0 0 0 0 0 -15 -35 -37 0 -40 0 0 -73 -42 -8 -100 0 -69 -36 -46 -16 0 -88 308 0 -49 -66 0 -51 -39 0 0 267 -14 0 0 291 -94 0 0 -60 -64 0 -18 -56 -18 229 0 0 -31 0 0 0 -93
0 -101 0 0 -44 -59 -42 -63 -40 0 0 -44 -54 -4 -45 0 0 -74 0 -1 -50 -23 0 0 0 0 -40 0 0 0 -61 -24 0 0 -17 79 0 -40 -44 -121 0 -50 -80 -50 0 -54 0 154 -27 -51 -17 0 0 -57 -6 -75 0 -11 -28 -44 0 -16 0 -12
0 -16 -29 -29 -89 0 0 -43 -41 -11 -32 275 -2 0 0 -22 -97 -47 -42 -16 -45 0 0 -47 -20 -34 185 0 -11 0 -85 -32 0 -32 83 0 -88 -45 -31 -70 -71 -81 0 -40 -30 229 -27 0 -78 0 0 -51 -14 -45 -50 0 -64 -11 0 -25 0 -58 -13 -32
-19 0 0 -14 -113 0 -12 408 -29 0 -7 -68 -1 -41 0 0 -19 -21 -59 0 -22 0 -15 -6 -9 -12 -31 -26 0 0 -30 0 -34 124 -44 0 -17 -136 332 -79 -28 -40 0 212 -2 0 -39 -57 -85 -38 -47 0 -9 -29 -39 0 -86 -50 -36 -66 359 -21 -25 0
0 -1 -43 0 0 -3 -86 -4 -95 -44 181 0 0 0 0 0 0 138 -49 -65 399 -22 0 -33 -82 -52 -22 -28 -49 -33 482 223 0 0 -25 0 0 0 297 -79 0 -11 -97 0 0 -52 0 -17 0 -38 -48 -1 -19 -49 -41 -2 -18 0 0 -46 -7 0 -15 411
398 -37 0 -26 0 0 0 -53 -37 -91 0 -24 -69 0 -47 -20 -23 0 -41 -33 0 -50 0 -50 -11 0 -130 -36 0 -47 0 0 0 -63 0 -30 -7 0 0 0 372 0 -20 -78 -24 -17 0 -32 0 -51 0 421 0 0 0 -130 0 221 -5 -19 -16 0 -105 -24
382 0 0 -14 0 -71 -29 -55 253 -21 -2 -30 -18 -40 -47 0 384 -100 0 -67 -120 -42 0 -27 326 -99 0 0 -142 -21 0 -47 406 -48 0 0 0 -72 -51 0 -54 135 0 0 -46 -34 -2 -18 210 -52 -19 0 0 -4 -39 -46 0 -52 -26 -20 -16 259 -41 0
-43 -32 368 -17 -56 -84 0 -49 -39 0 0 199 -9 -47 0 -29 -69 -37 -37 0 -25 0 -29 0 0 233 -12 -29 0 -77 0 0 -25 180 -10 -68 0 -34 -3 -49 -5 -2 0 209 -14 -74 222 0 216 0 0 -45 0 -4 -54 -19 -49 277 -31 -47 0 -35 -37 -110
-46 0 -26 -68 -3 -18 0 0 0 228 0 0 0 153 -37 -45 -15 -33 -4 0 0 -44 -75 -3 -43 169 -9 -5 0 0 0 -110 -55 0 119 172 -58 -44 -34 -100 0 0 -31 0 -65 -53 0 -30 -35 246 -26 90 -39 0 0 -36 0 -43 -41 -50 0 0 279 0
0 -28 -54 -44 -30 -11 0 -17 0 -24 0 61 -15 0 -33 0 -38 -8 -43 0 -39 -53 0 334 -39 0 -65 0 0 254 -7 234 -66 0 0 -74 -49 -98 -20 -37 -75 -50 166 -46 -2 -15 0 -40 0 333 -31 332 -29 -7 -42 -44 -16 0 -5 -38 -71 0 -86 -19
0 0 0 0 -50 0 123 0 -3 0 -10 -5 0 0 0 -27 -2 123 -72 -31 138 0 0 139 0 0 -30 -78 158 -13 -41 -5 167 0 -8 -45 0 -17 -34 229 0 -74 -17 0 -75 0 -8 -43 0 -10 -60 0 0 266 -29 263 374 145 -46 0 -5 -46 -51 -59
0 0 259 -60 -83 -82 -35 0 -22 0 0 -41 -22 0 126 0 -16 0 -16 -25 0 -16 211 -50 0 -12 0 0 0 0 113 0 0 0 -87 0 0 -12 -37 -18 0 0 -30 0 -22 0 0 134 -16 -39 340 -87 -2 -34 366 -43 0 -44 -35 0 -46 -75 -19 -59
-6 -50 -85 -54 -27 -65 -38 -46 0 -74 0 -17 0 0 -5 -39 0 -92 0 0 -45 -16 -44 -4 0 -26 320 -37 -76 0 -99 -35 0 -83 0 -24 0 -29 -24 -35 -39 -43 0 -38 0 -58 0 0 -47 165 0 -29 -47 0 -7 -69 -27 -40 0 351 -9 -32 -4 0
0 237 -16 0 0 -26 0 -23 -44 134 -68 -45 -73 -60 -103 -73 -26 0 0 0 0 -7 328 -32 0 -4 -46 -45 -29 -31 -13 -61 0 237 0 -5 347 -50 0 125 -53 -5 0 0 -39 -43 0 0 0 -1 0 0 -36 0 -22 248 -14 -51 0 -40 -25 0 0 -83
266 -116 0 0 0 -43 -40 0 0 -13 -84 -46 0 -134 -37 245 0 -23 0 0 290 0 -17 0 0 0 -35 0 0 314 0 -56 261 -13 0 -40 -44 296 -66 166 -90 0 0 0 0 -60 -116 -94 -49 -24 0 138 -49 0 0 0 -17 -23 -43 -84 -22 -13 0 -26
-19 -4 -44 0 -35 -43 -13 -8 -9 -49 -27 479 235 -86 -18 -46 284 0 0 0 0 -20 -3 -113 0 -67 -42 -69 -5 -88 164 0 -77 -44 -55 0 -76 -55 -41 0 0 0 -3 295 151 -14 -52 -77 0 0 -24 0 -11 0 -52 0 -36 -61 0 -45 -21 0 -46 -67
