75 60
-457 -416 -498 28 0 388 556 0 -285 136 151 22 -314 63 36 -262 426 -445 -145 261 -469 674 -400 753 -94 -237 -182 -40 0 0 398 -40 -158 52 293 -712 0 154 397 -946 161 -131 119 180 257 -188 103 787 -333 -182 582 0 0 -182 0 183 -80 274 0 -252
-1000 -422 0 162 -4 -185 1000 84 320 174 -62 -560 814 -290 -36 -52 -172 297 0 -921 -432 -656 452 -162 -35 384 -193 666 -680 -127 -210 -212 48 37 0 -739 100 0 -112 -70 -121 -661 0 0 -176 268 -33 131 -38 623 101 -20 -46 -33 0 -132 65 -265 619 -670
-213 140 -333 -129 26 330 204 47 507 163 24 4 224 352 92 311 0 -303 0 -22 282 -191 -199 0 0 140 -188 -659 0 -90 19 -139 321 51 -574 0 145 331 82 0 0 0 -306 -256 -558 -152 129 -549 -54 175 -334 418 -117 -358 -184 -221 -124 -691 -363 197
269 -334 -183 -161 388 -381 13 -31 651 323 77 0 0 -136 -23 310 186 415 -168 87 51 196 770 -149 0 344 207 93 -3 481 0 14 5 -145 91 171 0 472 65 279 -258 -148 -132 358 97 -261 -9 505 -300 -353 85 -39 8 -626 0 -128 244 90 67 467
169 -45 94 -501 0 638 184 294 619 0 0 -598 -384 -1000 -51 259 64 655 19 -382 256 30 654 3 526 -241 235 694 72 -266 -382 -192 106 -173 -251 326 143 -131 -517 -60 487 0 188 423 43 589 422 104 618 -337 144 -278 -19 55 -405 -485 -276 -120 -432 -230
1000 0 0 -533 -652 562 198 0 143 0 0 161 663 -237 -189 0 0 31 125 521 856 268 -218 -624 0 -281 -345 -286 133 778 201 -206 264 -295 0 96 -273 0 412 -454 296 0 -877 8 2 0 -337 -590 -224 76 429 394 74 -293 -35 -420 -380 -153 -124 -203
-191 394 -394 -909 34 0 115 -2 134 -333 412 -113 -195 524 223 32 -398 -87 -179 247 0 -413 230 -652 0 546 119 -555 285 229 135 212 0 430 0 167 -304 773 0 15 0 -80 0 65 36 -73 0 -319 -534 176 724 623 -393 627 -540 -350 -66 63 -217 438
0 -138 248 50 -471 0 -217 0 0 72 900 -242 0 314 364 -132 0 -242 0 -63 -85 1000 512 129 323 0 -451 -316 -223 0 -489 454 0 6 371 -560 288 799 0 0 175 -385 312 -32 398 -458 567 -509 225 -234 -583 0 -259 -419 0 156 254 755 0 -153
0 -595 -375 176 -326 277 0 -60 0 -264 778 163 -335 600 -124 89 59 152 -79 -364 -430 0 557 -239 0 -462 492 -361 358 437 -25 -137 -380 -22 41 -20 -1000 0 -132 125 -183 128 413 -31 253 176 492 562 -107 -618 503 0 201 102 -356 373 450 382 0 0
-359 -350 7 -178 763 -218 0 -591 -232 184 0 -65 -240 0 0 0 147 342 -70 -134 0 -164 526 238 0 731 705 161 379 0 0 308 -444 191 0 -1000 136 -466 -108 0 -94 379 -51 144 0 97 0 289 112 -257 -345 -406 -502 336 -614 0 0 0 -335 -55
-657 -184 227 132 -452 -582 278 0 -215 -292 -384 -198 176 -886 280 237 -57 0 -286 235 0 -310 0 0 172 0 -285 -193 102 0 203 -663 -66 209 646 377 -612 284 -280 -372 -178 -368 527 74 287 0 -191 0 725 -56 -190 846 500 -334 0 309 -28 -244 154 -168
125 -238 0 -718 610 -420 0 -244 427 369 -169 -357 0 141 -290 531 -274 -481 1000 -117 -1000 -344 273 165 -534 -372 -118 -309 0 -835 89 0 0 29 0 -462 -126 -737 -284 -143 -123 139 -309 109 -140 -195 -42 -305 164 289 0 -254 -198 0 159 -156 -324 42 -261 0
-72 -523 658 -487 -104 588 -303 -407 -340 234 0 272 301 131 -487 -123 0 -389 0 44 390 194 375 -108 -277 86 -358 -36 576 -455 400 380 -13 -281 -132 -542 -124 116 276 -254 267 343 158 0 -58 258 8 283 40 0 -13 -642 340 31 -677 0 -151 -4 156 999
-418 151 -318 984 -548 75 0 -87 -61 0 522 -291 -161 -373 -224 373 -224 196 -137 0 144 71 50 -40 319 -356 -390 0 115 0 -352 529 -668 -820 593 -156 25 480 -19 -356 -377 0 248 0 -222 435 287 107 14 427 308 565 0 157 297 167 56 -374 -284 -306
330 0 -370 -317 74 -37 0 -316 186 273 0 626 0 0 85 149 -300 -319 341 48 -410 -142 0 32 0 330 248 499 -94 -157 35 -590 243 -209 0 0 54 588 -262 68 768 519 304 -341 -449 288 305 -1 50 -525 -183 -624 0 0 -164 156 -616 0 -676 243
119 -178 -372 350 -355 481 -8 0 176 0 -185 0 -154 191 628 -347 399 0 0 682 -254 -35 -546 -304 123 187 26 0 -1000 618 526 -588 545 111 52 149 353 216 606 509 -508 -225 -174 434 0 -240 396 -667 -301 -310 258 0 -449 -297 787 0 346 -418 0 -314
317 151 0 0 692 -135 -345 0 133 0 319 -319 -294 0 -596 -566 -114 -1000 -87 41 522 78 299 0 -205 42 274 0 -16 0 -831 727 -774 960 899 551 469 150 138 0 10 226 -215 0 0 52 117 461 -255 403 -88 -457 433 508 -266 293 -65 -472 0 -271
-327 -783 -447 0 -210 0 0 0 -168 -289 85 -688 -160 337 -124 -77 249 282 -215 379 -232 248 405 -123 263 1000 -436 6 -278 456 -345 0 -346 0 -624 334 686 -662 147 0 -307 -167 680 -481 -275 244 0 248 470 -152 201 388 -170 0 -775 -4 -705 681 -264 -92
288 13 -16 -351 -497 0 227 0 0 323 302 83 -398 29 -490 -229 308 -410 -120 -29 -269 -369 193 0 84 -127 -286 -198 96 0 239 393 0 -153 76 0 -382 -483 0 578 -52 -207 0 159 -465 -193 -404 -81 231 -52 17 657 356 -141 -422 58 0 531 -358 -1
243 0 104 730 853 0 0 -248 -104 -419 -363 -369 0 301 -407 -299 0 -203 209 -206 782 -335 -170 0 -411 -263 -14 -709 0 -45 857 696 -743 -382 0 -365 507 -27 -229 178 -289 -268 12 -84 244 -438 -369 398 -401 271 -314 -237 97 -279 -55 -292 -186 -391 -387 0
125 58 -130 410 -25 -194 -419 -371 447 0 190 -277 311 635 146 -399 -1000 -518 -232 0 372 180 0 0 0 30 345 186 -34 215 162 258 -466 -930 0 -406 -364 0 -127 197 -267 0 63 179 -129 -602 -37 -512 -84 -148 -115 -73 0 557 -316 -399 0 94 225 387
421 0 500 102 -476 -258 610 358 91 555 -75 0 0 -609 69 445 413 -95 -462 89 120 0 0 -817 -12 0 228 -832 -404 -205 319 36 -250 0 338 -425 -88 618 314 -149 213 0 429 409 -77 -22 -405 -345 -562 399 292 -390 0 0 0 -126 388 -233 -170 279
364 365 23 367 -258 192 226 -274 -362 -268 396 -126 400 0 -367 -776 98 -255 423 -78 -363 457 -45 794 -315 97 25 0 -528 -177 -79 175 15 -356 -51 275 108 315 -138 564 -23 -422 -850 -344 492 -246 0 0 -216 -306 565 0 138 -233 919 505 -130 744 -231 -571
362 436 -203 -324 -319 -411 68 -355 -523 -12 182 -118 -148 626 0 668 -393 -94 -352 367 643 480 -147 -314 928 29 345 -186 -29 564 0 1000 582 356 155 298 197 120 -482 -135 92 -291 0 3 -97 92 0 -344 235 -267 -318 72 -280 625 0 1000 0 -188 410 652
27 -407 910 -784 -135 0 82 566 0 -15 4 220 337 0 645 703 -382 -36 -375 314 0 0 297 -467 -27 -788 -457 -257 308 658 -105 367 -173 180 138 0 314 156 0 -120 128 363 -200 0 0 360 -17 -300 -15 -37 -172 0 -362 106 87 -466 -124 421 -319 155
-947 43 0 -43 -336 481 315 0 -341 293 -105 -327 0 0 -357 283 582 -602 80 86 -511 0 -390 -258 0 391 0 8 297 274 -35 0 128 28 575 -733 14 0 0 -277 126 0 411 -262 -320 1000 -331 153 0 424 69 713 -288 432 -693 -398 -277 0 -17 0
258 -358 201 0 -62 0 -124 -386 0 -198 427 0 112 -383 369 110 3 72 318 -20 49 748 214 0 19 -196 -106 242 -860 -250 -523 522 0 0 -189 -361 0 539 -269 -270 0 453 0 0 -382 -320 -765 0 0 -228 -9 0 81 0 0 300 28 0 297 -17
-38 686 -101 0 0 -10 -38 -91 -55 -268 766 93 -36 -846 556 43 -131 360 -507 0 -26 -299 -437 0 0 -100 -438 -209 200 -197 -208 -629 311 610 0 -481 0 -464 0 292 -291 -187 -297 -144 -402 84 493 0 -13 735 521 190 479 -199 129 -195 -126 0 702 0
0 281 564 37 -285 -26 0 -318 201 -336 339 30 139 -391 -17 -206 97 -449 0 135 558 -144 37 -467 -522 577 0 -11 289 -216 -154 85 192 -215 274 -196 -748 88 44 0 -160 -43 -754 669 -273 0 0 0 -295 402 -33 -35 477 -652 176 -129 -57 0 -72 330
0 -415 -402 -401 0 177 0 0 269 823 -334 0 47 681 174 227 -47 -420 -240 -300 -603 0 0 -161 0 0 334 69 7 -170 -206 0 -2 725 195 -261 390 869 292 337 -299 553 -779 -791 -106 384 140 0 -452 647 -874 440 0 -94 354 -901 -172 986 -451 0
12 351 1000 45 -301 594 -203 94 0 280 0 -88 233 0 6 165 -59 1000 263 -248 -533 94 489 80 724 -211 -310 287 -17 221 117 395 -263 126 -532 0 -117 402 236 -126 795 -407 -518 -583 133 -277 -97 668 0 -495 -327 -160 741 -322 -188 0 -437 0 707 -569
-201 72 -136 -502 -23 39 0 -571 759 -367 0 86 -121 0 -121 -291 492 38 -447 -408 -223 -95 0 56 -108 -236 10 -186 0 0 200 240 -269 -182 131 0 438 -112 582 408 743 -298 -396 217 -84 298 381 127 100 17 220 374 -510 -909 0 -514 -89 84 -142 -586
206 -40 -345 -315 -385 298 186 292 0 0 -1000 429 109 -267 -207 306 -357 -19 8 0 826 -879 578 -582 44 -295 125 0 -270 0 63 35 -137 125 159 323 0 -457 374 -492 -377 -361 -687 0 -140 -279 173 75 468 0 0 0 -252 -418 302 -299 -455 -792 -860 7
-200 -467 0 -176 -67 0 178 71 366 -1000 377 71 348 221 132 51 290 0 0 -377 0 0 -454 18 -589 -69 5 178 0 -283 708 684 330 -18 136 0 563 -383 46 0 -27 -5 -34 -16 -240 -215 -45 214 0 -136 15 -14 166 124 9 -109 -606 659 0 -401
0 -374 69 -232 74 -356 262 -279 50 -397 219 -263 422 620 89 410 -411 -226 580 51 -503 -415 285 0 124 272 -165 257 0 0 419 -379 110 847 272 -658 449 -93 15 0 193 -437 -61 90 -327 -50 -386 -330 126 -261 0 133 0 -32 214 -310 0 -912 -293 588
-262 796 0 -196 -205 106 36 -53 0 0 178 -106 0 -180 -209 284 427 466 225 0 1000 42 -338 -125 0 660 457 -279 229 -78 685 -95 -92 218 78 -75 23 0 0 0 670 8 96 -266 -356 -286 -476 -320 -753 35 359 -253 0 -102 -219 0 78 -648 -372 0
-60 0 553 69 0 0 -201 -265 -425 0 756 -170 -35 447 755 -45 818 32 -246 30 -262 76 301 541 0 -172 -172 -214 -39 1000 -205 0 148 -323 -240 120 0 -226 -525 362 -298 295 -534 0 0 98 0 671 -763 -173 -204 -81 -378 -201 253 -69 -386 28 -74 301
155 382 -315 2 215 -699 180 -68 -303 834 432 313 615 -100 169 124 -21 720 0 -328 85 -271 -19 -83 -283 -281 360 552 -120 -204 235 386 0 -325 -27 209 519 -28 138 -11 -148 -137 1000 0 51 333 0 -412 72 -75 -618 -420 -367 -421 -267 286 -321 802 606 -327
-236 667 80 -107 0 -387 -684 200 887 -229 190 -305 -447 270 -106 -369 -157 275 -13 541 0 272 0 -120 244 -85 510 -45 -193 -171 -151 -880 -643 -558 -118 -57 600 0 -733 292 -545 559 -661 -166 -453 88 0 274 0 589 0 63 -345 178 0 0 0 -60 -303 254
0 -717 -45 90 -286 0 218 -711 -564 -617 180 54 207 233 -99 236 481 110 -287 289 499 -354 -328 80 -243 -528 262 -372 -140 -442 252 -357 -391 0 0 114 -258 -102 0 -337 398 54 -247 128 -46 -8 223 0 -843 77 479 342 349 356 241 251 62 336 -480 0
0 -225 58 0 -483 280 -264 -43 29 -483 661 562 0 -745 -110 344 217 0 320 -224 -486 297 357 -4 -254 0 80 0 0 254 0 0 331 0 -64 -333 133 364 248 355 -201 -1 0 0 -198 -273 -382 -895 263 -54 -569 0 -675 0 -294 -215 42 96 -31 194
352 0 0 -182 390 868 105 -624 -198 334 -50 -388 450 93 803 0 -60 192 -171 -73 261 0 -520 166 -50 118 -164 0 -166 109 -370 -368 0 0 -61 220 -61 71 46 567 -88 -448 93 244 -269 252 0 45 695 744 -72 -348 181 629 140 0 -399 228 -14 -393
655 -208 670 346 -818 -96 66 172 0 0 904 -100 -355 0 0 0 0 386 31 -12 -180 239 342 398 -282 262 221 -5 -349 23 0 -119 -54 0 0 0 135 -251 -152 -115 573 247 -15 0 504 767 38 -731 -24 0 0 -395 -253 95 0 0 385 133 350 -230
-294 0 -82 -418 13 -300 -40 -73 449 -292 210 290 -412 549 0 314 0 -30 -386 0 386 34 270 -720 -412 278 353 181 137 -262 332 0 601 -112 456 343 0 166 0 128 -29 3 0 -74 -211 402 390 -861 -110 -159 -101 -43 -546 0 -22 756 360 2 818 234
202 -15 430 80 -389 -178 222 0 -729 403 98 -32 -337 0 317 88 0 0 0 -511 -161 0 758 -202 20 12 -188 -639 -328 251 0 625 0 -658 -275 -374 -316 175 -204 -384 0 -172 -214 -308 14 -237 546 550 100 440 -115 0 -98 585 -412 -264 -220 422 -502 146
152 655 259 -239 157 -144 60 0 -36 422 -89 -354 559 529 76 0 -335 332 310 636 0 203 -268 -228 271 -5 366 -129 -1000 -28 419 -532 0 -621 1000 -123 -199 0 0 0 190 -294 0 -449 0 0 0 -238 0 13 -214 418 -310 406 -132 -128 247 -343 329 -115
84 112 0 -116 -355 429 -198 380 216 -24 432 392 4 708 324 0 204 400 438 -423 -290 422 -169 625 264 -175 358 -155 0 57 -221 -76 -32 86 -366 551 0 -40 0 39 -106 0 -48 -65 -316 447 364 0 -208 -96 -334 -80 179 27 43 373 0 -278 -142 -38
80 -473 491 337 0 0 0 419 382 335 14 0 -723 64 346 -20 12 -787 208 0 -342 207 132 -90 -229 -189 0 456 223 13 760 124 129 -160 244 124 406 -223 175 -228 0 22 -138 -7 0 0 -475 0 0 -209 -10 228 260 0 -336 566 -154 396 0 -241
447 280 0 -488 -338 -333 -139 0 -416 0 -55 0 184 411 1000 -292 312 254 345 60 0 0 565 -24 0 -590 -211 227 -225 0 528 247 344 0 188 -282 -156 0 0 -225 -124 0 -151 124 -36 -353 -249 -105 497 853 412 -169 672 0 0 0 0 -254 487 -717
155 0 404 96 -146 474 334 173 0 -60 0 174 98 -408 256 431 -638 127 671 -231 130 52 512 -85 -126 -257 21 -119 -89 -6 -756 -378 -543 -569 889 0 0 194 0 -74 -245 86 90 671 -135 -11 144 370 0 32 -294 0 451 157 174 39 -366 0 540 -138
151 -340 0 -241 0 -284 657 -166 228 -245 0 -495 0 817 10 27 28 -493 -165 -138 -199 -213 -189 338 451 1000 -351 -212 119 0 0 0 0 -87 -69 -252 223 409 -99 191 410 0 0 -331 29 246 62 412 -531 -107 157 0 -243 -270 303 0 0 239 -189 0
0 -360 -247 0 146 669 430 -311 604 -186 332 0 -411 524 143 926 140 86 19 43 737 -162 32 222 69 82 -162 500 -347 407 0 97 201 -741 -325 348 241 38 131 363 -75 512 166 -418 391 -148 350 354 -230 95 -526 0 439 379 -1000 137 383 -862 -367 102
282 600 -376 -361 -487 -266 -181 138 -353 -493 166 208 -391 0 -124 -551 -492 816 -158 -147 -25 124 -268 462 -29 -102 -57 -435 475 0 -31 31 0 325 212 0 -282 4 -361 504 -589 0 0 -342 248 0 374 601 -401 -334 -281 -148 0 301 -202 -866 -196 35 -32 -555
61 -450 44 -194 -242 791 0 511 395 0 -36 0 0 0 -1000 -1000 -370 -409 -87 -123 -608 113 589 512 0 815 -614 -338 -173 -193 304 0 242 381 -668 -100 -471 742 103 707 24 -387 -108 33 -343 -117 375 -321 0 767 0 14 -235 -392 174 -36 -73 -231 0 -52
-581 206 -175 43 363 -358 -15 378 569 -443 146 410 250 349 -605 -371 -321 635 0 -120 -181 -163 -327 77 0 -561 -20 -279 -96 274 -50 334 -9 -251 0 29 85 -244 0 94 270 632 -89 -566 326 -116 -604 -117 0 -418 -44 0 -111 4 0 220 -251 -127 0 -25
-542 453 -202 409 -264 -344 -108 -473 50 -470 356 -97 -45 -377 -792 34 0 107 0 302 0 -157 14 -322 -342 -179 -153 0 784 -233 -231 -85 20 -67 111 0 -167 265 -782 0 -267 667 52 -316 -756 -586 -63 654 77 163 -4 143 20 172 0 -478 369 0 52 -276
97 283 152 664 700 0 171 -116 -18 101 -2 82 -49 -316 -548 508 -91 0 -187 -340 35 -264 -294 0 -567 225 -931 58 -161 -196 97 92 -171 0 -227 -212 463 0 0 273 668 0 -106 -333 -117 -359 -180 -1000 -202 0 -769 -993 -185 650 387 284 -672 0 0 389
-80 -26 222 198 43 -176 212 -105 0 -485 175 -562 415 643 -163 -424 283 -351 0 620 0 0 -429 -9 -258 743 -837 -184 -18 -14 -194 101 -50 879 -291 194 -71 -304 222 1000 -156 -234 0 -241 -194 0 -31 -487 -141 296 -53 114 -759 -414 -8 -155 424 314 146 581
583 -193 -373 399 0 -230 -92 -331 -160 395 77 -305 -207 -588 276 -900 -395 -746 -31 363 111 -478 -51 0 328 141 -396 388 453 512 -298 -72 -635 -281 780 -96 -273 -388 265 215 -326 33 0 -257 -8 594 -287 842 525 148 0 -281 -229 -411 0 -5 207 -204 345 -78
177 290 215 106 -813 -669 174 543 -57 652 -798 0 100 -41 456 249 0 851 13 241 -96 -208 -330 314 -104 -180 374 -132 0 412 -158 1000 -689 -380 0 -202 -195 -124 -799 -198 640 -304 633 0 -383 0 -823 -220 88 319 0 -21 432 0 123 106 -102 184 0 -385
-69 256 485 0 0 -238 -262 359 206 -356 0 -353 29 -539 600 0 -269 0 899 -389 -149 295 0 320 305 -390 -21 18 0 -280 0 0 384 415 68 516 0 0 -286 0 -285 0 -165 300 0 442 546 -177 -173 0 0 -3 124 42 46 -412 0 569 -241 349
-246 -60 -61 -126 -407 -84 371 -274 -30 222 0 0 369 524 -22 -412 -427 -465 249 59 0 13 -1000 -409 0 -7 -121 447 623 395 -265 37 -318 -294 0 -244 -88 121 0 -114 144 0 0 296 79 0 -514 584 -144 -408 -17 -336 -423 647 0 0 142 -151 -397 -87
0 178 -86 242 650 439 641 382 185 0 -242 -5 0 0 -241 0 545 994 -927 0 0 405 -544 83 196 -379 -407 365 540 396 140 -3 417 -410 28 184 362 0 251 0 -104 0 -342 0 521 368 75 93 316 -251 -40 420 0 -99 -251 -4 276 -388 -21 237
64 -254 0 -129 -130 348 -121 415 -164 -13 981 123 -75 -43 241 32 305 389 8 0 29 -34 325 -164 0 -93 -181 771 0 0 220 -690 0 -216 228 142 213 -199 0 0 12 322 -762 -469 145 241 25 -284 230 -290 -101 60 -294 19 307 413 -113 389 0 0
-560 0 -411 303 818 -515 64 -280 130 283 389 0 -275 168 -273 0 84 -34 -76 -102 -351 -231 -478 -312 -649 173 102 -441 -231 486 -81 43 207 30 0 -525 -52 -256 90 -17 20 -362 0 -320 416 -103 0 -102 -387 -261 -143 671 267 36 70 -101 0 73 -578 262
-148 -118 -622 -19 780 -265 0 -312 592 -255 677 -380 -69 369 -386 -164 -475 203 0 54 -522 0 -73 -172 84 407 730 -266 -497 535 -374 205 -329 -160 727 21 -288 12 114 -140 409 -303 770 -454 -201 108 161 631 0 -469 -141 -832 182 -437 320 -1000 -224 -224 -472 100
629 -178 70 32 -117 -371 773 106 -399 -5 52 315 0 -211 -40 0 716 52 53 -259 -525 0 9 204 -354 47 -469 104 0 834 -134 -122 469 0 -64 0 0 -8 -675 0 217 69 -241 -205 311 369 97 404 -358 183 -139 9 0 -504 0 -447 0 563 65 -250
29 -70 -22 846 -484 -45 -217 -169 611 -217 -411 0 0 150 0 0 -77 84 0 -825 414 -25 0 0 -395 -414 86 0 -162 687 55 -8 -299 208 0 0 0 -187 -296 202 -176 -499 -86 -380 -282 1000 -1000 1000 0 -696 -299 242 598 -324 -301 -338 696 0 -71 109
-156 21 0 -62 0 -268 -63 522 91 150 -417 -219 375 306 0 -430 406 -540 129 -327 -335 -152 -5 0 -368 0 -166 146 0 381 -291 -468 -253 774 -143 -77 133 704 0 289 0 -156 -97 -42 -261 506 -159 69 0 420 -150 62 -545 120 -70 805 0 91 -129 0
0 -575 -302 -239 168 110 -604 0 373 268 339 614 0 -106 -310 370 -115 547 386 -299 -847 360 -1000 411 325 491 322 60 -833 -104 -61 26 -254 254 -275 0 -269 -278 -136 202 -459 0 -360 406 79 -189 0 -311 242 155 0 259 391 267 0 662 753 -134 728 255
442 381 -208 0 0 128 321 -808 -385 -44 -384 558 -194 0 252 -184 -499 -173 816 713 275 264 -363 291 371 -539 -34 -69 177 -612 -26 193 -337 203 -2 202 -618 -440 0 -390 0 -283 283 350 0 279 -369 340 0 80 -144 -160 148 0 276 299 889 -168 -617 163
-122 -69 -35 -276 -721 35 225 307 -125 -235 -245 0 -53 111 -448 -18 0 0 0 -53 0 1000 -133 2 0 887 65 22 -40 -159 0 212 514 -119 653 0 318 -221 0 825 -16 -486 -467 -52 -96 -184 138 -537 -156 -131 159 286 0 14 0 -357 -510 698 -659 454
889 218 343 277 -314 9 156 -346 -181 130 -483 554 -379 536 -171 43 47 280 -512 73 390 -184 327 162 -672 33 -51 -286 -281 593 -573 0 -261 86 526 -36 444 0 0 520 -35 575 -58 0 0 -619 749 -195 -426 61 -152 0 8 359 -203 198 777 160 -515 -382
236 705 12 735 0 261 -369 0 0 408 251 390 0 -248 -596 863 -464 -213 -171 131 69 672 -184 -720 0 -143 -136 -310 -28 -378 282 350 0 97 636 0 290 192 0 0 0 -276 161 -281 0 -56 99 66 0 -46 331 642 223 318 -8 903 0 776 -390 -71
278 -314 -216 289 136 346 -10 987 594 157 270 -60 -446 -344 -217 151 -209 0 -293 -92 -9 -463 188 -87 212 52 -275 0 -82 -60 -761 342 0 -447 -729 804 -646 83 0 -119 -7 -97 -48 -259 -240 -137 105 165 -182 0 -156 54 422 123 312 -341 375 -64 203 -208
