35 30
-24 -6 -10 -20 368 -23 -3 0 -16 -20 0 0 -19 0 0 -40 -45 -24 0 -17 -16 -20 0 -16 0 -15 0 0 -32 0
0 0 258 0 0 -18 0 -40 -15 -17 0 -19 -16 -18 0 -17 -31 -2 0 -27 0 0 0 -40 0 0 -20 0 -44 -19
-21 0 -7 0 -55 0 -14 0 -19 -23 -12 -22 0 0 -19 0 0 -35 -6 260 -15 -21 0 -2 0 -17 0 381 -33 -32
203 0 -8 -11 -32 -17 -8 -4 -17 0 214 -33 -60 0 0 -48 -12 -4 0 0 -9 0 217 204 -18 -9 -37 -4 0 -4
0 -28 212 -19 -49 -10 0 -11 0 -52 0 0 0 -19 -12 0 -12 -29 -24 0 0 -36 -19 -22 -7 -21 0 0 -4 -17
288 -16 -10 -12 0 -15 -25 -19 0 -49 -29 0 268 0 0 -23 -19 0 -15 -22 -1 0 225 255 -4 -10 -15 0 -25 279
-46 -13 0 -51 -12 0 0 -35 0 0 0 0 -31 -24 -1 -14 -33 0 0 308 0 0 0 -47 0 -4 -9 -5 -60 -4
0 -16 -30 0 -3 0 0 0 0 0 0 -4 0 -38 -30 -13 0 -16 -10 -15 0 -13 -11 -20 -5 -24 -2 0 -26 -29
-16 -49 -39 0 -3 0 -26 -3 0 0 -19 -41 -25 -26 -4 0 0 -15 0 -16 -8 -21 0 0 -43 -3 -14 -12 0 0
-24 0 -1 -24 -12 310 -3 -46 -33 -5 -16 -5 0 0 0 0 -19 0 -12 -8 -3 -12 -5 0 0 -67 -20 0 0 -5
0 0 -49 0 0 0 -41 -5 0 0 -4 -18 -16 -14 -1 -37 0 0 0 0 -15 -2 -16 221 -19 0 -4 -5 -17 -5
330 -17 0 -35 -7 0 0 -19 -13 -21 0 -42 0 0 -14 0 0 0 -33 0 0 -16 -51 321 0 -23 0 -20 -21 -1
-2 -1 0 0 0 -31 -21 -19 -19 0 -38 -23 -37 0 0 0 -6 -13 -13 0 -7 -13 -17 0 -10 -6 0 -22 0 -22
0 -21 -21 -12 245 0 -16 -11 0 163 -9 0 -50 -5 -20 -12 0 -14 -36 0 -8 0 -15 -24 -5 0 0 0 -1 0
-20 0 -3 0 -15 192 0 -44 -23 -6 -23 -35 -24 -11 0 -20 -8 -23 -41 0 0 -10 -28 -26 0 -1 -15 -3 -25 -17
-17 -36 -17 -9 -18 -33 -10 -39 -40 0 0 0 -16 -1 0 -28 -16 333 -36 -24 180 -21 0 -52 -34 -18 -16 -25 0 -14
-7 -46 209 0 -54 -3 -30 -8 -10 -25 0 -8 -3 -23 -4 -36 -2 0 -17 -14 -4 -10 -11 -8 -28 0 -10 -24 -5 0
-14 0 -24 -2 -10 -7 -65 0 -19 -43 -10 -22 -38 -15 0 -40 -39 -50 0 0 0 -20 -18 -32 -21 -43 0 0 -38 -30
-6 -24 -17 -56 -13 0 0 -24 -14 -7 0 -5 -46 -5 -23 -16 -11 150 -59 -22 0 -34 -32 0 -16 294 -5 0 -22 -39
-31 -6 -6 -18 -60 -7 -22 0 -18 -12 -17 0 -15 -5 0 -4 -24 -57 0 -3 -17 -16 -14 0 -18 -32 0 -18 -10 -33
0 -9 -17 -25 -35 0 0 141 0 0 -13 0 -9 -25 -3 0 0 0 -6 -6 -2 0 -11 -18 -21 -19 0 -6 -13 -23
-20 -21 0 -38 -24 0 -30 0 -33 -12 -22 0 -1 -10 -16 0 0 -21 -54 -3 -10 0 -1 0 0 -19 -26 -56 -24 -18
-47 -13 0 -18 0 0 0 0 398 -13 -23 -5 -5 -15 -8 -18 -14 -39 -20 -4 0 -9 -12 0 -16 -23 0 -23 -6 0
-8 0 -24 -24 0 -11 0 -1 0 -18 -20 0 -24 -1 0 180 -4 0 -7 -18 -28 -14 -40 329 0 -26 0 -13 0 -20
-4 0 0 -25 0 -9 0 0 -69 -22 -8 -16 -34 -17 0 -40 -15 -26 -37 -9 -17 -11 -17 307 0 -33 0 0 -29 -9
0 -9 0 0 0 -14 -19 -58 -6 -6 -17 197 -4 -6 -2 -28 0 -40 0 0 0 -10 0 -22 0 243 -3 -47 -24 -16
-27 0 0 -13 -18 -7 -18 -24 -12 0 -11 0 -22 -38 -28 -18 -34 0 -11 -32 0 -13 271 -18 -18 0 0 -8 0 -4
-33 -27 -16 -21 -40 -20 -1 -22 -5 -67 0 220 -13 -7 258 -40 -19 -28 -4 0 -3 -9 0 -35 -44 -13 -25 0 -11 -23
0 -5 0 -2 -12 -13 -7 0 -3 -32 -34 129 -30 -6 -10 0 0 0 0 -25 -2 -13 -10 -37 -32 -14 -15 0 -30 0
-14 -26 0 0 -3 -13 -18 -27 -17 0 193 -57 -18 0 -3 -14 -24 191 -6 0 -13 -24 -9 248 408 -16 0 -26 -1 -48
-19 0 0 0 0 123 -51 -15 -2 0 0 0 0 302 0 -15 261 0 -23 0 0 -2 0 -8 0 0 -26 230 -23 183
0 -18 -61 0 -8 0 0 -15 -8 0 0 -18 -16 0 -14 -57 155 -19 -20 -18 -7 -16 0 -5 -15 -20 -18 0 -22 0
-12 306 -37 -2 -4 -17 -8 -31 -26 -21 -43 -25 -40 -11 0 0 -37 -11 0 -14 0 -12 -19 0 -40 0 -21 0 0 -26
191 -17 0 0 -4 -14 -2 -14 -2 -10 0 0 -36 -4 -13 -21 -6 0 -10 0 208 0 -23 -17 -7 -18 -11 -11 -53 -25
147 288 0 -12 0 -11 0 -6 -38 -6 -15 -33 -13 -23 -9 0 0 -22 -14 -32 -5 -6 -23 0 -6 0 0 -19 -39 -5
