75 64
226 -116 222 152 -13 -39 -120 0 0 -152 34 -167 -32 181 0 -156 0 -51 -53 0 -144 -102 -37 307 0 0 0 -79 0 -106 353 -58 0 -20 -110 -132 -23 275 289 262 529 -56 -7 -128 0 0 -74 126 0 -12 0 -20 -231 -112 -86 0 0 0 -123 -17 -23 0 -57 -78
162 -99 -82 -57 -169 -120 -52 -165 -100 0 -105 -107 167 -43 313 -16 0 -133 0 0 339 0 295 84 0 0 -21 -137 -118 188 -85 219 -34 -60 9 0 0 -41 40 0 -71 0 -86 305 -214 -53 0 -297 0 -41 230 -21 0 283 -47 0 -7 -140 -1 -35 156 -109 151 0
-94 -101 -42 270 9 -116 0 -94 -45 237 0 -10 0 172 -5 0 0 0 -232 -110 28 429 0 0 0 -55 0 -60 -143 394 -121 333 63 398 336 -50 -9 0 -56 -69 260 64 53 -70 177 107 3 33 -6 -146 -34 10 80 201 0 49 143 -43 0 -97 0 148 300 -68
-17 0 -100 171 2 0 328 -87 0 -156 -187 -38 -68 -96 -11 309 -62 0 0 -139 219 -41 270 247 -56 -130 -112 141 -135 187 -31 337 -113 0 -47 -160 -120 197 -91 -42 -58 0 -368 -245 -138 0 -126 -97 300 -150 321 -122 -104 0 -7 -161 318 -75 292 0 -92 -23 0 61
-88 -4 0 422 -11 -105 -28 -90 338 -124 -126 -105 204 -18 -20 155 -44 -92 -2 -174 380 425 0 243 0 0 -149 -399 -117 613 59 -60 -109 -129 -124 -110 -98 -29 -53 0 -79 0 -5 0 -24 -64 226 -2 0 38 -181 36 174 -154 -26 0 -156 172 -173 -125 200 -164 -124 177
0 -52 -68 -125 -122 -124 -25 0 218 -30 -121 -15 -13 -210 0 104 -1 -86 -7 189 326 0 210 236 -48 -31 0 -18 15 -56 0 0 -164 -89 127 0 -83 -154 -205 -159 0 -56 0 0 0 -145 -206 -101 14 -152 -75 227 266 0 -53 -122 -217 0 -41 -54 -73 0 -135 -62
-27 -120 -196 449 -123 0 105 -85 114 -25 -155 -30 -77 357 -79 -225 0 504 147 0 -36 0 36 -117 -79 -19 -192 0 -153 0 142 -61 -211 -193 191 -121 -11 -50 248 -124 359 -24 -123 -35 265 -101 42 -10 0 0 -223 365 254 -5 129 364 290 0 -112 289 -172 -42 -79 0
-92 -25 130 -64 0 -342 -85 0 0 -109 0 -98 250 -97 -182 -173 -108 -15 0 -154 180 -265 517 -97 -160 178 0 0 559 -122 0 -33 -34 0 98 150 0 -108 89 -107 0 -72 0 0 0 240 288 150 0 84 0 -77 -115 168 181 282 -88 -71 -46 0 -55 -98 0 0
-202 0 0 0 -42 -169 49 0 -109 -23 0 303 -31 -117 212 -8 -165 0 -200 -104 -197 -118 0 0 -28 -101 -75 -115 299 0 170 64 -125 105 -24 -65 0 126 -103 166 0 0 -183 0 0 -110 44 0 -179 -160 0 -195 0 -28 0 -22 0 -148 -53 0 -76 0 0 -151
-128 0 -27 0 0 -39 -95 -4 23 -27 0 0 90 -42 81 -49 -107 -63 -32 -7 0 233 0 0 0 0 246 -105 -88 0 0 216 0 -111 -9 159 -72 -123 -41 -39 173 0 224 -82 -113 349 -213 -87 -49 0 -16 -53 -116 -108 -69 366 0 0 -71 0 0 0 37 0
-93 10 -137 76 -31 -59 0 -164 -125 30 276 -81 0 548 75 -177 -222 -166 0 0 -72 0 0 -62 0 -122 0 0 -71 -54 0 401 0 -63 103 0 -99 -148 0 137 -77 0 0 -139 -51 22 0 -251 -56 0 0 0 0 0 72 0 -65 0 -92 167 -182 217 -237 353
-100 -96 -14 0 0 -57 396 -78 0 -338 -102 0 0 0 -91 -86 0 161 -16 -36 0 -258 0 -9 0 -108 0 0 0 -90 -168 -39 0 0 367 -209 -124 -106 -65 -57 -180 -86 -114 21 0 0 0 -128 -119 -4 55 -6 -6 54 261 -101 -109 -96 0 -157 -203 -108 0 -37
0 0 0 -66 0 0 0 336 -129 -118 158 -107 -142 -93 0 -88 117 4 -17 0 0 -113 0 0 376 247 0 -117 -45 -227 -89 -171 180 40 -59 431 0 0 -92 0 0 0 318 0 -54 477 -10 0 -87 -216 -79 0 -120 0 162 -84 155 0 0 0 0 -89 318 -4
0 -25 66 9 349 242 233 431 0 0 189 392 -194 -294 -61 -40 -220 0 0 -85 287 -88 -73 0 -99 -93 -53 0 178 -104 -37 445 145 -102 481 345 0 -312 -51 -100 0 292 -37 -26 -84 -96 -88 -25 -52 389 -172 0 -76 70 0 -22 -136 0 0 -140 224 0 -112 0
-42 0 252 254 -120 -129 -118 0 -79 0 0 0 214 30 0 0 211 -83 0 55 0 0 -175 -353 -97 -52 45 -78 -93 -118 -65 -145 239 70 102 -239 -428 340 -8 -129 -120 119 -109 42 -100 137 0 0 -196 0 -49 -123 -115 -127 108 58 -213 -211 369 -84 -159 309 0 56
0 -81 -110 132 -114 -14 254 -116 -52 -101 0 -82 -60 0 24 -240 -54 0 -124 62 -101 405 0 -84 -84 -30 0 190 -77 -172 0 393 110 0 -22 -12 535 -46 -50 15 479 0 -178 -12 -23 -155 -149 -106 95 -137 0 -131 209 -169 0 0 0 0 221 -31 -108 12 331 -122
-91 0 -214 -240 0 0 -150 -158 232 0 428 0 -1 0 0 -201 -70 0 -211 -19 -10 240 -83 -19 -69 -42 -78 -85 -12 -176 0 361 0 -84 105 -145 -31 -191 0 -19 -65 383 190 0 -1 -53 227 -60 0 430 -28 166 356 -92 45 -8 -91 122 224 104 -66 -106 0 -72
-95 -102 372 -153 -21 366 0 0 -214 -103 -61 0 -114 119 -103 -151 -74 0 0 0 0 0 -160 0 474 -66 -47 -9 182 -139 -115 331 0 52 -126 -131 -165 131 -139 -272 -42 450 -51 -26 0 0 -25 0 624 -91 -53 0 -67 -195 -62 227 -49 176 0 109 -143 -92 0 0
-113 -78 -2 -87 0 -86 -133 345 -102 159 -38 -92 109 211 484 0 0 -131 0 0 234 0 -106 211 0 -69 -62 -23 0 -55 -185 -257 -65 122 -91 61 401 338 -101 -83 188 -72 -123 0 418 0 -33 -37 69 -41 0 0 -210 -168 -236 -99 -17 -86 0 -52 0 144 127 0
-61 -3 198 0 -112 -34 -7 -187 0 0 0 -67 0 -103 -35 554 -48 311 -59 22 50 386 217 94 -16 143 -176 -202 -21 -94 -40 0 0 -125 0 0 -110 238 -25 -31 342 -192 338 -65 369 0 -161 -54 -33 -68 0 351 0 112 -62 -121 -72 0 -4 -40 232 -49 0 -92
0 -97 -48 0 0 -134 322 0 -41 -118 -96 0 0 0 0 0 305 0 -60 -53 0 -172 253 -22 0 -208 0 0 0 -254 -119 -76 -21 -114 0 0 -46 0 0 227 0 24 0 199 -18 0 -13 249 -26 140 228 345 -78 283 270 -2 0 0 129 -100 174 -103 0 292
-6 -136 -78 -111 -205 230 -50 0 152 -31 142 105 -116 0 -92 0 -10 -70 607 -97 -69 -62 -57 -94 -44 -72 121 -14 42 0 171 -10 0 -13 -67 -31 -99 0 0 0 60 -120 -90 168 285 0 0 222 -106 -38 -115 -41 0 0 -60 0 -155 -20 149 -144 116 0 0 -44
0 -59 94 205 0 0 180 0 -4 -61 -160 0 53 301 66 -124 -47 96 -9 -47 0 -59 -62 -89 0 0 -3 -118 0 -108 303 0 -52 313 0 63 -125 218 -93 28 247 -98 -103 0 -123 -89 -13 0 -70 -180 0 -172 38 -108 364 0 309 -167 -70 0 316 209 -9 0
0 -106 -97 -176 -118 -108 0 -400 -158 -112 0 0 280 -272 0 -182 88 -91 257 -20 0 61 116 -155 0 -230 -367 -104 0 -34 -24 -11 -209 -231 -44 334 -77 -56 0 149 0 338 -27 -118 0 -99 -158 377 -155 0 -193 -106 0 -67 98 -154 -71 0 108 -141 -163 -188 173 0
0 -71 -80 -108 -179 310 -16 0 -47 -22 -56 0 0 -55 0 -18 -141 129 -207 -171 432 93 92 -98 -86 206 110 -104 0 0 -108 -46 0 0 0 -15 -5 -196 72 -29 -165 -23 -74 0 -127 -135 -71 0 291 -174 0 -57 119 0 0 -7 -112 410 -187 -17 -88 0 0 0
-85 0 -138 -61 0 -70 -80 -1 103 -122 -101 -55 -16 -143 -92 0 -26 -93 0 -127 -78 -126 0 -63 0 -59 -60 -67 0 0 0 -57 -28 0 -157 0 -122 0 89 197 -74 -34 0 0 456 99 -16 0 -144 -37 0 -103 0 0 0 -58 162 53 0 0 -22 -172 -143 0
502 -84 -125 298 -9 132 -41 -5 345 0 302 0 255 0 -129 -116 -201 291 0 203 -284 -120 -68 0 -181 0 -90 -98 -123 -25 -36 -110 0 -29 0 159 -19 143 -138 -44 -215 158 0 -18 0 -136 -93 0 132 -13 -110 -91 -59 0 0 -53 267 -26 -32 -213 -111 0 -91 -19
-71 0 -188 -60 14 0 -94 -99 0 17 -160 -73 281 0 328 -250 -27 -112 -102 0 0 -222 0 -32 131 0 -22 0 -64 -80 119 0 0 0 -118 0 -146 139 -25 -36 -61 148 -76 0 325 112 0 -196 186 -59 193 -31 176 0 -34 263 0 0 -32 0 -39 -6 -30 -88
-83 142 0 0 -30 -155 0 0 -77 289 -54 -93 0 0 -36 0 0 106 -129 157 -75 -60 19 0 32 -11 334 -61 295 0 -194 -123 691 -78 -223 -140 -69 137 -178 251 0 -141 0 -193 139 0 0 0 -124 -87 0 0 -158 251 0 -222 -166 0 -5 0 -50 -181 -196 -24
0 -110 0 -164 -118 -115 -91 282 0 326 0 -104 -184 0 -155 -22 266 -171 0 89 0 0 -194 0 0 133 0 0 -39 -106 -43 93 -30 -76 467 -79 -116 -275 58 -82 218 -79 -76 -72 -161 277 -115 152 -45 -105 -21 0 0 34 -112 0 -26 -80 0 -171 -20 0 -93 -26
144 0 -288 0 0 -211 258 600 115 0 -118 -114 -131 0 -49 -25 0 203 0 0 -75 -74 0 -28 0 -100 -167 -46 -173 0 -34 -115 0 0 -10 -97 -26 -275 -42 -161 219 0 0 -67 390 -58 -154 0 0 0 0 223 -182 0 0 -237 -95 0 -9 -64 0 -66 168 -105
0 -22 0 0 -59 -57 -93 -110 0 0 -65 -42 -356 0 -6 182 113 -115 0 -102 -115 -61 -288 -123 212 124 0 17 -54 -93 -156 3 -13 -109 -34 -136 400 -70 -10 -115 -86 161 -82 -93 -47 -205 -28 -67 -60 -191 380 -133 -103 -106 -104 0 0 -293 0 -145 0 0 -171 0
152 -322 83 0 -51 -48 394 0 -49 -505 -79 -122 0 10 518 0 140 -107 -111 199 309 71 -29 -166 -39 0 -133 0 0 -128 190 0 -66 -102 -76 271 -313 0 251 -49 0 -70 -138 -155 -81 -129 -95 -90 -117 -89 -72 -185 -256 -81 -137 -164 -68 -1 0 -79 0 0 124 186
-30 -80 -66 0 76 147 -137 -111 -87 0 306 245 -101 -201 -93 -79 -20 0 89 0 128 0 -22 0 37 -79 -289 0 -42 -69 51 -201 392 -105 -5 123 0 396 -106 -79 289 -72 -104 0 -52 -165 172 216 -328 -124 -236 280 0 306 -37 -37 -90 -228 -6 -160 0 -161 -27 -61
-70 210 283 0 0 0 0 0 0 0 257 0 0 -34 -148 -62 0 273 0 -116 -133 0 -108 -78 0 0 -82 -91 -28 -117 -39 0 0 151 -347 487 0 -58 23 -19 -98 -39 0 496 275 0 0 142 137 -163 -49 0 -108 -106 0 232 0 -115 -131 186 73 0 0 311
-115 0 252 49 396 -173 -46 -56 -204 -33 -23 0 -63 405 -250 0 -16 -52 -179 343 259 154 -52 -153 0 0 -72 -11 -5 -71 -108 -79 -104 0 -88 90 -87 0 0 0 173 -118 -75 114 -55 117 -160 -111 -98 -46 397 264 -64 0 0 -75 186 -83 -80 0 187 54 0 194
-74 -189 112 -216 99 0 -37 -42 0 -89 0 -35 0 -97 -75 -264 0 -79 -8 -48 285 163 260 0 190 -64 -12 -64 0 0 0 0 -101 0 -28 0 25 0 321 -7 -98 -104 -82 -97 0 -20 0 0 0 253 -39 -211 -69 0 0 -24 -114 0 0 140 98 185 -100 -63
-38 -230 93 0 0 -77 0 0 -2 -62 -23 0 -138 232 0 -162 85 0 284 -108 -129 0 -21 0 -149 -71 396 -51 -226 0 -54 -110 -108 0 -97 125 0 -118 -31 57 0 -2 0 -189 -70 -253 317 -165 212 -60 -91 88 0 -36 0 -166 73 -106 -8 -20 0 380 -85 -130
-118 0 -172 -18 249 -92 0 -119 -86 305 336 135 0 171 129 354 0 0 51 0 -107 -88 -107 0 -7 -4 -29 -113 167 0 154 60 -124 -164 -96 -26 -197 -174 -239 -43 0 -84 0 -98 -17 368 -1 -100 395 0 429 0 -64 -205 0 220 -35 0 -102 -205 -210 0 -74 0
-124 -45 209 -80 0 -44 -180 0 0 219 0 -60 493 -163 -125 233 -74 -79 -86 0 0 -45 -105 -144 -27 -106 0 0 -257 -87 -201 -95 -26 -120 172 0 329 0 -56 421 -27 221 0 0 -90 0 0 -114 -270 186 355 361 0 0 -108 -69 -344 0 148 207 -5 220 129 334
232 -111 -206 -152 -17 -95 125 -138 0 0 0 0 192 0 -215 -40 0 0 -6 -69 -30 327 -114 0 -31 201 0 0 0 -27 -133 -73 557 -62 0 -7 -14 -35 -125 234 445 -39 -227 -118 281 -14 0 0 -47 245 -90 -100 -118 0 -8 -234 -125 436 -124 0 0 215 190 -82
333 118 0 50 -121 -103 -203 -99 -77 0 0 259 -119 -178 258 126 0 -279 0 362 277 -49 -2 208 -138 -205 0 55 -169 -117 -254 -40 -17 -156 0 0 -100 0 -10 -22 -111 0 0 -89 0 -47 -168 -51 -1 -142 99 -16 -208 212 -53 0 0 -70 -142 0 181 0 164 -187
-53 0 -130 0 -194 0 -72 223 -73 340 -95 -26 -155 -298 -105 -217 -23 129 38 162 -32 423 0 428 0 0 0 -108 -180 325 -109 -34 -84 -45 -14 -3 -113 -247 -17 0 -55 -121 -71 -72 450 489 0 98 0 0 0 0 82 0 458 0 0 0 44 -79 -44 -54 -75 -58
436 14 -10 13 -222 0 119 190 0 -11 -27 -96 -97 -104 -97 104 97 -51 -104 471 0 -322 144 0 -65 101 0 0 -70 -106 0 377 -62 73 0 153 307 0 196 -42 0 0 -20 0 0 342 0 0 345 -169 -15 -175 -55 -161 -59 0 -23 0 -88 0 75 -52 0 102
-95 0 0 210 331 0 -18 0 -23 -16 0 0 0 0 249 -43 0 -59 0 117 -215 40 0 0 0 -82 0 267 -118 0 0 148 -81 32 -191 -56 0 0 13 -9 -116 -112 0 0 -124 -59 77 328 36 252 -136 457 0 -35 194 87 -10 -54 -16 88 -59 -68 0 172
236 43 125 -107 -83 -57 -101 -83 0 -125 -57 -117 101 -111 0 -157 0 18 -102 -134 -130 0 -44 0 -97 0 0 -6 405 264 665 0 0 -15 190 414 91 -113 -50 -122 133 275 -125 -71 0 0 -15 0 231 -38 -104 -12 0 -104 -162 -147 0 -63 0 53 -50 -65 0 -112
-5 0 -166 365 -40 -116 -29 -22 -39 0 273 78 -480 257 0 0 0 0 296 -32 -31 0 66 245 -20 -125 340 0 -38 -29 0 379 -188 -57 0 83 0 0 0 -136 -97 -45 -130 0 0 -236 -322 -20 646 -60 316 -15 83 386 -140 -79 0 -53 0 0 71 -109 188 0
0 175 248 -230 -15 -124 310 -203 340 -17 0 -114 -14 57 -61 -133 -100 -172 376 33 -55 -36 -92 -65 -1 0 0 0 0 -94 0 -56 -64 391 -97 202 -34 -39 207 0 0 0 -14 -142 -168 -117 -83 -184 129 -77 -205 -210 38 -122 209 -19 0 0 140 -74 -48 0 -220 -125
195 -66 0 0 -3 0 55 27 220 313 -43 -35 0 -22 0 0 -36 0 -148 -67 93 208 -112 182 17 0 0 -105 326 -3 -168 -118 -103 0 0 205 0 92 -81 -199 250 237 -134 328 0 172 -83 0 -43 208 0 -5 104 -42 506 0 317 -73 -9 -112 0 -9 347 -212
0 -120 0 -35 -19 -46 0 0 538 -141 -90 360 391 179 -52 0 -36 109 -111 0 -85 -152 -98 -26 -77 123 -119 372 -31 -65 0 -17 208 8 -140 0 -86 -143 461 -217 0 0 0 -106 0 0 -98 -45 0 0 0 0 -179 125 -45 0 0 28 -79 -196 -148 -97 0 -75
-99 -85 -114 -25 -32 -43 -125 -81 0 -161 -103 -53 -161 0 0 -58 67 -88 -113 -4 22 148 -146 -105 191 333 123 92 0 386 -31 -128 -85 -1 -195 0 -82 0 -77 -105 0 -231 378 -18 265 -159 121 -125 -106 0 -51 -9 563 -222 -160 -7 488 -111 -8 271 -221 -102 -178 -111
-144 -145 -55 0 0 -73 -35 -19 0 474 500 313 516 0 0 -67 -333 0 -107 0 -20 -276 -78 -1 0 0 -27 536 -114 0 114 -129 -34 0 52 111 -32 -81 -80 -110 -39 0 159 0 -77 0 0 0 -112 0 -96 -253 -29 0 -5 -132 0 -54 0 -95 329 245 0 -110
0 0 -77 -26 -21 -194 -125 -267 0 0 -78 -115 460 472 0 35 144 -190 -80 -37 -100 -112 -58 0 378 -125 0 238 120 0 -312 -122 223 0 -59 -110 164 440 -28 -10 0 75 -143 0 321 169 -7 -81 500 -113 -116 297 112 -90 -14 -108 203 -47 236 -122 97 417 117 -78
144 -18 98 -12 -41 -129 0 -66 0 0 665 -115 0 277 89 -85 -44 -151 115 -66 0 0 225 -27 86 75 0 0 -1 -63 -44 193 -45 -55 -219 -144 -145 -188 -70 355 -127 164 -96 -67 0 -185 66 139 0 -92 96 -114 -13 -265 200 -158 -167 320 -73 0 106 0 -233 -186
-45 -60 -105 -12 -122 -88 271 -148 0 0 -135 -5 -10 -140 -84 -42 -12 -91 -85 -55 140 -94 58 81 0 -215 -367 0 210 172 -109 0 0 0 -98 -26 -69 296 -20 -87 -157 123 205 -102 0 -39 273 99 0 -115 242 -152 -4 0 -186 -446 0 0 -2 0 -246 165 0 -203
-124 -106 0 -40 0 -102 -107 -9 209 -69 -4 0 0 0 0 174 163 0 -89 0 383 -110 266 -83 -38 273 297 0 -87 -192 -57 0 -198 0 0 467 365 -32 -18 139 55 0 0 0 -121 -52 -92 0 0 -106 -62 -56 251 -6 0 0 168 -15 255 -73 0 0 -182 0
-175 78 0 0 -42 0 0 158 0 0 272 0 57 0 -14 -121 0 -20 143 538 -98 -178 277 0 0 -114 -240 0 -65 0 202 -12 -45 -48 0 32 -93 -2 0 -109 0 -29 183 -199 0 326 0 -223 -105 0 -113 316 -123 0 -108 -27 0 115 0 -49 0 -33 0 123
-96 0 -7 180 -142 0 -141 -89 -49 -7 -52 -18 -161 220 -64 0 -15 486 177 -38 0 0 -61 264 -35 302 -264 0 51 282 -106 562 269 -57 14 302 0 0 179 207 -86 0 0 -67 -186 -226 0 136 -59 0 162 0 -122 0 0 0 0 0 -5 -255 -76 -143 0 0
-82 -32 0 108 -68 -83 -62 -84 347 0 0 -139 0 -91 257 -59 346 -5 640 -168 -106 0 -252 251 -5 0 -23 -95 0 0 -56 0 0 -52 -37 -95 79 -194 0 -166 89 238 0 -99 -45 0 203 -96 114 359 0 0 -267 -120 -68 -167 -133 -56 -198 -80 -61 -101 -54 24
0 0 -71 0 -61 0 46 209 0 -247 -33 305 -124 286 -1 0 -112 -60 -8 353 0 0 -41 213 0 -208 341 398 -34 0 -97 -98 0 379 0 47 -125 276 450 -130 0 0 -122 -46 -102 -182 -28 231 0 0 389 -136 0 228 -123 126 0 -2 329 -71 -108 0 0 -209
-21 0 0 -67 -188 454 -112 -152 -16 -16 260 -11 0 0 286 0 -104 0 0 0 237 0 268 -9 -116 92 -106 -204 -142 0 0 -155 0 -16 -13 -16 -115 0 -52 -25 0 -36 -37 28 -101 389 339 -181 0 -119 -164 -249 -35 -62 0 -132 -53 228 -242 -253 -132 -95 0 0
-72 -43 0 -32 256 -20 0 -59 42 -29 -114 0 -13 -150 -56 -113 0 0 -44 -122 0 0 0 -87 -35 -9 -209 -1 0 -5 -46 0 0 0 -20 0 -171 0 -87 0 0 387 -87 -98 0 -60 -38 -18 0 -122 -94 -49 23 11 -71 0 208 0 -93 -45 -69 351 -75 0
-72 -243 -33 -42 -37 -76 215 0 30 0 137 0 68 0 267 -52 0 0 0 -6 -104 0 -32 0 0 -139 -53 0 0 -11 -141 0 0 0 -86 0 240 0 -64 0 -73 78 0 -258 0 338 -109 -95 -24 -95 -29 42 -11 -205 -81 0 197 -207 173 -103 111 444 -36 -41
0 0 0 607 -95 49 -402 -61 0 -19 -99 -12 -222 -92 0 -5 0 0 0 -287 -51 -202 -180 -34 -61 -291 -153 -131 0 0 -111 -79 0 -89 -119 -19 -95 0 -50 -104 0 -87 165 0 -42 -107 -162 -197 -70 123 0 -119 -222 0 360 0 0 0 -15 0 -54 375 -112 -44
-76 0 23 -61 -133 -40 32 -35 379 0 -48 -199 -16 -110 292 0 0 -219 0 0 -116 348 0 0 0 38 0 -103 0 -15 -21 -163 -112 0 -70 0 -169 105 -2 0 -120 -86 366 -118 -15 -108 343 -24 -34 -153 -9 -59 0 -178 247 -76 86 0 -135 -102 188 -52 315 0
-226 -115 2 -118 0 -37 310 -40 0 -65 -133 -30 0 92 -8 0 0 0 -109 0 -4 98 204 -239 -72 -135 308 303 0 -21 0 -85 -60 -1 246 0 -91 116 -117 0 454 0 -57 -154 -13 0 -49 -77 -55 -292 0 -227 0 -147 0 -101 0 269 -27 0 0 0 0 199
217 479 -71 0 -131 -31 -117 -266 -140 -85 -118 0 -107 241 -2 529 281 0 -151 0 -237 -39 185 0 10 0 0 149 -103 10 564 0 0 280 -68 0 0 -60 -71 159 0 0 0 -103 -54 -126 334 0 0 -70 -66 0 -113 -63 0 0 -111 -287 213 0 -17 -160 -4 -157
0 -6 397 0 0 66 109 0 -327 0 335 -120 -150 0 0 -65 -16 -109 -100 -106 0 -109 175 0 0 0 378 -68 -78 0 -7 161 0 -12 0 -10 -111 -115 0 242 -18 0 0 578 0 -159 124 -149 -43 0 156 -88 -105 -17 -139 122 -140 0 -64 227 173 0 378 -52
0 -98 -105 275 -86 0 -72 96 -69 247 -92 -355 188 0 -86 0 0 213 107 -172 0 0 237 -183 165 196 -54 246 0 -26 -98 -91 0 -78 0 0 -92 -34 -147 -41 -158 176 -99 -15 0 -166 113 0 422 -96 -95 -19 -105 159 -11 0 0 -235 171 778 -19 -188 0 0
-132 -84 0 -244 0 -191 -217 0 0 0 0 0 -68 -49 0 -2 -73 -89 -182 -251 0 -58 0 0 415 159 -59 -93 0 -53 -81 0 0 -156 -30 175 0 -228 -28 77 282 -379 -95 -79 0 0 0 230 -102 180 426 -14 0 -27 -98 -227 0 -24 -57 -100 0 0 289 0
0 0 0 -102 226 -95 0 -27 -42 0 -130 -76 -143 312 0 363 131 0 489 0 0 0 -91 0 0 -117 -113 0 -70 -102 -18 79 0 -16 0 -66 -6 -132 -72 -96 -260 0 270 52 -49 -106 106 0 -78 -68 0 -7 0 -213 -274 -46 -46 0 -100 74 0 0 -26 -171
62 -191 -139 171 0 292 39 0 -184 176 -118 318 -73 126 -90 -43 -160 -167 0 -62 349 28 -35 -152 91 -6 0 -208 -111 -136 -90 -68 156 -105 -40 -37 -180 144 -112 0 393 0 0 274 0 256 -186 0 5 -77 -61 0 -162 344 0 -19 0 -135 0 -99 0 0 0 443
-94 -154 0 -58 0 -33 107 -109 -105 -109 -150 -11 0 55 -33 -48 508 -21 -34 123 0 228 -147 -85 -4 -59 -91 0 186 0 0 -69 0 319 -40 0 58 -93 -17 -66 -112 -173 -82 0 -64 0 0 -196 -84 -3 -96 241 0 358 0 88 -112 -21 0 -177 0 0 -59 120
-59 0 -91 706 130 -234 -420 33 276 96 0 -84 158 -191 0 -52 0 -76 0 -25 254 -135 -88 8 -51 0 -60 0 0 111 -51 0 436 0 -11 173 -53 -87 -42 -201 259 -119 157 513 247 0 -119 0 0 -55 39 -66 -42 -86 0 -117 0 -120 0 0 0 11 -102 -93
-184 -84 -82 0 151 -97 -178 -74 -6 -178 84 0 -286 0 164 -36 -9 40 -65 371 -30 0 0 -93 -93 -185 570 -65 -79 429 75 0 -199 -172 293 -74 -54 0 -33 -107 0 -185 274 -256 0 -36 533 -255 52 190 -76 -29 -95 -157 325 59 209 72 -79 0 437 39 143 382
