15 14
-142 0 -511 0 528 0 60 73 0 239 -159 32 203 131
-12 242 -206 -25 -256 -436 -337 -9 -440 398 -182 125 295 0
265 440 64 300 719 0 0 -146 0 32 20 -97 -285 -54
1000 0 -44 184 348 -96 579 -100 473 -62 -233 314 -245 -354
0 -133 -182 144 82 -163 0 57 -311 0 0 -187 278 -58
0 -112 208 -33 -86 0 378 0 -283 -193 -137 -22 348 3
160 4 -34 -445 0 -246 0 152 -374 110 -143 290 -164 -102
0 0 -81 -150 508 0 -191 -423 -113 0 -135 75 0 -66
0 831 181 0 -230 461 -278 -250 -232 8 -291 -245 102 465
117 -571 0 0 17 -100 -467 0 -129 68 242 0 10 -210
0 201 594 0 102 0 0 752 0 143 0 0 -211 0
26 -183 0 150 -21 -44 -110 -189 -107 393 372 0 -206 -243
-351 -166 -7 126 138 -517 0 426 -301 -4 52 -190 -189 -104
-93 -36 325 -532 -255 0 -96 0 -394 -181 243 0 0 278
-143 0 0 -12 257 0 -67 228 -99 0 377 44 -718 180
