100 85
0 -32 -1 -8 0 -11 -11 -25 -11 -22 -21 -20 -24 0 0 -28 -23 0 0 -10 0 -31 -7 0 0 0 -18 0 -39 -16 0 -37 0 -8 0 0 0 -66 -36 0 -24 0 0 -18 -32 -9 0 -20 -23 -11 0 -9 -5 -15 -5 0 0 -29 -1 -1 -14 -27 -29 -46 -15 -11 0 -26 -23 -43 -6 -35 -33 0 0 0 -28 -24 -10 0 -11 0 -11 0 -15
0 -15 0 -26 -18 -32 -14 279 -3 0 0 0 -6 -9 0 -29 0 0 0 -11 -23 0 0 360 -65 -17 0 -25 0 0 0 0 278 -18 -40 -1 -8 0 190 -32 0 -28 -24 -29 0 0 -13 -2 -48 -13 -20 0 -23 191 -15 -13 -22 0 0 -8 -12 -37 -11 0 -5 -12 -37 0 318 -13 -5 -20 -20 -23 -11 -19 0 -15 -4 -8 0 0 -15 -13 -23
-3 0 -21 -23 -3 -34 0 0 -51 0 -20 -7 -6 245 -9 0 -19 -11 -24 -21 -29 -17 0 0 -13 0 0 -12 -20 0 308 -11 -3 -24 -19 -49 -17 -18 -3 -7 0 0 -30 -11 0 -6 -14 -19 0 -21 0 -25 -49 -20 -25 -22 -34 -9 -55 -17 -20 -8 -24 -3 0 0 0 -24 -32 0 -16 -2 0 0 -51 -24 0 0 -9 0 -11 -29 -33 -33 -36
0 -62 -18 -32 -5 0 -44 -32 0 0 -16 -1 0 0 0 -42 0 -12 291 -15 0 -54 0 -32 -20 0 0 -21 0 -12 -18 -17 0 -19 -11 0 -3 -20 -11 -13 -22 262 0 -23 -20 102 0 -19 371 0 -63 0 -9 158 0 -16 -9 -22 -11 0 -47 0 0 -1 -7 0 -8 0 -17 -25 -6 326 -36 0 -36 -19 0 -24 -16 0 -13 0 0 -6 -1
-59 -12 0 -17 0 0 0 0 0 -10 -13 0 -24 -18 0 -13 336 -53 -24 -22 -21 -25 -19 -23 0 0 0 -17 -22 -16 -23 0 0 -9 0 0 0 -19 -14 -12 0 -32 -14 -25 -24 0 -48 -33 -1 -37 0 -52 -17 0 -5 0 -6 0 0 -38 -18 -2 0 -25 0 -20 -46 -48 -12 -1 -11 -7 0 0 0 -2 0 0 0 -22 0 0 -2 -67 -36
0 0 -9 -45 0 -23 245 0 -20 301 0 -24 -14 -25 0 -22 -26 276 -16 0 -6 -12 0 0 203 233 -21 0 -20 0 -25 0 -1 0 225 -15 -12 -16 -21 -24 -63 0 -20 -34 207 -20 0 0 -14 -30 0 -35 0 0 -18 363 -25 -19 97 -9 -10 -21 -52 -25 -17 -23 -22 -31 0 -2 0 0 -33 -26 -14 0 -4 -5 -16 -22 211 188 -25 -5 -10
0 -20 0 0 -15 -6 0 -28 -25 -5 -43 -7 -35 0 -44 -56 -17 0 -49 0 -6 -1 0 -8 -4 0 -2 -11 0 0 0 -23 0 -57 -30 0 -27 -8 -18 238 -14 -20 -23 -32 0 -18 -32 -32 -18 -1 0 -22 0 -12 -19 -3 -40 -18 -15 -11 -30 -16 237 -42 0 -21 -28 0 -17 -3 0 -23 -78 -20 -17 -41 -1 -12 0 -43 -12 0 0 -25 -25
-21 -11 0 -5 0 -32 -6 0 -18 0 -2 264 -3 -35 0 0 241 216 -6 0 0 -14 -22 -40 -41 0 -12 -6 -11 0 -33 -22 -19 0 0 -25 -5 -24 0 -10 -17 -47 0 0 0 0 0 272 -26 0 0 -19 0 -26 0 -31 -22 278 -38 -19 -46 0 -8 225 -15 0 -31 -68 -59 -15 -2 -20 -28 -31 0 -29 -25 -13 -5 -19 -33 0 -24 -16 -17
-16 0 -12 -24 -8 164 0 -14 -7 -10 0 0 -53 -20 -7 199 0 -33 0 -24 -5 -12 -42 -11 0 -15 -24 0 -46 0 -16 0 -15 0 -25 -25 -14 -10 -27 -8 -14 -7 -4 0 -35 0 -3 -25 0 -4 0 -15 -32 -15 -9 -21 -11 -41 -20 -16 -12 0 -33 -5 -62 114 0 0 0 0 0 -21 -22 158 -15 0 -11 -17 -21 -14 -40 -33 -49 -6 0
-7 -11 0 -4 -19 -2 110 0 -11 -37 -10 0 -15 -15 -24 -45 0 0 0 -9 -16 -14 -37 0 0 -53 -22 0 -18 -42 -24 -21 -58 -19 0 0 374 0 0 0 -37 -28 -36 -11 160 -47 -6 -14 0 -29 -4 -15 0 -23 0 0 -15 0 0 -18 -49 0 -10 -39 -20 -31 -23 -11 -15 0 -6 -24 -9 -11 -25 -24 -10 -28 162 -25 -2 0 -10 -29 -25
-18 -10 -25 -16 0 -53 0 -22 -11 0 0 0 -25 0 0 0 -3 0 -8 0 -23 0 0 -9 -17 0 262 -6 -25 0 -20 -7 0 -16 -23 0 0 -9 -49 0 -25 -23 -14 0 121 247 -7 0 -18 0 0 0 0 -22 -23 -39 -17 -23 -25 -40 0 0 -11 -60 0 -21 0 -32 -17 0 -2 -30 -5 -8 0 0 -52 -27 0 -29 0 -19 -13 -8 0
-21 0 -11 -14 -23 0 -52 -20 -6 0 329 -3 -33 -39 0 0 -17 -8 -22 -19 -9 -18 260 -16 0 -4 0 0 -8 -27 -47 0 0 0 0 0 -24 0 0 -9 0 -15 -48 -20 0 -31 -19 0 -3 -33 0 0 -12 -17 -31 0 0 -19 224 -26 -44 -5 -11 0 0 -37 -3 -4 0 -16 -19 0 -74 -21 -3 -24 -47 0 0 259 -7 -9 0 0 -14
-20 -18 -41 -25 -19 -23 -19 -32 -36 -16 0 -12 0 0 0 -17 231 0 0 -12 -5 -13 -34 0 186 -14 -15 -7 -6 0 -22 -14 -22 0 0 324 -12 -18 -8 -7 -27 -12 0 -12 0 -7 -6 -4 -17 -17 -24 0 0 0 0 0 0 -28 310 0 0 -25 -15 -6 -24 -20 341 0 0 -18 0 0 0 -57 0 -25 -17 -14 -25 -37 -8 -13 0 -60 0
-28 -36 0 -21 0 -16 0 -21 -52 293 0 -24 -87 -11 -24 -27 -7 -16 -13 -23 -2 0 -25 0 -45 -23 0 -13 -24 -19 0 0 0 -21 -12 -38 0 0 -21 -58 0 0 -30 -14 0 0 0 -24 -22 -25 -48 -23 -18 -31 -31 164 -20 0 -2 0 -24 -13 -40 -14 0 0 0 0 -17 -24 0 0 0 300 -25 0 0 198 -2 0 267 -24 -25 0 -3
0 328 -18 -26 -17 -1 0 0 0 -10 0 0 0 -28 0 -27 0 -39 -15 -7 0 0 -37 0 0 0 -5 -15 0 -19 -3 -8 -16 -19 -7 -29 -16 0 -8 -11 0 -2 0 -12 -15 -46 -23 0 0 -21 0 -46 -50 0 0 -24 0 -9 -78 -8 -30 -8 -17 -25 -5 -32 0 -42 0 0 0 0 -14 247 -3 0 0 0 -12 -6 0 -10 -18 -46 0
-60 0 -48 -89 -8 -19 -37 -37 0 0 -23 -40 0 0 -21 -20 -36 -23 -13 -32 0 0 0 -1 0 -26 -13 -7 0 0 0 -21 -21 0 0 -4 -22 0 0 0 -10 0 -26 0 -33 -9 161 -34 0 -11 0 -9 -12 0 0 0 0 -2 -7 -22 -40 -14 0 308 210 -22 0 0 -41 0 -7 -22 -31 0 0 -21 0 -37 -16 -9 -18 -31 237 -22 -26
0 0 0 0 0 -17 -10 0 0 0 -2 -33 -4 0 -21 -26 -12 0 0 -17 -48 -16 0 -14 -24 0 0 0 -8 0 -22 -1 -9 0 0 0 -8 0 -10 -15 0 -5 0 0 0 -6 -55 -22 0 -39 -1 -26 -17 -12 0 0 0 0 -27 0 -25 0 0 -28 0 -24 0 -15 -43 0 -15 0 0 0 -23 -29 -20 0 0 -25 0 0 -9 0 -4
299 -39 0 -34 -66 -17 -38 -1 -24 0 170 -13 -32 -31 0 -22 -42 0 -22 -1 -6 -23 0 -39 -8 -41 -40 0 -21 -11 0 0 0 -3 -18 -26 -25 -7 -48 -34 -25 347 0 -23 -19 -28 0 0 -15 -30 -1 -24 0 -28 -13 -33 -2 -1 -52 -26 0 0 -23 0 0 0 -25 0 -18 0 -65 -4 -10 0 -1 0 -28 0 0 -23 -10 -1 -35 -20 -34
-24 0 -19 -26 0 -13 0 -14 -4 -14 0 0 0 0 -24 -20 -23 -14 0 -19 0 -35 -48 -14 0 -30 -7 0 -4 0 -10 -6 0 -1 -8 0 0 -43 0 -25 225 -22 -24 -19 0 0 -28 -22 0 0 -13 207 0 186 -41 -11 -48 -27 -14 0 0 -39 0 -22 -21 -4 -29 -4 -28 0 0 -19 -51 0 0 0 0 -20 0 0 -37 156 -21 0 -18
-3 0 0 -24 0 -12 0 0 -10 -23 -30 -23 0 -22 -33 0 -14 0 0 210 -15 0 -41 -5 0 -20 0 -17 0 0 0 -8 -24 -34 -25 0 0 0 -22 -28 0 -83 -23 -68 -19 -4 -34 -9 -19 0 0 0 -16 -23 0 0 -10 -33 125 0 119 -26 0 281 -41 -48 0 -46 -15 -18 0 0 -43 -28 -14 -8 -12 0 0 -1 -9 -47 -11 -22 -47
0 0 0 -7 -26 -23 0 -10 261 -1 -21 -9 -23 0 0 -7 -8 0 0 -6 0 -19 -22 0 -44 -29 0 0 0 0 -9 -15 -1 -53 -18 -37 0 -21 -20 290 -3 -13 0 0 -22 0 -33 -36 -15 0 0 0 -41 -33 0 0 -3 -6 -36 305 0 -8 0 0 -16 -23 0 -19 0 0 0 -18 -17 -22 -14 -33 0 0 -15 -28 0 -20 0 0 0
-8 0 0 -6 0 -34 -25 0 0 0 0 0 -21 0 -23 -6 -24 -15 172 -27 -15 -41 -11 -33 -61 0 -18 -48 -1 -48 -18 -1 -42 -15 -9 0 0 0 -23 -24 -37 0 -23 -3 -8 -18 -26 -19 0 0 -4 0 -32 0 -8 -18 -21 -10 0 -21 -23 -12 -8 -46 -45 -19 0 -1 -34 0 -6 -18 0 -61 -21 0 -7 -21 -24 0 0 -20 -13 0 -3
0 281 0 0 -20 -20 -18 -23 -10 0 -21 -9 0 -8 -12 0 0 -22 -12 0 -15 -11 0 -25 0 -49 -21 -1 -21 0 -38 -7 -33 -61 0 0 0 0 0 0 -38 -16 0 -3 -24 -37 0 0 -23 -21 -25 0 0 0 0 -50 -23 -20 0 -41 -54 0 0 0 0 -14 -4 -21 0 -23 -53 0 -18 0 -41 -16 -11 0 -21 0 0 -27 0 -6 0
-15 0 -45 0 -13 0 -56 -21 208 -3 -5 0 -17 -16 233 0 -19 0 0 -17 0 -29 -25 241 -34 0 0 -30 -9 0 0 -53 -12 -8 0 -3 0 -14 -12 0 0 -4 0 0 -3 -35 -35 0 -25 -5 -31 0 0 -29 -43 0 -14 -15 -25 0 -25 -25 0 -11 -22 -32 0 -20 -23 -10 -20 -40 314 -10 -14 -25 0 0 -41 -14 0 -39 0 0 0
-2 -11 -19 -4 0 -22 -29 0 -34 -16 -15 0 -22 -9 -14 -2 -25 -13 0 0 -19 -21 -13 -25 0 0 -39 -19 -38 0 0 0 0 -30 0 -14 -3 0 -26 0 -21 -51 -23 -25 -22 -45 -4 0 -24 -16 -8 0 -6 -30 -10 169 -21 -42 -27 -15 0 -27 -12 0 -35 -7 -22 -31 -7 0 -31 0 -66 0 0 -6 0 0 -24 -7 -34 -4 0 -8 -8
-10 0 -46 0 0 -19 0 -17 0 0 -15 0 -10 -5 0 -19 0 -1 0 -22 -45 -23 0 -2 0 0 -3 -12 -13 -20 -16 -13 -10 -25 0 -22 -21 -43 0 0 -33 0 -51 0 0 -24 0 -7 -22 -3 259 -13 -37 164 -31 0 0 0 267 -20 -32 0 0 -50 -13 -15 0 -17 0 -17 -64 247 -22 -25 -27 -16 0 -20 -7 -33 -35 -26 -24 -20 -7
0 0 0 -17 -25 -13 -22 -40 295 -2 0 -36 0 -13 -34 -25 0 -12 -14 -27 -9 0 0 0 -26 0 0 0 0 -15 -16 -39 249 332 0 0 0 0 -5 -16 284 -37 -33 0 -21 0 -30 -47 0 0 0 0 293 0 0 272 -17 -78 -10 -1 0 0 -24 0 0 0 -24 264 -18 -24 -10 -73 0 -5 -24 -24 -12 198 -18 0 -13 0 -6 0 0
-2 -9 -20 0 -19 -7 -23 0 -13 0 -21 0 -14 -42 0 -11 0 -34 0 0 -20 0 0 -21 -3 343 -28 -32 0 0 -4 -4 -34 -17 -17 -15 0 -24 -2 0 -38 0 -5 0 -22 -45 -19 -12 0 -20 205 0 -7 0 185 0 -55 -46 -27 -2 -16 -3 0 0 0 -22 0 0 -30 -41 0 -6 -8 -13 -20 0 0 -20 -88 -9 0 -6 0 -35 -1
0 0 0 -21 -19 -10 -3 -20 -28 0 -27 -22 0 -59 -27 0 0 -13 -14 0 -22 -18 0 -12 322 -12 0 -19 -25 0 -3 -8 0 0 -1 0 -20 0 0 -34 395 0 0 -7 -16 -23 263 -10 -3 -26 -20 0 0 -2 -24 -16 0 -6 -40 -36 0 -12 -20 0 -38 -25 0 0 0 257 -3 -10 0 0 -25 0 -13 0 0 -15 219 0 -55 0 0
-15 0 -16 -25 -15 -8 -31 -24 -69 -7 0 -50 -4 -2 0 -1 282 0 -18 0 241 -57 0 -17 0 0 -3 272 -22 -17 -3 -18 -11 0 -24 0 -24 -17 0 0 0 -4 -34 -16 0 0 -11 -15 -22 -20 0 0 -8 -28 -9 0 -22 -22 0 0 -56 -15 -55 -32 0 128 0 -30 -23 -40 -18 -10 0 0 0 -15 0 0 0 -14 0 0 -24 0 -24
-34 -2 -20 0 0 0 -5 -1 0 -7 -20 0 -5 -43 -46 0 -46 0 -11 -29 -20 -35 0 -24 0 -17 0 0 0 0 0 -25 0 -29 0 -19 -33 -15 -24 -2 -1 0 0 0 0 -20 0 -17 -30 0 -11 -15 0 0 -11 0 -11 0 -15 0 -25 283 -13 -27 -4 -17 -22 -13 -10 -30 0 -8 -17 -26 0 -24 -34 -8 -12 -19 -40 196 0 -16 0
0 -64 272 -12 205 -17 0 0 0 -32 -9 0 0 -12 -15 0 0 0 -20 -39 -7 -16 -24 0 288 0 -15 -8 0 0 0 -7 -45 269 -23 0 -22 -16 0 -9 0 0 -19 -23 -8 -3 -26 0 -18 -12 0 0 -28 327 0 -4 -21 -1 -19 -22 0 0 0 -7 0 -32 315 -19 0 -14 -24 -21 -30 0 -59 -7 -13 373 -16 0 0 -28 0 -19 -19
-44 0 -26 -22 0 -31 308 -22 0 -16 0 0 0 -20 0 -19 0 -9 0 -46 -3 0 -31 0 0 -17 -16 0 -14 -7 -34 -4 -17 -6 -22 0 0 0 -7 -15 -22 -1 -47 -21 -30 -13 -27 0 -8 0 -22 -13 0 -15 0 0 0 -5 255 -12 -25 -1 0 -67 -34 -8 -38 0 0 -14 0 -32 -15 -22 -37 -40 0 -2 -25 0 0 0 0 0 0
245 -23 0 0 -36 -14 0 0 -14 -37 0 -7 -37 -13 -30 277 0 -34 180 0 0 -22 0 0 0 0 -13 -40 0 -6 -7 -13 -11 0 -21 -10 -6 0 -21 -78 -6 -10 -20 0 -13 -22 0 -22 -19 -17 0 -20 -37 -38 -4 -13 -22 -25 0 0 -4 -60 -19 0 0 -14 330 -25 -11 0 -42 0 -50 -25 337 0 -32 -34 -20 -5 0 -17 -34 -15 -36
-29 0 -23 0 -43 -22 -21 0 0 -23 0 0 -30 -9 -23 0 -22 -13 -44 0 0 0 0 -19 0 0 0 -46 -28 -79 -44 0 0 0 0 -24 -59 -11 -16 -22 0 -32 221 -2 -13 202 -31 -40 0 0 201 0 0 0 0 -13 -23 -21 -19 -12 -25 -3 -25 -25 -23 0 -22 -31 0 -23 -1 195 275 0 0 -8 0 -9 -24 -9 -44 0 -8 -22 -15
-5 0 -22 0 -24 0 -9 -22 -20 -23 0 -29 -24 -83 -4 -28 -8 309 -39 162 -9 -6 -18 0 0 -89 -11 0 0 -35 -21 -13 -18 0 0 -5 -31 -9 -13 -24 0 -5 0 -23 0 0 -7 0 0 -25 -4 -23 0 0 -16 -25 0 -26 0 -22 -26 -25 360 -29 288 0 -7 0 0 0 -21 -39 0 0 -42 -14 0 0 -38 -11 -20 412 -8 244 -19
-27 -10 0 -24 -5 0 -30 0 -9 0 -30 -32 -13 0 0 0 0 0 -1 0 -8 0 271 -18 -30 -20 0 -15 0 -64 -22 222 -7 0 0 0 -43 -73 -29 -3 308 0 0 -16 0 0 0 226 0 -25 0 -65 -43 -25 -23 -37 0 0 0 -14 -3 -25 0 -17 0 -5 -4 0 -12 -51 0 -24 0 0 0 0 0 0 0 0 0 -19 -25 0 0
0 0 0 -8 0 -30 -5 -43 0 -14 262 0 -8 -16 -18 0 -7 -4 0 -7 -24 0 0 -23 0 -21 -24 -9 -40 -14 0 0 -42 -7 0 -25 0 -11 -6 0 -23 0 -7 -25 -16 -26 -25 242 -35 -25 0 -4 -7 0 0 -9 -9 0 -21 -8 0 0 0 -20 -24 -21 0 0 0 0 0 -9 -16 210 -9 -7 -3 -46 -3 0 0 0 -6 -20 332
0 0 -9 308 -38 -15 -19 -11 -19 0 0 0 203 0 -25 -3 0 -42 0 0 0 -17 -16 -8 -20 -22 -25 0 -37 0 -68 0 -24 -25 -16 -14 -22 -32 -1 -7 0 -9 -1 -39 -5 -10 -4 0 -12 -31 0 -45 0 -21 0 -21 0 0 259 0 0 -12 0 0 0 0 -14 -42 -29 0 99 0 291 0 -68 0 0 0 0 -27 0 286 0 -17 0
129 0 -16 0 0 0 -10 -29 -20 0 -10 0 -19 -24 -17 -57 0 -12 -42 -8 0 -15 -39 -14 -40 0 -18 -12 -31 -18 -7 -9 -27 -7 -38 -2 -15 -26 -10 0 0 -5 -24 0 0 -14 -1 -24 -51 -21 -19 0 -12 342 0 0 -15 0 -11 0 -18 -43 -15 -2 0 0 0 -1 -23 -24 0 -32 -23 -39 -25 -30 -9 -19 -4 0 -2 0 -4 -26 0
-5 0 0 0 0 -34 0 -8 0 -32 -46 -12 -1 229 0 -36 0 -24 -22 307 -23 -15 -1 -15 0 -20 0 226 0 -23 0 0 -19 -32 0 -3 -14 0 -42 -6 0 -1 0 -21 -2 -16 -17 -8 280 0 -45 0 0 -25 0 -21 0 -7 -24 0 0 -10 -14 -7 0 -29 0 125 -31 0 -9 -19 0 -19 -50 -15 -16 -42 0 -12 0 -15 0 0 -2
0 0 -8 -2 -15 -15 0 -40 -18 -24 0 0 0 -14 -43 -20 296 -20 -22 -36 0 0 0 -10 286 248 -39 0 -16 309 -8 0 -39 0 0 -39 0 -16 -4 0 -21 0 -17 -17 -24 -2 -17 0 -10 -23 0 174 -19 -8 -32 0 0 -8 -25 -30 0 0 -47 0 -20 0 0 -7 -11 -47 0 0 0 240 -26 -23 -18 0 -62 -25 -19 0 -5 0 0
-36 -23 -4 -24 -40 0 261 -23 215 0 0 -13 0 0 -22 -41 -5 -16 325 -13 -23 0 0 0 0 -17 -17 -22 -4 -39 -40 0 0 0 0 -6 -20 -4 -31 0 -22 0 -36 -22 0 -22 -7 0 0 -3 141 -21 0 -7 139 0 386 -1 -29 -15 0 -22 -12 -31 -41 -5 -16 0 -9 -16 -20 344 0 -6 0 -14 -31 -16 0 -20 -14 -15 0 -28 0
-21 -8 -41 -20 -6 0 0 -20 0 0 0 221 0 -21 -13 0 -21 0 0 -45 -31 -49 -14 -22 -16 0 -4 -24 0 -18 -14 278 0 0 0 -21 -7 0 191 -24 -5 0 -22 -34 -39 0 0 184 0 -14 0 0 -24 173 -36 -11 -5 -9 0 0 -17 0 -8 -9 0 0 0 -25 147 -11 0 -6 298 -10 -18 -11 0 -3 -3 -31 0 0 -22 -4 -4
0 -22 -64 356 -22 -28 -6 -24 -14 0 0 0 -19 -58 -18 0 270 -19 -24 0 -16 -24 0 -8 -21 -30 0 0 -16 -18 0 0 -13 0 0 -43 -24 216 -15 0 0 0 0 0 -33 -50 -18 0 0 0 0 -20 -34 -37 0 0 0 -24 -56 -14 -24 -19 -21 0 -34 -13 0 0 0 0 -14 -28 -17 0 0 -48 -53 0 -19 -2 -55 0 0 0 0
-35 0 0 305 -12 -32 -5 -3 -56 -2 0 -22 -18 -23 -7 -10 0 -22 -87 0 -44 -7 -20 253 -5 -7 -28 0 -16 -26 -14 -40 -21 -21 0 -29 0 -33 -25 0 -22 -25 -11 -60 0 0 328 -42 -24 0 0 -8 -21 0 -25 -23 -17 0 0 -12 -21 0 -22 0 -40 218 -5 -8 -23 -12 0 0 -7 -10 -22 -10 -3 0 -53 -2 -16 -12 -15 -12 0
-63 0 -10 -10 -1 -2 -44 -8 -22 0 0 -43 -7 -5 0 0 0 -31 -17 -25 -28 -39 -13 -18 -30 -3 0 -19 0 -17 0 -22 0 0 -3 0 -15 -3 -31 -14 -23 0 0 -37 -12 -24 0 0 -13 0 0 -21 -27 0 0 -19 -29 -15 0 -21 -23 0 0 -31 -19 -3 0 0 0 -17 0 -20 0 0 -22 -18 0 -5 -7 277 198 -4 245 -52 -32
254 -13 -1 0 183 -8 -43 -46 -5 -2 -18 -21 -25 -16 253 0 -18 0 -13 -3 -14 0 -24 0 0 0 -14 -4 -13 -25 -6 -13 0 0 -16 -11 -13 -37 274 -27 -23 -25 78 -31 136 -13 0 -46 -22 -61 -38 0 0 -14 -15 0 -46 -15 0 -42 -3 -8 0 -1 -28 235 0 0 -23 0 -25 0 0 0 220 0 244 0 -58 -22 -12 -29 97 -14 -11
-23 0 361 -29 0 381 -5 0 -32 -33 0 -16 261 0 0 -8 -4 -9 -13 0 -29 -28 -38 0 -11 0 -21 -19 -14 0 0 0 -21 -5 -38 0 -35 -21 0 -11 0 -10 -10 0 0 -5 -40 -20 -12 0 -3 -14 -37 0 -9 -24 -23 0 0 -15 0 -1 0 -7 0 0 -13 -15 -17 -22 446 0 0 0 -17 -49 -16 0 -23 -30 0 -19 -15 0 -19
-14 0 0 -1 0 -8 0 -27 -20 205 281 -12 0 -40 -9 0 0 0 0 -19 0 -26 0 -21 0 0 0 -7 0 -22 0 -24 0 0 -17 -17 -15 -15 0 -17 0 -47 0 -2 -43 0 -33 -41 0 -11 -8 0 0 -14 -33 0 -8 0 -20 322 0 -11 -31 0 -22 -6 0 -32 0 0 0 -14 0 -22 0 -42 -8 -16 -15 0 -10 0 -18 0 -16
317 0 -22 -12 -23 0 -12 -25 -12 0 0 -14 -22 -53 -19 -10 -40 0 0 -24 -2 0 -28 -13 -24 0 -3 -12 0 -4 0 0 -31 -20 -13 -22 0 -5 0 -7 242 -18 0 0 0 -22 -70 -1 -38 -41 0 0 224 -10 -7 -4 -37 -33 -12 0 0 -3 0 0 -23 -5 -17 0 0 0 -60 -10 -15 308 -15 0 -3 -39 -35 -5 -21 0 -6 -20 -5
-22 0 -21 0 -21 -1 -5 -25 0 -14 0 -11 0 276 -74 -11 0 0 0 -12 -20 -11 0 -36 -39 -29 0 -23 -32 -7 -13 -4 -26 -26 -9 -22 -12 -7 -19 0 0 0 -23 0 0 0 -19 -9 0 -24 -21 0 -11 0 0 -17 0 0 0 -20 -7 -35 -20 -1 -26 0 0 -7 0 0 -27 -5 -23 0 -22 0 0 -9 0 -9 0 -11 -25 0 -25
-25 0 0 0 -7 0 -3 0 0 0 -15 -22 -3 0 -47 0 -33 0 0 0 -6 -25 0 -34 -13 -22 -2 0 -35 -9 0 -23 -8 -104 -12 -39 -14 -4 0 -26 162 -13 0 0 -2 0 0 -6 -10 -19 0 0 0 0 0 -21 0 -10 -24 -13 0 -36 179 284 -39 -23 215 -7 -8 -18 -25 -2 -8 0 -20 0 -30 0 -38 -5 -7 -18 0 -7 0
-23 -27 0 -20 -32 0 0 -23 -9 -25 -17 0 -33 -16 207 -4 -11 0 0 -11 -55 0 0 0 -4 -31 -21 0 -32 0 0 -24 -5 0 -27 0 273 0 -17 -21 0 -50 -49 -43 -55 -36 195 -15 0 -20 -25 -20 -19 0 0 0 -17 -39 -13 -25 0 -17 0 0 -27 -17 0 0 0 -18 -3 -60 -14 0 -16 -53 -19 -15 -14 -1 0 0 0 -7 0
-23 -23 -40 0 -37 -11 -26 0 -29 -8 -1 -30 -8 -38 -7 0 0 0 0 -69 -3 -2 -22 -19 0 0 0 -4 -34 -19 162 -22 -9 0 -24 261 -4 -24 -10 0 -28 -6 0 -46 -22 -14 0 -3 -4 0 -56 -23 0 -21 0 -29 -21 0 -23 0 0 0 0 0 0 0 -30 -12 0 -1 0 -18 0 -19 -14 0 -37 0 -10 -36 -2 -3 -7 0 0
-16 0 0 -18 -7 0 -13 -20 0 0 -52 0 307 -6 0 -18 -24 0 0 0 -38 -16 -15 -23 -7 -22 -17 0 0 0 -12 0 -29 -12 0 0 -11 -16 -39 0 0 0 -21 -42 0 0 -16 -10 -19 -11 0 0 -10 0 0 -4 -2 0 -13 -18 237 -30 -25 0 -20 0 -25 -6 0 0 0 -7 -18 -9 -18 -5 -22 0 -13 0 0 0 -13 0 -30
238 -13 -28 -24 0 -4 0 0 -24 -19 0 0 -6 -34 -36 -31 315 0 -16 -7 -15 0 -2 239 0 152 -13 -20 -3 0 -17 -25 -26 -23 -3 -22 -17 0 -18 0 -19 -32 -18 -20 -22 -1 256 -37 -12 -23 -46 0 245 -21 -37 -40 0 -10 -21 -39 -21 0 0 -20 -8 0 -37 -35 344 -19 -9 -7 -22 0 -11 -48 -58 -29 0 -6 -30 -20 -5 -23 -6
0 -8 0 0 291 0 -25 -5 0 211 0 0 -31 -55 -21 235 -11 0 0 -2 0 -30 -6 -4 -21 -7 -20 0 0 -27 -4 0 -17 0 -32 0 0 317 0 -26 0 -8 -5 0 0 0 0 -6 -49 0 -7 -14 -8 -9 -5 -7 -47 274 -12 -13 -25 0 -19 -27 -10 -9 0 0 -32 -7 -37 0 0 -38 -1 0 -3 -5 -20 -32 -40 0 287 -16 -17
0 0 -1 -18 0 -1 0 0 164 -25 0 0 0 -8 0 0 0 -4 -14 -23 -52 -3 -40 0 -26 -12 -11 -17 -27 352 231 -9 0 -34 0 -11 0 -39 0 0 -1 -1 0 0 -23 0 214 -37 0 0 0 -41 0 -1 -2 0 0 -28 0 -9 0 0 0 -17 -4 -10 -25 -16 271 -2 -19 -19 0 -27 -9 0 0 217 -22 0 -7 0 -15 -17 0
-2 0 234 249 -28 -35 0 0 0 -2 0 0 0 0 0 0 -24 -7 -40 -25 0 0 -33 -12 -14 -20 -19 0 -22 -15 -17 0 -15 -24 -13 -19 209 -23 -18 310 -16 -40 -48 -24 -13 -25 -5 -29 0 -27 -33 270 -22 0 0 -53 -10 334 0 -16 -20 149 0 -14 -28 0 0 -36 -28 0 -20 -29 0 0 -9 0 273 -8 -15 -36 -33 -23 0 -13 -18
0 0 199 0 0 -36 -76 -1 0 -16 0 -15 -26 0 -22 0 -14 -30 0 0 -8 -40 0 -29 -57 0 285 -9 0 0 0 -11 0 -15 -17 -23 0 -47 -9 0 -66 0 -25 -26 -23 -18 0 0 0 0 -28 -16 0 -20 -42 -15 -24 0 0 -19 -1 170 -7 -24 0 -22 -32 -17 -20 -8 -52 0 0 313 -23 0 -18 -9 -44 -4 0 -34 0 0 -2
-4 180 0 -26 0 0 -6 -20 -7 0 -3 -25 -11 -35 -12 0 -5 -39 -2 -2 -7 0 -38 -21 -15 0 -20 -18 0 -18 0 -42 0 0 0 0 0 -32 -27 -38 -24 0 -15 -25 0 -36 0 0 -16 -13 -28 -24 0 -9 0 0 -27 -39 -50 -4 0 -13 -21 0 311 -58 -18 371 0 -19 -29 -29 -18 -25 -31 -13 133 -20 0 237 -15 0 0 -16 -45
0 0 -13 -10 0 0 0 0 -16 -45 -11 -19 -13 -33 0 -20 0 -20 -35 -17 -27 0 -21 0 -11 0 -27 0 -22 0 -23 -31 0 -6 0 -21 -4 0 0 0 -4 -24 208 -29 0 0 -18 -20 0 -20 0 -21 -23 0 -10 -9 -14 -10 0 -34 -36 0 0 -11 -14 -16 -6 0 -9 -42 -7 -8 -12 0 -17 -35 -19 -48 -22 -22 0 -46 0 -8 0
0 215 -49 -3 -13 0 -16 0 0 -13 0 -12 -17 0 0 -25 -61 -19 0 -20 -44 189 -23 0 -39 -14 -8 -1 0 -5 -9 0 -9 -31 0 -18 -23 -5 -2 0 0 -7 0 -6 -15 -15 -10 0 -26 -26 -17 0 -34 -7 -13 0 0 0 0 0 0 0 0 -20 -8 0 -3 0 0 -12 0 0 -12 0 0 0 0 -4 -13 -8 262 -28 0 -19 0
0 -35 -23 -10 -18 -3 -22 -10 0 0 127 -2 -48 0 0 275 -9 382 -15 0 -23 228 -27 -23 -19 -2 -17 0 -18 -3 -12 0 -19 -7 -30 0 0 -35 -3 -26 -15 -20 0 -24 -20 0 0 -20 -21 0 -4 -18 -17 -7 252 0 0 -9 0 228 -23 -29 -24 0 0 0 0 -9 0 -20 0 0 0 -41 -31 -20 230 -10 161 197 -43 0 -15 -20 0
-17 312 -34 0 -4 -62 -23 -42 0 -6 0 -13 -20 -16 0 223 0 -39 0 -57 0 0 0 -17 122 -23 -6 -24 -17 -22 0 -8 -1 0 -14 296 131 0 -34 374 -11 -40 -20 0 -7 -34 -8 0 -8 -55 -12 0 -20 -23 -3 -2 -33 0 -26 -28 -25 0 -44 0 0 -35 -15 0 -46 0 0 -16 0 -47 -35 263 0 -21 0 -19 0 -31 0 -24 0
0 333 0 -17 0 -32 -16 0 255 -22 -8 204 0 -8 0 -91 -24 -24 -7 -16 0 0 -9 -25 0 0 0 -15 0 -46 0 -3 0 -25 -58 -30 0 -3 0 -60 0 -39 297 0 -11 -50 -8 -35 -4 -13 0 0 178 -18 212 -11 0 -14 0 -33 119 0 0 -35 -17 0 -2 0 -1 -20 -31 -26 0 0 0 0 -22 -26 -8 -30 -2 -30 0 -25 -5
-12 0 0 -26 0 -23 0 -18 200 0 0 -28 0 0 -29 -16 -28 -6 -40 0 -21 -5 -23 0 0 -6 0 0 0 -17 379 0 -15 0 -20 0 -7 -19 -31 0 -34 -27 -31 -1 0 -22 -20 -8 -17 -33 0 -15 0 0 0 241 0 -6 0 -14 -24 -18 0 -19 -25 -25 -83 -19 -3 -10 0 -11 -27 0 0 0 0 -21 -34 -41 -7 -63 -35 0 -5
287 0 0 -14 0 -18 0 -1 -20 0 -11 -5 0 -21 330 -22 -12 -20 -22 0 0 0 0 -25 0 0 -4 -27 -15 0 -16 -16 -24 297 0 -22 -21 0 -22 -11 0 0 -5 -43 -6 -1 -21 267 0 -7 0 0 -9 0 0 -25 -75 -26 0 -16 0 -26 -6 -6 0 0 0 -22 -24 0 -40 0 0 0 -23 -33 -2 -2 -23 -2 -28 -41 0 -13 -6
-7 -23 -25 -38 0 -21 -24 -19 -1 0 -20 0 -26 -17 -13 0 -35 0 -19 -10 0 -40 0 -14 0 -11 -5 0 -16 0 -22 -3 0 0 0 -9 -13 -20 -21 -7 0 -4 -43 0 0 187 -32 0 0 0 -25 0 -24 0 -22 -51 -20 -8 0 -4 -3 -17 0 0 -9 -16 0 265 0 -15 -41 -16 -53 -7 0 -7 0 -18 -38 -23 0 0 0 -10 -10
-17 -21 0 0 0 175 0 -11 -22 0 0 -18 0 276 0 -18 0 0 -34 -17 -27 -20 -53 0 0 -24 0 0 0 0 -17 -7 -25 0 -24 -19 0 -3 -7 -15 0 -10 -14 -34 -32 -19 0 0 -23 -4 -28 0 -8 0 -12 -24 0 -43 0 0 0 -4 -22 0 -21 -27 0 0 0 0 -22 -41 -9 -24 0 -24 -24 -8 -22 0 0 -12 -36 0 0
0 0 -13 -19 0 -24 0 -23 -11 -11 0 -13 -26 337 -13 -12 -21 -9 0 0 0 -1 -5 0 -12 0 -14 0 -15 -19 0 -21 -10 -15 -19 209 -4 0 -13 0 0 0 -29 0 0 0 -43 -55 -14 0 -25 0 -18 -36 -22 -11 -8 -25 0 -36 -40 -23 -10 0 -41 -16 -24 -20 -28 -14 0 -4 0 273 0 -20 -32 -50 -42 0 -19 0 285 320 -25
0 0 0 -20 230 -20 -52 0 -16 0 0 -12 -24 -27 -14 256 -35 -14 -25 -66 0 0 -18 0 -6 0 0 -21 -15 -3 -1 0 -16 -18 0 -3 229 0 202 0 -6 -31 0 -5 0 -3 -9 -18 -11 -7 -25 -1 422 -7 -40 -17 -20 -24 0 -25 0 0 365 0 0 -3 -9 0 -38 0 0 249 0 -22 0 -41 0 -18 -22 -24 -16 -23 -11 0 0
0 -35 -22 -18 0 -25 0 0 0 -7 -18 0 -11 -17 0 0 -41 0 -19 -29 -17 -21 -25 -4 -39 -22 -27 0 0 0 0 -14 -22 0 -6 0 0 0 0 -22 -31 207 -17 300 -44 0 -15 -12 0 -9 -19 -41 0 286 -6 -20 -8 -26 0 0 0 -70 -21 -25 -22 0 -25 -16 0 0 -9 0 -29 -31 -41 211 -11 -8 0 0 -1 -20 -3 -13 -48
-22 -35 -17 -18 0 -18 -10 0 0 -6 0 -32 283 -9 0 0 0 0 0 -24 -2 0 283 -13 -18 -23 0 -18 -8 0 -11 -1 -46 0 -3 0 0 -7 0 -23 -13 -2 -44 -24 -7 -64 -14 -10 0 -28 0 0 -3 0 -39 0 -24 -25 0 -19 203 0 0 -40 -14 -13 -9 0 -44 0 -15 -13 -21 0 -12 -11 -17 -9 -3 -6 0 -19 189 -10 -22
0 0 -5 0 0 -9 -20 -9 0 -3 -63 -35 -19 0 -5 -27 -2 0 -22 0 228 0 -10 -24 -14 -2 -21 -25 0 0 -19 -28 0 -23 195 -19 -25 -24 285 -14 -16 -32 186 0 -7 0 0 0 0 -26 -28 -24 -13 222 -1 0 -19 0 0 -18 -12 -14 -44 -21 -59 0 0 0 149 -7 -21 0 -12 0 -37 -35 -25 -8 0 -32 0 -28 0 0 -26
-9 -11 294 -3 0 -35 0 -23 0 0 -28 357 174 -12 -9 -21 -42 -64 -44 -14 0 0 0 -23 -12 -67 0 0 -14 -8 -23 271 -24 0 0 0 -28 -20 -12 -16 0 -1 -8 0 -6 0 0 0 -39 -21 -15 -1 0 -34 -35 237 -22 0 0 0 -30 0 0 -12 0 -44 0 -24 -13 0 0 -18 0 -1 -18 -25 -33 -23 -8 262 -16 0 -20 -9 -9
0 -7 0 -14 -9 -15 -43 -22 328 -33 -18 -34 0 -16 -30 -9 -30 0 0 -37 -20 -33 0 -18 -1 -16 -45 -23 -22 -29 329 -17 -22 0 0 0 -36 -7 0 -17 -37 0 0 -41 0 -22 0 179 -19 -11 -1 0 -46 -13 -13 0 -30 0 -3 0 -8 -6 -6 0 -18 0 -39 0 -9 -6 0 -14 -64 0 -23 -58 0 -53 0 -9 -10 0 0 -6 -13
-11 -15 0 0 -31 0 -41 -5 0 -18 -20 -17 -8 0 -14 -67 -40 -13 -23 -82 -21 -24 -24 0 0 0 -24 0 -36 0 -2 -1 -38 -2 0 -37 0 0 0 0 -20 -6 -8 -16 0 0 -17 0 0 0 253 -35 0 0 -48 -21 0 -33 0 0 -49 -49 -2 0 0 -2 0 -29 0 -12 201 0 -45 -35 -17 -42 -13 -5 -21 0 182 -22 0 -13 -46
-9 0 -7 -2 0 -5 0 -29 0 0 -23 -8 0 -43 -11 0 -5 0 -2 0 0 -15 0 -19 0 -20 0 -19 0 -19 296 -7 0 -18 -17 0 0 -17 -18 -14 244 0 -10 -28 0 -40 -21 -21 -9 -25 -14 -5 0 -28 -53 0 0 0 -13 0 0 -21 -14 -32 -44 0 0 -13 0 -32 -65 -12 -16 -45 0 -21 -40 -5 0 -9 0 -8 0 -13 171
-31 -15 -22 0 -3 -21 -20 -16 0 -13 -12 -14 0 -24 -31 -24 -9 -47 -5 -57 0 0 -41 -25 -11 0 -9 -23 -11 0 -12 -20 -6 -36 -10 -33 -7 0 0 -3 -53 -35 0 0 0 0 -46 -75 -8 0 0 -13 -44 -22 173 -18 -22 -19 -3 -10 -18 -21 -7 0 0 272 -3 277 -30 -24 -7 0 -3 -1 0 0 0 0 -35 -5 0 -10 0 0 0
0 -40 -46 252 -25 -25 -6 -39 0 -32 0 -27 -6 -6 0 -17 -24 0 0 -22 0 -25 -18 0 -17 -43 0 -38 -6 368 -21 0 -57 0 -11 -27 -24 -24 -34 0 0 -47 0 -8 0 272 0 0 0 -23 -16 -20 -2 -36 189 0 0 -16 259 0 -25 -4 -8 0 299 -50 -9 0 -27 0 263 0 -35 -9 -16 0 -21 -11 102 -12 -34 0 -56 -13 -8
-43 -29 -44 -24 0 0 0 -25 -5 -11 -20 -22 -8 -15 -24 -19 -79 -7 -2 -62 -22 0 -19 -13 -25 -33 0 -30 0 -7 -11 -26 0 -7 -24 0 0 -6 -18 -8 0 -12 -3 -19 -24 -23 -23 0 0 -2 -1 0 -21 -17 -10 -10 -19 247 -32 243 0 0 0 0 -3 -19 0 -9 -21 0 -34 -16 0 -21 0 0 -18 -14 -22 -8 -22 0 0 -23 -1
-25 -36 -3 0 -5 205 -41 0 -15 -30 -11 0 -23 250 0 -16 -2 -28 0 -75 -21 -16 -21 -35 0 0 0 0 -13 0 0 -27 -4 0 -32 -43 -18 -31 -32 0 -18 -10 -30 -5 -10 -47 -16 -10 0 -20 -25 0 -11 -13 0 0 0 0 -24 0 -15 -12 0 0 -6 -16 -23 -26 -14 0 0 -23 -29 -4 0 -52 0 0 -18 0 -26 0 0 0 -3
-51 -29 -17 0 -12 -19 0 0 0 -20 -33 0 -2 -22 -18 -18 0 -3 -11 -56 -18 0 -22 -19 0 -20 -7 -10 0 0 -29 247 314 -15 -23 -23 -32 -2 0 -13 -23 -15 -21 -11 -43 -1 -18 0 -11 -5 -10 0 0 0 0 -20 -15 -30 -12 -7 -6 -17 -29 0 298 0 -15 -21 -34 0 0 -11 -39 -10 -24 122 -21 170 0 -4 -23 -14 0 -17 -30
0 -31 -25 0 -11 -15 -33 -35 -3 0 267 0 -26 -24 -19 0 0 -8 0 237 -20 -22 -3 -19 -34 0 -24 -17 -69 0 -24 241 -7 -19 211 -12 -17 0 0 -33 -1 -35 -35 -8 227 -38 -3 352 -15 -1 0 -46 -18 -27 -10 -32 -25 -2 0 -6 0 184 -28 -41 -38 0 162 0 239 0 0 -20 0 0 -1 0 -49 -16 -2 -24 -13 -8 -14 -5 0
-47 -12 -9 -44 -43 0 -15 -49 0 0 -24 0 -18 -30 0 0 -27 -5 -2 -23 -23 -33 -29 0 -14 -55 -3 -21 -18 249 -20 -24 -22 -7 0 0 0 -44 -40 -1 -32 -25 -64 0 0 -1 -7 -38 -32 -24 193 -12 -17 0 -8 -8 -25 220 0 -44 -30 0 -28 0 -29 -11 -60 -26 0 -23 -69 -13 -18 -38 -8 -18 -9 0 0 -20 -20 -17 0 -40 -4
0 -7 0 -24 0 -39 -40 0 0 -39 203 -16 0 -22 -9 -20 0 0 0 0 0 233 -16 0 0 271 -10 172 -8 0 0 0 -20 0 -3 0 -64 0 -7 0 0 0 -16 -63 -7 -60 -23 -28 281 -1 0 0 -9 0 0 -11 -9 0 0 -5 -23 0 -32 0 -17 0 -36 -10 -5 296 0 -24 -29 -5 0 0 0 -20 -24 -6 -5 -31 -23 0 0
-1 -10 0 0 212 -16 0 -3 0 -16 0 -10 -3 -23 -22 -16 218 -3 -19 -9 0 0 -60 -2 0 -21 0 -20 0 -4 250 -52 -1 0 0 -8 0 -17 0 -34 0 -16 -1 -24 0 0 266 0 0 -32 -9 -6 0 -23 -22 182 -48 0 0 -24 -46 164 -17 -1 -7 -19 -42 0 -21 0 0 0 -17 0 0 -24 -24 -13 -17 -25 0 -53 -11 -9 0
-9 -32 0 -5 0 -29 -11 -11 -12 -42 0 -46 -19 0 0 -40 -26 -36 0 -3 0 -5 -27 227 -23 -24 0 256 0 0 -30 -2 -14 -1 -29 0 -8 -28 -18 -29 -62 -10 0 0 -24 0 -18 -24 -36 0 -21 -19 0 0 -1 -24 -32 -50 -15 -35 -53 0 -43 0 0 -8 0 0 -17 -37 -11 0 -4 0 -22 -13 0 0 -14 -11 -45 262 -15 -20 0
0 -5 0 -22 -20 -19 0 0 -12 0 0 0 -23 -6 0 -10 0 0 0 -16 0 -13 -22 0 0 -26 -44 -8 0 -6 0 0 -23 0 0 0 -17 -25 0 0 -8 -22 0 -8 0 384 -18 -18 -22 -5 -10 0 -24 0 -23 -10 -13 0 -38 -21 -17 0 -20 0 -52 -18 -79 -58 0 -33 -12 -7 -25 -25 0 -5 0 -24 0 -25 0 0 -44 0 -19
0 -7 -2 -32 -17 0 0 -26 -18 -14 -17 -25 -2 0 -8 0 -24 0 -11 -14 -5 0 0 -13 -11 -19 0 -24 -32 0 0 0 -7 -2 -21 276 0 -21 126 -21 0 -3 -4 -9 0 -19 -14 -18 -30 0 -19 -20 -34 -35 -6 0 -80 -59 -24 -15 0 -14 -66 -18 -26 0 -28 -56 -5 0 -6 0 -48 -6 -50 174 -37 -45 -60 0 0 -32 -6 0 -20
-19 0 0 0 -17 -29 258 -14 -13 0 -30 -31 0 0 -15 -14 -7 -35 -4 0 -7 0 -12 -15 144 -22 -23 -41 -16 -13 -24 -19 -12 0 -20 0 -30 0 -1 0 -17 0 -37 0 -29 0 0 -7 0 0 -31 0 -39 -8 -18 -8 -32 0 -1 -24 -19 -25 190 -23 0 262 -53 0 0 -10 -17 -19 -4 -16 -2 0 -5 0 0 -33 0 -32 -3 -18 -7
-21 -28 -12 -20 -9 -40 0 0 -8 0 -11 -46 -12 0 -19 -8 0 -22 -14 -11 -9 -21 0 -28 0 0 -15 0 -18 0 -12 -7 -30 0 0 0 0 0 -38 -82 200 -8 -7 -39 -20 0 -10 -15 0 151 -25 0 -1 -3 -27 -38 -16 -14 -25 0 -4 0 210 0 -22 -26 -37 0 -16 -22 0 -8 -6 -43 -28 0 -8 -20 0 0 -12 0 0 -13 -7
-13 0 0 -4 0 0 244 -4 -1 0 0 0 -16 -18 -24 0 0 -39 0 -6 0 0 -22 0 -40 0 0 -16 0 -13 0 -25 0 0 -15 -16 0 0 0 312 -31 -49 0 0 0 0 -17 -25 -13 0 -5 -21 -23 -21 -17 -5 -8 -18 0 -31 -7 -7 -3 -7 0 0 0 242 0 0 -5 0 -40 -31 -19 0 -7 -39 -22 0 0 0 0 0 0
0 0 -25 -31 -13 -19 0 -72 0 -39 0 0 -3 0 -29 -22 -42 -15 -45 -24 -6 0 0 -36 -16 -14 0 -4 0 399 -13 0 -8 -33 -9 0 0 -18 -13 -3 -9 -23 -23 0 -19 0 309 -13 0 -13 -14 0 -32 0 -4 -44 -6 0 0 -18 -20 -18 248 0 -17 -18 -17 0 -21 -31 -10 -7 0 0 -8 -18 0 -11 -3 -42 0 -47 -14 -9 -21
-33 -3 0 -10 -15 0 -11 -15 -13 -14 -22 0 -14 -36 344 0 0 -20 -28 0 -20 0 -24 -19 -21 0 197 0 -13 -30 -3 0 0 -17 0 -5 -27 -20 0 0 -41 -36 0 -37 254 -19 -5 -34 -1 -22 -7 -4 -49 0 -18 0 -21 -25 -23 -10 -10 -22 0 0 -24 0 -27 0 -16 0 -8 -17 0 0 0 -14 -25 0 -10 314 0 -15 -14 0 0
0 0 -24 -6 313 -13 0 -20 -20 177 -2 -21 -27 0 -21 0 208 0 0 -13 0 270 0 -11 0 0 -30 -33 -53 0 -10 0 0 0 0 -18 0 -16 0 0 -11 -58 -52 -22 -34 295 -15 0 0 -22 -25 -18 0 -8 -21 -1 0 -30 -5 285 -41 -22 -12 0 0 -41 -23 -7 -16 0 -12 0 0 -3 0 -3 -19 246 161 -35 -9 -17 -37 279 -19
0 0 -8 -48 0 -23 -11 -13 0 359 0 -11 -12 -11 -22 -40 -21 -13 -14 -31 -25 0 -41 -22 -10 -24 -42 0 0 0 -44 0 -18 231 -4 -7 -41 -20 -5 336 -17 0 176 0 -8 -24 0 -23 -3 0 195 -18 228 0 0 -8 -37 -9 -9 0 -23 0 -4 0 0 0 0 0 0 -17 292 0 -18 -2 0 -4 0 235 0 -3 0 0 -12 0 -19
-15 0 -19 -20 0 -31 -19 -12 304 0 0 0 0 0 -19 0 -4 -5 0 313 -34 0 -20 0 -43 -20 -3 -11 -8 0 0 -9 -22 0 -37 -14 0 0 -3 0 -21 0 -13 -27 -7 -23 -1 0 -17 0 0 -35 -23 -12 -10 -21 0 -9 0 0 -78 0 0 225 0 257 -10 -13 -2 -18 0 0 -6 -31 -15 -15 -28 -4 -35 -13 -7 -16 -24 -15 -72
