20 19
73 0 -309 327 278 -392 404 -343 228 -53 -620 0 -290 162 172 355 116 -154 -264
0 -782 334 -31 246 -55 -2 -16 266 -121 -297 -50 -240 0 169 0 -419 -329 -380
-588 -974 0 -243 0 -116 -415 50 422 -301 290 197 -427 0 608 -92 -307 -157 641
282 25 -225 -232 -89 526 -299 -463 2 637 0 -37 -30 0 -260 0 0 262 103
-152 197 -136 -297 273 -193 110 -433 33 340 -435 118 408 260 0 -365 167 54 0
0 18 606 274 267 372 -350 0 0 -255 0 475 -149 -224 208 0 -388 332 -243
542 420 -262 -108 -394 -465 0 -164 -167 270 110 379 349 315 -387 0 -349 -329 278
194 122 -161 120 215 513 0 0 -243 119 375 0 239 0 118 58 1000 -302 -473
115 511 379 628 19 -175 0 -407 526 547 735 279 572 678 580 0 -255 638 353
-409 -11 349 22 -16 96 -638 59 0 -75 -370 -122 347 -142 60 -614 -38 -69 212
-323 -688 -375 -30 -40 96 275 -1000 4 0 -317 627 138 168 142 55 0 -485 0
332 0 -6 111 -150 419 -304 -825 -278 -243 -238 -217 -14 -242 165 71 515 0 -387
-117 -196 -308 170 0 0 -507 -426 899 -206 0 0 -481 -300 599 281 387 -369 262
0 0 -664 -505 614 -238 -264 624 382 0 -130 -547 351 175 0 -168 440 33 -624
-333 -307 17 -305 902 0 -240 0 -111 0 -82 421 -603 -539 -256 -203 -239 339 343
374 59 820 0 -541 -373 796 434 114 394 54 958 -139 52 -157 369 -189 397 -300
-297 -515 182 473 -139 0 255 0 -378 -194 -397 -528 -71 0 250 0 -3 -387 421
111 243 -127 148 -368 579 335 150 -143 -340 451 -215 0 -275 -34 290 0 0 -905
556 368 -178 587 0 53 -266 85 -796 1000 0 -227 -207 -957 291 86 38 30 -716
-340 -345 -408 175 -54 -353 348 173 -131 -332 0 576 -270 375 147 -341 292 -97 256
