15 14
-58 0 -174 -223 0 378 -96 -96 0 -144 0 -147 0 -173
-70 -227 -90 -84 301 0 -137 -28 0 -109 -170 -84 -100 21
-43 -11 0 0 -124 -104 -251 0 0 0 0 -88 0 0
91 -39 -86 -108 -45 -136 0 90 -110 -31 -190 362 153 271
0 337 -136 397 -168 207 -63 -58 0 -178 -101 -66 595 0
0 -82 -243 0 19 -53 214 83 -195 -92 -68 -107 -69 316
-13 -203 130 -86 -59 -119 -64 173 -115 -111 0 0 78 125
0 0 0 0 -65 -91 -81 -148 -67 -19 490 357 -16 -165
-122 -83 -148 -93 0 0 -9 -227 -25 0 0 -93 -87 0
-104 -63 512 209 0 -33 0 -125 -103 0 220 0 -72 0
-147 0 331 104 221 0 196 171 -122 96 0 0 -105 0
700 -172 431 334 -109 0 161 262 80 0 0 0 -7 155
-7 -26 -108 387 -189 462 -18 0 -124 436 -119 -105 -65 0
-94 231 -73 -75 19 0 0 -233 -119 0 0 81 -49 -97
0 -36 -268 -99 -65 -248 0 -85 -75 115 0 81 0 -80
