100 82
231 86 -428 -38 -381 0 144 -117 -240 -224 -196 0 124 -472 606 0 -193 212 -229 323 0 -365 -169 0 310 151 -249 119 754 158 150 0 0 151 -179 0 -51 -148 352 -176 -30 -16 306 0 283 0 310 0 253 253 -42 -63 271 106 -18 0 -26 0 -82 284 399 -115 -151 248 0 -32 224 -266 0 28 504 -91 0 -99 0 169 0 99 0 -414 292 -230
-97 -339 0 190 -575 217 0 0 -142 0 -258 224 -248 -309 -14 -118 0 242 -188 0 -106 273 -48 -413 0 -19 0 617 -192 -62 381 -83 -70 0 -387 517 -266 0 -96 0 -84 -162 -322 -2 0 0 -16 0 180 325 -71 -97 -87 -15 87 0 -234 37 0 189 -75 0 -363 206 0 -210 0 -72 317 183 153 -176 178 -89 -168 -371 84 8 0 -195 -132 0
-87 0 70 -209 -143 467 -222 320 81 -153 599 406 -142 -56 -356 -184 -38 0 750 0 98 -98 522 0 462 -70 0 -301 247 -289 0 330 -12 217 -8 -38 0 518 -48 -171 196 -263 -74 -80 -414 312 350 296 538 516 498 459 213 210 -42 -255 -303 28 596 -27 -118 0 227 200 -43 0 -408 -202 -420 152 189 0 -63 0 -279 0 -247 44 0 -60 0 -335
508 277 -334 -169 -278 -62 -51 0 151 -121 -166 98 -212 -105 0 0 -352 -71 -218 -224 6 542 -220 -21 110 -94 449 -207 125 -317 -174 -109 0 228 -209 -198 0 487 -196 310 72 -97 -316 0 -52 150 -17 -167 -490 540 219 -409 -71 334 -123 -373 -205 73 336 -416 50 -52 318 191 -36 -131 202 -114 -346 -522 -366 -53 137 -590 19 637 -578 222 -187 -228 75 0
126 -647 -8 141 0 647 0 0 -231 266 224 -877 -179 -100 226 309 235 -610 44 194 -309 -76 -406 0 201 -197 -215 -399 0 236 -10 -235 -94 305 0 160 177 0 0 22 -294 -141 -262 449 591 0 -378 736 0 85 -18 0 0 -313 -106 -78 210 -175 429 0 0 -172 122 -513 0 -104 0 0 -103 0 119 345 -51 -53 -244 -192 107 -13 126 210 112 -224
125 0 -57 0 196 0 652 184 126 -290 668 -336 -343 539 -53 201 115 0 0 284 0 0 -316 -466 -34 415 0 241 435 0 0 -139 0 -97 -31 -36 -292 0 1000 135 283 0 -209 -339 98 0 17 158 -164 -176 117 0 57 -100 -61 0 328 1000 -261 -205 4 72 -59 366 -86 0 -102 423 -75 -312 47 203 0 -269 -75 482 4 0 0 -282 568 -263
0 124 -297 0 47 -315 -208 115 -320 -108 -253 -292 458 59 -121 0 -77 -43 -18 -66 -41 -59 16 -141 -66 0 0 -54 0 459 -7 242 -249 0 171 0 464 -66 418 0 175 0 0 292 197 267 0 0 -194 -542 -151 -61 375 -76 244 -464 -233 0 0 166 -72 0 233 145 0 -187 -256 27 0 -129 0 228 -431 0 128 35 -199 -29 641 0 80 93
313 225 0 0 571 0 -156 275 0 0 364 224 -209 0 0 282 -107 480 -155 390 48 65 -316 0 -229 -239 296 71 413 -315 0 0 161 -268 -158 -61 -378 -235 -247 0 56 13 89 -136 -374 139 156 74 -184 -112 281 162 273 119 42 206 -144 0 429 -96 -7 353 617 -250 0 -341 91 -404 0 -514 -261 -313 0 -114 181 0 0 -381 -76 407 170 242
-111 -182 0 84 -7 -231 73 -9 0 119 -61 294 175 214 125 0 0 -431 0 -21 0 -108 0 278 -198 165 -140 117 -394 34 -84 -176 -96 -106 491 -211 382 131 -368 0 -167 283 -290 -218 241 118 -365 0 520 40 155 -229 -158 -7 -22 0 -17 -105 -150 -175 226 258 -85 -42 -291 -272 -122 -74 -139 -169 175 185 -163 -273 -52 -110 -170 0 0 -14 -692 -191
256 0 -189 -7 817 412 69 0 0 14 -394 825 137 -274 399 0 180 -176 589 56 -146 0 204 -31 395 0 -317 65 -424 -30 0 204 -119 -295 399 -65 321 117 -200 -448 -177 -1 -114 -105 46 0 32 0 34 -441 -347 73 241 -203 -242 602 -84 5 320 210 -213 0 404 -169 -60 -326 -206 0 -147 -71 6 -507 127 -344 0 -51 158 -359 -101 -6 287 -144
0 -171 634 -103 -220 0 -24 227 0 0 166 566 0 146 0 316 0 209 -218 -239 0 -53 14 -11 184 214 0 -207 92 -89 249 44 -23 0 0 -78 432 -35 -125 0 -101 350 -217 264 -244 172 -182 114 310 0 -35 -165 237 0 382 631 -134 -117 -16 27 -143 -584 0 -161 248 0 -125 177 -382 -184 -35 0 -141 -68 37 -179 -115 -244 0 570 0 0
153 -380 -243 0 -93 264 138 27 -400 403 -77 344 -75 216 0 0 -138 -12 -285 603 85 -36 -330 0 32 66 288 253 -239 356 294 -47 0 549 -155 -87 0 0 -85 -75 -236 0 136 -69 -143 0 120 209 313 0 0 0 -533 234 235 -228 218 601 -36 -54 -209 -206 -7 -29 136 0 -133 -44 47 213 0 -151 -121 -213 0 148 -290 0 -114 -237 0 -133
-248 368 -156 319 -206 319 221 -131 -132 971 -81 -149 0 0 -143 655 570 0 793 -196 110 284 53 -340 -158 336 0 0 0 -172 -62 0 -227 -112 0 307 0 378 -375 342 0 -345 0 307 323 -231 343 -222 0 0 -210 37 -73 -150 -44 123 0 182 -376 -281 0 -295 0 301 112 281 -203 -199 179 -239 -80 0 -132 -139 208 329 -276 -260 -229 237 122 0
-151 0 -100 -135 0 -140 -304 -291 87 0 -103 -87 -379 126 -18 631 0 0 200 233 362 -44 -226 93 -108 0 -58 386 -217 83 698 -111 310 4 -66 0 -91 117 291 -212 -140 0 -35 512 -480 0 0 -28 477 -25 -151 0 -249 400 -14 -66 -236 -394 -52 0 -226 -303 0 151 42 0 0 0 -30 0 0 -121 0 -248 -140 172 61 0 382 -28 383 0
0 131 0 -121 0 -34 405 -62 0 -408 -103 -254 145 0 451 0 304 192 95 -206 113 187 -31 355 -54 0 -186 -25 34 -30 -5 222 0 -245 271 26 0 -49 228 -228 0 181 0 -202 182 -101 417 -343 -420 0 671 345 0 0 331 0 360 0 82 -184 -69 -91 -239 912 432 0 -134 114 -60 31 -264 417 247 -576 98 369 -240 456 198 0 -233 -113
-86 -232 107 0 18 -420 0 74 -176 145 83 -99 -237 0 0 -178 10 -106 266 -121 -40 -431 71 -427 -146 -358 131 0 0 -364 227 0 0 0 318 -170 252 -84 -134 257 -229 -406 -603 170 215 0 185 -240 -638 0 322 547 0 -131 138 -25 364 182 404 -307 -153 0 -239 201 -39 120 0 0 183 -328 -374 0 0 -18 -122 -156 139 230 260 -230 475 297
-286 -291 141 0 0 101 -188 0 -17 47 261 343 -79 0 -37 -134 0 -47 0 0 0 5 -152 0 -326 234 371 875 0 -163 455 0 152 0 331 -145 0 0 -62 -11 128 -301 0 0 -89 12 -61 -69 420 36 0 36 0 7 438 -210 -364 -227 -100 -527 -393 -55 -175 0 0 0 -50 0 -124 -150 -98 -37 445 -343 0 297 -235 0 -72 -145 -13 20
179 236 339 -5 327 -84 0 -178 139 -2 0 -97 338 -209 -93 385 -360 0 -18 0 0 162 -153 420 0 88 -57 0 -80 212 -130 -276 37 -12 0 275 -437 -302 222 687 29 -426 -42 -272 0 0 124 -41 -173 -195 390 -72 -54 -230 -47 -232 -136 -439 0 0 -124 23 -209 -261 -103 -442 0 0 0 -94 0 -416 0 -68 -241 54 -109 -329 65 -171 18 -21
0 -162 320 -20 235 0 405 530 -13 -60 -165 -432 -207 -155 0 -189 0 -162 -164 694 476 601 -180 -104 -150 -203 21 142 0 -10 267 219 0 0 -243 0 -177 0 0 0 121 150 0 288 -93 383 -219 -28 -168 0 -229 -153 -1 405 65 -54 423 -285 244 -151 -143 405 -315 188 124 -48 132 434 -246 -163 -207 -229 -46 -239 242 -247 134 0 -221 211 129 -154
-108 364 0 -75 0 280 -13 -236 -401 -5 0 259 0 -469 -124 0 0 -107 24 -95 0 101 -273 259 392 -178 -97 35 -81 278 -203 203 -50 -272 -151 145 -309 -651 154 0 0 -540 676 -158 -549 595 -181 -169 -277 378 46 -231 0 0 133 613 221 -175 -260 488 32 -30 159 -199 -65 0 122 -250 0 156 129 0 170 344 447 -132 -71 -381 -242 151 338 276
-388 -31 0 0 215 -14 118 -101 -241 -386 107 126 -144 -257 -203 -380 0 -562 0 308 -412 501 -147 275 -903 308 -383 0 -306 -138 -347 -182 0 0 -69 -535 0 355 116 -394 -239 -134 0 179 -20 0 79 -54 227 -162 0 -297 240 -187 0 0 -182 509 368 -63 -93 232 -130 -194 -138 -561 0 -293 -278 0 0 0 0 20 -137 732 -94 30 -29 203 0 -167
0 -210 -69 141 -236 -337 -233 30 -177 -224 0 153 503 108 212 -158 -337 -223 137 -139 -319 146 72 -218 283 -89 0 5 267 0 -19 0 -66 -200 162 78 0 124 0 0 0 60 0 0 88 144 -218 -361 -200 -297 -1 409 -138 -85 0 -345 0 -5 0 -535 -121 4 -89 -228 0 228 -94 -80 -124 205 -96 0 -133 -147 0 -81 296 0 -201 0 701 0
160 -371 -8 -71 0 -239 504 0 0 0 144 0 483 -198 -109 -47 -221 0 0 -285 -87 274 0 383 105 96 98 24 0 0 159 -54 0 183 -240 -226 -144 97 414 -249 -366 -15 -23 -167 -190 -402 267 394 -107 374 -183 0 -156 31 -211 -81 0 113 238 -113 -93 -165 307 -13 33 -96 0 328 241 -185 0 -215 -199 -197 -229 -173 -76 -21 -183 -305 0 0
-18 240 433 -42 476 84 0 384 -317 0 0 -227 0 -27 -173 161 0 0 -114 77 318 -171 0 -167 248 99 0 -239 0 0 -236 0 0 -75 0 417 -290 68 40 -128 637 0 111 -75 -157 -207 552 0 0 -166 -147 180 0 107 -19 -72 -68 355 -18 0 392 -51 -666 0 -237 51 35 -183 333 0 510 -85 -238 -61 0 -63 301 453 -70 72 0 -156
518 -28 183 96 123 -33 30 241 214 135 71 -323 668 0 539 0 476 254 845 567 -116 -103 -211 258 -41 0 91 0 92 -147 -318 0 -3 -325 -31 263 147 0 0 -720 292 -193 -9 212 -107 122 -13 314 415 0 0 -199 0 -87 -25 0 -74 127 -249 -176 466 171 219 0 -284 467 -78 -142 186 0 159 -162 0 12 -418 -90 -242 50 234 0 4 400
-170 -91 -416 -132 -95 268 -15 361 0 -372 -236 209 0 0 164 0 -411 0 -536 202 0 -148 137 420 -443 0 79 -167 -13 0 0 -72 300 96 0 0 0 -245 -102 678 -352 427 151 0 0 -60 -199 119 234 -109 -216 189 -19 62 -1 -147 69 -792 318 -157 0 214 -61 -115 -113 -234 -224 -237 -278 0 -353 230 -154 -358 0 -217 35 -381 -117 258 154 17
0 -365 0 0 -85 -4 147 92 -101 200 128 412 0 228 0 -102 461 0 -334 277 -24 0 381 0 110 258 0 349 208 177 -144 0 118 0 124 410 -305 -226 0 -670 0 375 75 -26 -220 -252 120 -156 74 -140 -213 0 0 -75 -303 0 -158 -46 366 0 -248 338 -191 -145 -170 -181 0 402 -217 257 454 0 291 -169 64 66 -71 0 418 -229 -137 212
0 -671 0 -159 -212 -281 199 -10 151 -50 -18 82 -198 0 -148 -320 0 -238 -15 -218 -284 -275 65 32 -182 -284 177 -65 0 -13 231 -133 789 248 238 -435 -3 224 84 0 0 166 -245 -230 0 -38 301 -580 -134 0 0 33 205 -70 195 117 -224 139 72 -95 0 -199 -236 -578 -144 0 55 315 0 -193 0 243 -198 -65 -277 -82 -546 -286 0 62 -242 -272
-234 -89 -162 19 232 12 -243 -69 13 -45 -16 -33 953 -311 519 234 -559 -145 -56 0 -207 -289 -71 127 -3 281 187 -155 208 287 0 12 295 478 -9 0 -161 339 0 246 0 -55 -107 -300 114 -100 -227 20 8 160 -246 -215 -268 92 303 -84 0 -38 59 -10 470 59 -168 -255 0 -222 0 132 -178 200 -312 354 -245 -402 0 0 -208 -161 100 356 0 0
93 284 -171 -249 -119 -456 -68 -109 162 -294 0 -478 0 -63 287 0 250 -252 501 -98 -92 223 0 385 -249 -700 0 343 -12 135 -137 -289 25 -215 57 0 0 -127 334 0 165 0 -432 -138 234 -227 372 0 -377 0 -108 0 -240 740 0 418 -277 -307 60 -180 0 -320 0 130 -146 0 -231 -102 0 -103 -116 440 358 0 0 0 0 409 -253 -24 456 -159
38 -235 0 0 131 140 -20 212 78 -167 176 -216 -245 65 -41 -15 410 167 0 105 0 -151 -293 151 -79 38 0 -114 456 -89 669 -244 -245 -72 -122 0 337 0 -118 258 -377 -159 -247 -185 324 -310 808 -515 -101 -326 28 -101 540 -398 375 -20 93 -141 -298 -371 -319 138 -285 0 21 -205 0 0 57 -161 142 -55 153 7 262 351 181 442 430 -249 138 -73
-168 899 -465 0 -175 -343 311 251 424 -219 49 -424 -279 0 0 -110 -189 0 -223 -134 -236 393 -133 110 356 170 352 924 -139 -56 -215 0 -234 0 359 73 499 39 0 120 42 0 557 -162 476 151 161 -86 -330 0 -31 196 188 179 197 -351 -292 0 186 -205 -39 0 -179 -320 0 576 -193 282 -697 -48 0 -139 -190 -102 -448 352 561 0 284 -345 518 68
57 -21 0 -223 -352 99 -155 191 -78 299 -306 -245 -58 -109 -172 273 -181 517 0 64 764 71 404 -21 -232 -158 -33 384 -352 309 -107 0 -86 -18 -249 0 -209 -199 -155 -248 436 0 -57 91 -239 818 0 -137 0 103 -10 -210 -110 -94 42 -104 0 -84 -6 -368 165 0 0 -284 52 -185 -244 -148 -96 -216 -211 -96 115 68 -72 -178 0 -142 288 603 330 0
-356 0 0 274 0 0 -399 123 -134 161 -84 -350 -327 -66 -117 -559 198 -135 -328 0 225 0 -99 -231 -220 -73 0 0 -72 -347 0 132 -234 481 -179 0 -268 -33 47 136 246 -182 0 0 118 294 72 -178 0 -304 310 349 0 -338 790 190 0 84 -102 0 520 -266 0 78 -83 302 0 0 -242 196 -178 -171 -292 -187 221 -162 -217 -228 336 0 -42 339
142 -118 -227 0 135 438 -203 0 0 -363 -174 -32 216 100 0 8 -239 -92 -72 0 -451 0 91 0 -61 -29 127 -129 -20 284 -71 -178 -256 -159 -192 0 -176 -255 0 -103 -439 -235 0 -108 -342 0 0 0 114 -293 92 -457 -268 -219 -110 0 -72 -172 -250 0 -387 0 -170 -272 379 0 -230 91 -77 468 127 -211 0 -94 660 -62 -452 -58 -303 -2 -11 440
-5 0 0 0 34 -383 -91 254 0 -260 0 0 -156 0 158 6 0 -106 0 -176 361 -18 32 -237 -206 -320 123 93 0 43 -134 240 -173 -175 46 65 -311 -69 -234 -391 -394 0 -48 0 -101 0 -299 -277 -143 -6 0 24 0 112 202 23 542 8 0 0 -119 0 0 -138 0 -246 0 -239 221 191 0 19 380 0 -152 -42 -193 0 101 -102 -221 0
-16 0 -31 -161 -195 0 0 -189 -330 75 0 0 -41 -75 0 0 0 -256 -325 -73 0 34 0 435 0 -196 147 84 0 0 490 25 -433 230 125 419 476 0 107 -97 -7 -226 478 -172 -216 -129 133 -33 -20 -126 177 532 560 -93 0 611 413 -87 0 -247 44 -184 0 0 39 -21 0 319 0 -241 -165 -111 224 -324 -535 21 -192 -344 34 -190 0 468
-84 22 -250 -52 -67 125 -71 -48 0 -253 13 -233 0 427 -292 554 49 0 602 -69 153 451 56 0 -47 0 -3 -370 -290 -126 82 0 198 -5 -169 13 -179 0 -68 -222 -165 104 0 104 -687 0 -28 -149 23 230 574 0 0 -49 0 -156 -204 330 64 -241 -41 -36 0 208 319 0 -10 -67 101 102 -356 -292 0 0 277 362 0 -47 250 0 0 0
-47 -32 -93 -21 0 -132 0 0 0 3 319 282 0 0 294 -113 -100 0 -216 142 -82 620 0 -106 0 -88 0 -233 158 249 -174 243 -170 -326 -154 17 274 98 0 -21 76 330 -6 -189 0 -96 -11 105 -68 -48 0 449 0 207 0 -704 42 -171 0 -138 -267 11 -42 -200 0 -252 0 -188 -312 472 -30 -125 -277 56 -193 -304 110 -31 -157 390 0 -566
-225 -96 -12 253 -126 -37 90 0 327 0 0 697 -368 -463 -261 -178 -391 0 0 317 178 0 -218 -42 -1000 0 0 0 594 103 149 0 -235 -49 -27 -717 -412 -11 0 -126 -203 -191 -44 0 0 -113 331 -191 -304 101 23 -453 -382 -161 -154 91 -246 69 -140 -429 0 0 45 -252 -152 0 -213 -163 -352 -89 -213 0 -221 73 106 0 57 -232 525 -217 -222 81
-74 0 511 162 90 276 -215 -97 0 -221 -149 -97 0 -451 0 -247 -300 263 -179 -170 247 207 -135 402 0 -148 748 -218 23 -11 -247 555 43 -669 -5 -295 245 -103 296 -8 51 0 547 184 62 198 -192 0 -128 -159 -190 64 0 -158 -216 306 70 0 206 -282 0 -25 -231 470 -45 235 -390 0 0 0 513 246 -102 406 -77 0 -133 -154 -86 357 46 350
-292 -133 498 -227 80 159 6 275 418 577 0 0 0 -43 421 477 406 0 -7 -303 0 0 -191 -51 44 233 444 -262 -196 -96 -60 0 527 0 0 0 -115 243 -388 -128 -70 876 -173 -244 -258 38 148 -166 104 -24 492 509 88 499 -173 -259 0 -222 78 -25 -177 221 534 98 0 293 0 782 -541 -220 172 -241 -116 0 -265 209 415 148 -80 -295 -209 742
314 0 -159 -35 176 -100 0 -86 77 -33 450 0 166 320 0 0 -174 69 0 165 -23 -248 491 -22 0 -98 518 -8 0 0 -221 0 0 -188 -90 40 0 -193 0 -310 68 144 -240 -100 63 -14 -9 -142 0 26 0 36 -111 0 841 44 -162 456 0 -80 0 -116 0 0 275 -207 0 47 -231 -605 -25 -274 -117 -73 7 -281 178 0 -177 -103 -152 -42
0 -396 41 0 -59 -440 52 0 -10 232 -151 0 305 -127 0 141 -312 -59 71 -244 -18 -198 -112 0 52 -107 -494 -60 -188 -291 -132 -120 -9 -175 65 15 -176 597 -187 544 547 305 -55 615 -154 -3 -128 0 -87 115 0 -235 0 337 -525 169 -54 0 -154 204 -191 -120 -74 -163 0 0 0 329 0 0 0 -73 144 114 119 77 -162 0 -371 -67 219 0
12 122 54 -57 -164 0 -59 -140 194 39 247 97 -208 -246 -89 -456 -479 0 -6 286 0 0 -20 311 -157 151 -168 4 0 0 -192 -246 -161 -48 -175 -188 0 -185 0 -88 485 -145 487 0 -8 0 -239 456 -39 -269 511 490 0 1 0 0 -28 314 -103 -361 -62 -99 228 -593 -354 131 -167 235 384 244 214 0 168 -511 0 -9 -684 720 -313 243 -206 52
208 211 -100 0 -171 287 -164 0 -348 -530 0 183 -61 -341 -239 121 160 -179 367 -27 399 -179 -232 297 -39 99 -341 0 -217 0 0 -73 0 96 155 -205 95 -67 276 0 -25 0 0 30 0 -100 146 -113 -63 149 -230 188 0 -346 -172 -473 537 0 127 -102 -156 0 170 281 0 0 330 -136 -43 -59 -781 245 -83 0 -1 -28 296 11 -23 -215 -42 -311
697 93 427 0 222 -266 -210 396 -51 146 -141 -188 -79 -35 -213 0 411 -296 -317 -46 -119 -87 -248 0 -33 333 0 -200 29 -83 200 -414 -115 -14 18 200 0 -190 -208 -6 91 0 -145 -107 -120 75 0 5 232 152 -6 0 -409 -114 131 0 0 0 -593 -344 -38 94 0 240 -39 -113 -239 -75 0 -109 43 -70 -190 -139 -236 0 0 -203 -17 -190 238 -391
90 -81 291 -81 -54 115 -319 254 42 67 317 73 416 366 0 -198 0 87 0 0 0 -131 0 -64 0 -50 -430 0 325 371 -314 -96 355 60 -535 0 -351 477 365 845 42 -74 -234 -154 0 444 -102 173 -135 518 -132 221 201 242 11 -574 101 0 340 -82 -23 56 0 458 -250 -102 -369 330 -164 -253 -8 -48 -134 -243 -495 85 -110 100 -317 12 450 -76
0 260 0 -174 -279 0 239 226 -276 -366 -117 129 680 -195 72 -427 -615 0 -106 0 162 0 0 132 -270 -59 134 -326 0 -15 -824 -114 -223 -94 0 0 0 0 246 -415 0 -310 -56 0 0 32 58 44 -73 0 0 0 -370 -352 -70 0 -92 -85 -251 73 532 884 0 -166 523 293 -100 -151 269 -359 -27 104 0 -26 0 0 570 -447 106 -408 127 -8
-129 -182 -24 0 -341 0 -226 -307 -325 414 0 -122 72 252 -73 0 -114 18 0 -162 0 377 0 -71 -69 489 -236 -65 -310 -99 -150 53 0 -210 370 0 258 -152 -76 170 -124 -240 152 172 204 -210 -133 0 0 -180 155 -31 -135 -178 391 362 106 -363 -475 286 -10 -357 -160 187 -50 -242 -18 0 0 305 -234 -210 156 0 299 -120 0 0 543 -125 747 0
-305 549 0 0 371 337 82 -52 441 -287 -23 170 104 99 -228 387 0 -143 -24 -215 0 383 -263 133 -3 205 90 -201 -30 94 0 328 -201 -337 -366 0 -247 -44 600 -146 23 -145 0 -121 -178 411 -290 -436 0 651 -298 -538 -109 0 -10 564 -291 0 27 583 567 -278 -201 -122 109 -121 0 129 0 172 610 -93 -30 -407 -139 -339 -21 368 -452 -328 -46 203
-327 -207 129 156 0 414 -158 0 93 697 -30 -332 -660 -18 87 0 0 21 -372 231 -104 4 -274 -64 57 197 159 188 715 0 308 247 -81 -395 -81 -217 -99 -175 4 0 5 9 -80 -273 -360 193 -191 83 479 -294 -343 88 -4 0 -112 -303 0 89 0 -268 234 -180 456 417 -38 139 -132 -143 0 197 -125 639 22 0 0 1000 -17 630 171 157 0 190
-52 -298 -107 -414 -81 0 0 -517 0 298 363 350 218 -32 -138 -604 -22 -453 247 -105 -6 -241 224 0 473 0 -131 -44 425 50 621 -298 -154 -229 -102 254 514 -103 303 -5 -248 330 -193 373 -46 162 -280 -386 -340 442 -16 0 0 -193 353 -12 200 -85 -245 -99 -59 396 581 -348 0 0 0 -486 -18 336 0 86 -289 159 -251 0 0 -13 -435 157 43 524
354 -788 509 -2 -226 478 0 0 0 153 -174 -108 -285 279 -358 -382 0 -181 -361 -467 -153 73 0 -63 -48 0 -123 37 -203 240 -360 260 -207 250 -219 -182 0 0 -218 388 -484 0 0 231 -87 -366 596 -163 0 154 141 364 -208 0 147 0 28 0 0 0 723 411 -159 448 216 117 108 30 -48 707 -487 92 -252 -67 230 238 373 -415 -372 71 1000 339
-163 0 58 0 344 0 793 134 -7 846 -145 0 394 496 -193 0 -74 -8 170 47 -56 -51 0 -58 0 0 126 -23 0 12 97 -152 124 382 154 97 -182 -258 121 -2 -206 0 -168 -13 -148 -6 312 -352 -414 -67 -316 -85 0 -12 -3 398 117 467 0 -85 -217 -233 -240 329 32 171 82 -85 40 322 0 -212 0 -140 0 -238 0 251 0 170 -154 -184
-239 -49 640 -148 -431 -202 -88 -95 88 -350 -9 0 247 0 316 18 372 407 0 250 -98 101 185 331 227 -144 -170 -147 127 11 -35 0 -70 654 -27 -12 -67 -54 -47 0 -99 -25 71 78 0 0 -420 174 -24 -60 -72 357 -94 -52 0 163 356 52 -256 82 549 240 -232 206 -263 -27 0 -182 -233 0 -274 0 18 -208 -82 -368 -332 -86 6 0 -55 0
0 -136 377 -347 280 246 156 -107 122 -193 663 83 0 0 0 -55 671 -74 462 -676 -350 -137 -188 141 74 0 -43 -285 326 0 214 -230 -26 0 0 103 445 382 -186 -249 232 -63 0 196 -232 -184 0 0 113 -250 436 -187 336 0 -101 532 -423 -110 -111 -422 -235 267 370 485 235 254 406 71 0 -524 0 -11 0 207 -221 319 0 0 318 59 0 0
231 292 0 226 0 175 814 0 478 422 -453 112 -166 182 39 0 60 34 366 320 -157 40 -248 15 395 -455 -40 162 0 -534 -68 -361 147 -217 103 0 120 430 0 0 420 -7 -40 862 0 192 -75 76 27 110 -50 0 0 137 0 -154 -166 0 -1 0 109 257 -681 -203 0 -101 -92 -68 110 0 216 0 -540 -229 -217 461 176 -302 -208 0 18 393
0 -476 0 -9 0 -220 130 -76 0 89 -286 444 26 85 0 600 -368 355 0 123 120 132 272 211 -526 -169 551 -115 335 -238 -345 -48 211 0 -104 -176 377 346 -89 0 233 123 -422 304 0 147 -351 128 -72 -239 -176 355 947 0 -215 -215 -239 0 235 69 -12 0 72 103 179 -168 -215 0 -95 -270 -191 384 0 0 53 -335 -48 0 -392 -67 0 0
514 -126 0 0 -158 -148 -128 609 189 100 355 0 -18 -143 -4 107 381 415 -143 -111 225 0 -226 228 -201 68 0 -270 -362 -225 -117 0 507 -195 -69 -209 0 197 -157 -33 0 122 -238 -241 -73 312 -423 -44 293 239 277 93 -404 -277 0 0 -353 -586 130 10 -257 2 -117 0 111 0 -164 -433 0 -231 -170 -181 122 -120 -199 -267 -239 -150 -148 -56 0 0
166 0 330 171 -136 0 -316 -129 -108 -71 -371 -63 -230 -86 -357 -7 -36 -24 188 397 -119 -8 285 459 -158 17 -213 -614 -15 -124 -870 331 272 304 -12 66 58 -144 0 -20 92 -230 -633 -31 -34 316 -105 0 224 172 72 -44 -12 -101 487 13 38 80 -320 -461 0 -144 -80 0 27 -561 -76 0 -135 979 0 19 325 210 -125 -201 301 -10 -140 0 -134 -209
-645 437 196 0 -149 -400 306 -34 -389 391 320 83 682 -180 0 -17 -191 602 -198 -218 400 -93 -125 -130 -173 2 -4 0 0 20 -205 -189 -221 -189 -194 -256 0 -258 -218 398 0 0 584 -45 115 240 -207 125 -470 -107 83 592 374 207 -197 534 179 0 -162 -19 230 0 12 -80 -30 47 0 21 -78 347 -120 0 -193 0 430 -4 -210 322 -161 0 -81 -274
-28 56 -76 737 -478 -290 72 0 -120 -205 673 70 -70 0 616 -146 -45 -12 83 104 36 -197 0 -129 -110 -74 -190 102 -107 0 0 0 -114 264 205 0 -27 98 -423 425 -127 0 174 -151 -29 -9 -81 263 384 -306 0 151 0 0 0 -326 0 352 -23 25 -387 37 303 0 -210 -11 57 -270 427 102 250 -303 -164 246 0 -163 0 0 -219 -250 221 -217
-19 0 -99 174 147 67 0 233 -209 -11 306 762 -96 0 -77 265 -301 447 -116 -39 150 -244 396 -165 -235 -330 646 93 0 -159 0 167 104 0 -204 0 -121 -158 -263 -159 -347 -144 -228 177 0 0 103 -55 -208 0 589 477 522 206 477 177 949 -214 -134 -307 -329 319 0 -186 -179 0 86 0 41 201 -135 -441 -105 97 -267 0 310 113 0 0 440 310
-139 -176 -147 -260 -289 -159 156 -214 132 404 -71 258 -49 -29 60 370 133 -133 0 -41 143 -93 215 -343 -54 -154 0 -3 0 -573 -223 267 712 382 -215 0 336 -131 495 0 -27 -59 -278 683 -96 105 -218 90 140 -234 0 -400 0 -78 298 363 19 177 26 59 -308 99 -19 650 0 480 339 -574 -155 -483 0 0 171 -226 0 -174 -447 0 232 -219 -534 627
-427 384 0 0 -153 -142 84 -84 -189 0 -59 137 219 -211 565 -12 62 -130 316 0 -213 0 463 0 10 53 346 0 -12 0 0 565 0 -140 284 -159 0 31 -140 412 0 0 102 -208 267 49 0 -152 -35 360 0 82 -447 253 -112 -153 -88 -123 0 0 471 0 348 -73 -106 0 -3 -366 -226 -229 0 -235 -199 215 -72 38 -98 -40 -191 52 -218 -174
0 -23 -372 -107 -344 589 24 -126 -92 243 0 479 -206 0 -219 168 -200 0 -94 -247 -116 -275 30 571 292 -134 0 0 -8 79 -190 201 -20 37 0 -54 -90 0 128 -349 0 -248 -178 240 176 67 376 203 -226 341 -334 -178 325 0 0 -208 -352 28 -255 0 -273 0 -183 0 418 -138 -186 519 0 -255 487 -224 -173 -212 -194 -78 -158 217 -268 0 -367 602
-247 54 0 250 -187 -63 141 -67 -323 54 0 0 -246 107 0 0 -250 619 0 0 0 88 0 328 -228 -114 88 0 0 29 -12 0 -721 -36 417 111 -280 -484 -69 -187 -66 226 -334 -120 -151 37 0 -40 80 -708 676 -175 -225 123 0 372 -436 65 0 0 62 -36 0 319 -25 -141 -222 -8 -193 -489 0 -204 -4 98 -220 -33 250 -214 302 -101 526 0
272 209 99 -105 -217 0 -15 400 231 218 -422 0 613 0 149 -220 86 197 0 448 -37 116 360 66 84 645 0 -450 -20 -39 -217 -335 165 -294 -234 -170 516 300 -17 131 0 293 225 -158 422 48 230 -106 -71 0 -224 15 -155 240 332 0 268 -28 -116 -158 -210 203 147 -423 69 38 -106 203 -233 630 0 278 -344 -64 0 -28 -133 -63 0 -135 -367 10
53 0 0 -151 67 180 -230 -60 0 -231 -152 334 57 -199 0 53 -16 -115 -202 332 -144 163 -214 0 -481 -162 0 417 0 120 -104 -269 91 240 208 0 -337 0 -395 -186 82 0 380 0 -289 -65 157 0 0 -226 13 0 0 -130 307 0 -126 -448 0 6 0 169 -387 -82 464 0 862 -120 -93 0 109 0 0 88 -42 726 -122 -291 45 -126 -202 -178
0 164 0 -49 0 118 -171 -305 0 198 -125 -223 28 0 0 129 -67 -338 0 -121 0 -96 0 267 -211 221 0 534 0 -73 392 -157 -174 29 -668 -209 -91 -56 -83 149 0 -334 264 305 -370 0 203 -448 -25 -189 24 469 -135 0 -238 0 -334 6 0 -240 0 338 -100 -204 355 0 -171 77 194 0 -54 699 -331 -441 423 -54 -129 107 0 -14 399 186
-217 -68 253 -192 -152 0 537 353 388 0 -244 -84 704 377 0 -233 64 0 -32 0 -148 0 -449 0 145 -322 45 -75 0 145 -223 0 -80 32 -334 -170 0 -147 304 0 -86 -68 107 38 0 164 -160 0 -63 -175 -222 348 -127 -222 -119 -212 28 -372 0 0 0 -222 -86 109 239 -12 705 25 142 245 -131 -230 326 28 83 207 0 -306 255 175 301 -164
0 632 115 259 -215 146 146 -244 277 203 0 488 0 -213 -49 0 -349 -293 -65 -116 -183 233 308 -175 0 34 0 -94 183 0 -109 -62 -59 0 -7 -235 -296 0 681 -55 -236 -96 -232 303 -420 -245 0 0 0 324 0 -245 0 -520 368 714 144 315 205 -259 6 0 -147 170 0 108 -16 -30 77 -57 0 436 -210 -144 -202 275 0 156 278 0 59 0
-112 -532 -208 248 0 0 -112 -386 -234 -28 -227 -190 0 -353 -232 -462 -316 -117 0 -57 -379 -152 -237 127 80 48 405 -407 145 0 0 -135 -57 -310 21 462 -208 -427 -217 -333 -90 269 -476 32 -236 0 -94 -102 0 0 -292 162 153 130 -506 -78 99 369 -166 0 -214 -160 282 -292 0 314 -57 247 -146 0 84 -131 674 232 -32 97 103 -137 275 -198 -471 1000
114 0 283 660 -55 0 0 0 123 -52 0 0 0 -165 -205 -42 127 -69 407 -44 0 25 -185 74 -70 -306 47 0 -83 -181 0 0 0 120 0 254 222 0 123 -64 -270 0 -188 -45 19 -143 -123 -385 -369 0 5 -148 -232 201 -231 -211 0 60 -225 29 -29 0 -148 0 0 248 -56 1 0 -21 -312 210 345 -225 -197 0 87 0 -442 0 0 45
-559 291 -65 -175 412 92 197 0 329 -433 -477 218 75 142 -241 151 51 -544 -331 0 237 -8 -343 535 -329 -74 226 -18 3 539 -391 -207 512 372 134 241 458 -70 0 38 -229 -433 -195 169 24 -309 0 -22 0 -359 240 -308 -183 -99 180 -240 0 0 394 6 29 -174 -212 -198 0 -208 0 -253 -126 -128 -284 0 0 842 0 -93 -40 74 0 189 0 0
-163 0 -204 0 88 -194 215 -150 -80 -66 210 519 -153 -166 -49 0 -373 -79 751 222 0 171 0 -283 119 -76 199 691 325 -23 0 -160 0 0 786 -245 0 -343 -328 90 441 601 0 0 -270 0 582 -98 -65 -408 174 -164 139 0 -337 -279 -42 -24 23 195 -542 -107 -78 0 210 0 -73 34 -403 385 167 0 -222 -144 -277 68 321 -176 -243 -162 -78 266
-64 -379 -3 0 440 -136 -139 210 214 -134 -29 0 0 217 0 -29 0 -235 151 62 316 0 172 412 0 258 -243 -138 0 0 363 0 -139 -109 -352 561 0 0 -190 -69 -167 0 431 0 88 -180 35 142 468 0 0 0 -717 332 210 -167 0 -258 -264 -31 -119 651 120 0 -175 -181 239 -208 -312 497 -79 459 -53 -353 0 0 236 669 -514 673 -239 208
134 54 -368 720 613 -130 144 -44 0 -120 -229 -166 47 0 0 -22 0 191 -121 -236 171 0 -161 -220 439 -313 -88 0 12 546 -111 -202 0 0 -57 0 -151 -131 -44 906 0 0 0 -250 85 609 46 -230 -94 0 -55 -194 0 455 160 0 9 37 0 0 260 -128 -226 309 343 -571 -439 -242 -209 138 -559 157 -168 0 0 0 469 -19 0 0 -17 0
108 -133 0 462 93 -869 -397 -119 -129 390 459 0 118 192 -120 -61 283 -114 333 28 -18 -39 604 -120 0 -302 -239 0 0 139 0 -178 -11 92 0 -489 119 -32 -78 -381 0 250 587 -3 374 32 -104 -245 165 -143 -448 -218 0 -102 -186 211 0 -226 464 584 0 0 -376 92 198 1 219 -252 289 0 -249 0 0 -142 0 -111 440 -188 358 1000 458 188
-53 -198 -26 -24 60 0 205 -24 0 -138 -473 46 -849 -352 -57 300 193 0 -215 757 -234 -95 5 2 190 -119 246 209 -66 0 -257 -104 -272 0 358 21 -218 27 59 -210 -32 0 142 0 -567 -10 125 0 -313 436 0 418 483 -559 0 -84 162 174 -90 0 539 279 0 -12 0 -315 -185 0 330 -289 -95 0 -194 0 -83 -32 225 0 -113 -8 37 0
0 0 0 -463 -140 164 -126 0 0 -208 -148 -142 0 0 -93 0 0 0 -188 0 668 -249 -109 -29 -3 427 430 -118 -349 -219 -222 0 300 0 41 91 -182 -70 0 -209 382 -85 -364 -120 -61 559 -393 171 -39 -64 -28 -241 0 -196 68 -218 -348 -11 154 0 169 -16 -215 382 63 200 66 0 -26 -238 91 0 0 -41 172 270 -265 0 -102 -140 0 229
-154 -75 -63 420 131 0 -236 -57 94 -123 -220 171 0 -232 -129 0 0 -84 -85 -157 0 0 205 188 0 317 -40 0 102 121 -94 110 71 477 197 -203 -134 -303 0 -66 -195 26 0 38 -130 -142 -262 0 -245 0 -136 754 84 0 -49 569 -358 -81 -40 54 -134 -135 -61 -150 0 -63 0 -144 0 0 -140 0 228 -103 -2 -349 174 319 87 187 -67 359
116 -8 0 -262 0 -77 -58 669 -65 -24 -298 13 2 -242 0 -24 628 253 -127 0 -311 -101 0 -225 239 270 -134 -215 -221 -10 0 -4 0 0 -169 0 -320 -235 -168 0 -427 0 -111 0 -80 190 109 -119 -264 -134 -380 0 460 461 -347 457 487 0 -135 0 52 -218 0 0 18 100 -292 -224 300 317 -171 -154 -165 -757 -56 -96 -99 0 0 0 96 -169
-70 0 41 -235 -106 0 291 -1 158 -10 -167 193 0 83 0 -303 103 0 -308 0 -208 -338 0 -140 218 0 -299 0 -105 0 0 -97 0 -104 0 -40 -213 0 336 -164 -249 6 -265 0 -390 -656 89 0 -73 -34 -128 178 160 379 200 -138 213 -150 -66 267 0 -369 492 393 -180 577 118 -315 -36 -94 204 -7 -209 189 35 133 0 -172 0 116 0 293
114 145 0 -42 -212 -134 0 -153 0 -53 -237 -208 -15 4 0 0 -237 -207 171 0 -217 0 656 -300 391 439 -223 182 -81 0 -214 -272 2 0 218 -133 -269 -324 483 0 -359 0 362 104 -106 772 0 -69 -104 -156 -214 -204 450 0 205 5 233 298 -241 0 589 -85 -137 262 -224 -471 119 93 18 -45 -39 56 458 0 -146 417 0 237 -76 -261 213 75
0 219 0 -68 -1 -194 78 211 0 -181 102 0 270 -192 0 0 0 0 -200 249 145 -156 -390 -158 -272 7 -246 0 0 -351 0 -37 799 260 -239 487 -32 5 108 -15 -153 -228 574 389 435 288 -226 -111 79 311 0 0 0 196 150 -485 0 0 22 153 437 -46 289 570 -83 12 143 772 -232 -197 -255 277 0 0 38 119 151 -174 796 -143 -20 -33
-279 -543 -32 -174 -263 0 17 -314 -186 -58 -8 -152 -34 -145 0 -344 22 -79 -77 -165 0 -107 0 -364 65 164 -173 -221 512 0 0 -204 -211 -250 -218 -1 -140 387 -140 -143 285 -82 372 -45 383 -52 0 -266 0 0 0 200 -26 -12 -221 65 -142 -91 103 158 0 -193 -95 0 -167 223 0 -184 -367 0 -18 -292 0 180 488 -243 -165 -525 -117 315 321 -122
-638 -409 0 -112 0 293 494 220 9 -142 -579 -219 -251 -431 -231 -208 -56 0 103 9 0 80 72 -53 286 -247 -213 161 72 -334 -74 221 -235 -226 -161 486 0 -197 179 -124 -130 0 504 0 30 -370 0 28 60 101 -161 -112 137 554 -184 217 0 120 0 -61 -306 0 -218 -224 487 -435 -122 193 429 0 797 -445 0 314 -246 -24 0 252 -111 0 133 0
0 -192 -131 0 221 -297 196 308 510 0 -35 574 -11 -247 -285 -422 0 -107 -190 -39 -22 -215 0 365 762 0 445 61 -374 -12 -105 -243 -231 -244 -322 419 -38 -223 -416 157 -168 7 -29 -263 -115 -189 -168 0 -209 96 382 152 0 689 -176 0 0 406 0 -357 0 -198 262 -49 -9 -206 -233 334 239 -55 0 -84 -286 0 175 0 0 100 0 450 0 0
-243 65 137 -186 490 130 -775 19 0 -41 0 -222 0 0 668 223 238 415 0 0 -146 198 -65 481 -26 121 0 -376 240 534 27 121 -209 -48 342 120 -88 -316 0 -190 -174 320 56 -158 -338 -47 0 -36 353 -376 0 -63 351 0 0 0 -166 0 -278 -148 72 143 0 -230 0 -48 985 -139 0 144 696 146 0 -64 -44 -25 -127 0 0 -14 321 -251
-199 -645 -73 0 506 0 69 0 -83 0 0 -198 -262 -11 105 -122 -212 93 0 0 0 131 473 -149 0 -253 -372 390 226 -230 0 -163 279 -76 0 -130 -171 105 51 348 0 676 -280 -200 0 -119 -41 131 -11 -10 -9 0 -3 0 0 45 0 -1 0 0 -29 -122 -296 -201 -65 -126 -249 -96 247 39 0 -110 -329 -214 0 156 375 -81 -339 0 0 -220
478 -19 0 0 0 -208 -233 0 0 -146 -13 161 -143 -218 -128 523 611 95 -146 736 -41 289 382 -124 -435 -309 0 -153 249 0 -75 0 101 0 72 -91 0 0 178 448 462 -135 -162 173 571 174 -38 126 -337 0 318 369 379 0 613 -247 -375 21 -201 137 0 474 0 -6 -455 199 -317 -75 146 0 338 -25 -168 -128 0 414 47 -1 723 0 0 0
-133 14 0 0 438 -407 0 376 421 395 447 -65 -135 310 0 -266 -307 -203 188 -82 -61 521 0 80 0 155 0 0 132 551 -21 -247 387 -1 169 0 0 179 217 78 305 153 0 63 -210 -249 56 -261 -137 -84 -38 80 -230 0 -158 -29 274 0 -357 -291 -169 0 -224 78 -122 -321 -97 0 -20 -113 -264 -93 -120 259 -18 245 -191 821 -305 133 0 -380
0 152 243 0 271 -132 254 -15 -264 108 0 0 -207 132 170 -476 293 0 159 -362 -282 0 -148 -371 -126 139 -186 0 -35 -279 -63 128 0 -242 187 0 -331 0 0 -341 416 228 -400 0 374 -205 23 -367 221 163 110 0 217 374 -78 -7 0 0 -46 222 -206 0 -585 -3 -265 509 0 0 -308 -68 -174 168 -782 -80 -66 337 -441 -308 236 0 0 161
150 -28 0 -426 -57 31 -204 91 0 -45 204 156 -74 -283 -79 -26 0 -244 0 -427 56 214 0 -209 249 66 -41 14 60 19 -69 324 0 -26 218 0 -325 262 268 0 471 289 -201 417 -72 0 -110 -104 -165 0 -138 0 -158 0 0 326 -10 -124 -189 -403 159 461 -175 -231 61 -421 0 -256 250 236 161 0 -409 98 133 0 172 0 273 0 -462 451
-483 -5 241 0 0 -60 0 0 142 0 -250 -19 264 -198 -197 0 0 -210 -146 -160 699 368 -172 -31 468 -130 -125 62 -244 -158 145 -186 -178 97 0 81 12 0 0 -116 -76 -71 361 236 -190 169 0 -161 -8 202 -3 0 -161 -250 289 -280 49 40 -291 244 529 -385 -56 -46 -102 0 0 180 0 327 547 -209 -56 214 166 -71 47 -365 0 83 -167 -321
127 -176 25 -25 0 -128 -113 -127 -447 -177 3 274 0 305 0 -92 326 223 0 0 0 27 -227 -496 -260 0 0 460 81 151 -581 209 -229 -136 -144 0 -25 82 -119 13 901 0 -282 673 -52 -375 120 -246 0 -63 -46 -69 -301 423 542 243 49 -50 -27 392 -191 0 0 -157 79 27 38 -153 -226 63 -217 -263 465 -653 0 93 0 612 241 0 -85 -91
-58 0 0 -86 171 -444 266 412 0 766 720 -6 -177 -143 403 167 -269 -168 365 0 -239 0 230 -100 304 0 666 -40 -684 -132 -272 183 -313 18 -233 69 -147 68 0 0 262 0 58 -59 110 627 -37 -398 0 -305 -82 -182 43 0 541 -556 -289 -141 235 292 102 -402 179 58 -199 145 363 0 -137 -206 -125 -357 -186 96 -101 0 175 -186 -293 68 176 83
-88 -191 -127 -39 538 -256 -170 227 132 85 459 200 -207 0 -312 62 -305 -64 -231 22 -199 0 0 -380 0 329 476 16 -130 0 655 87 0 0 0 0 74 0 495 -228 460 299 0 -167 666 0 666 -320 -132 -68 -207 -60 -98 -117 0 0 0 -187 -250 363 23 384 -234 143 54 -834 0 -206 -218 -325 -750 405 86 -198 -131 -316 -194 -163 -174 -290 -246 399
