75 61
0 572 -255 -55 -320 -6 -319 -289 0 97 -130 -363 164 -51 0 -412 -2 -41 -313 -168 -200 130 -352 0 -122 -467 59 -242 -190 -146 -181 0 469 36 -486 -114 393 405 -225 96 -483 -72 601 182 184 -31 -311 0 -25 -110 0 -77 61 0 0 0 -245 280 223 -121 -166
14 0 1 -85 0 -148 30 -82 0 2 272 -239 639 -30 -183 -300 0 231 -19 414 -167 0 -35 348 -220 129 -195 94 463 -30 -220 0 -485 -44 0 522 -415 187 -17 -52 -274 0 -292 -181 0 358 -227 -730 230 0 5 -122 -136 -134 571 -157 945 282 9 26 -157
-287 120 -146 23 -432 173 374 -284 -498 134 206 0 -89 0 -215 0 0 290 126 -315 -87 -254 0 -5 -45 -319 0 0 -214 0 351 -163 -274 -234 0 0 -156 -317 0 -104 606 -173 -115 362 193 0 0 -221 211 -202 -87 -23 165 0 -213 248 145 464 -160 18 -218
-17 -212 0 -59 -230 -217 106 -6 437 0 -23 0 183 300 638 0 -241 0 -34 161 0 -192 116 -182 578 0 314 -145 299 0 2 -106 -387 32 0 -410 -159 -205 137 -141 -337 -104 -221 -124 -262 0 9 -190 248 -80 -245 530 -100 -235 -69 -377 -147 45 -247 0 -78
343 -146 -15 -340 -203 0 -220 160 0 -184 -528 0 -116 0 -199 0 413 -119 8 321 -181 678 -330 -100 -545 -426 -129 0 -3 -218 229 -74 228 0 -200 -40 63 -178 -479 386 0 355 0 408 -137 -628 0 84 138 0 -422 0 -170 -7 0 197 -60 -46 -93 140 -153
-319 -222 -212 0 -157 -202 70 0 0 69 0 20 268 -189 -53 17 0 0 -73 -121 529 23 464 268 180 -48 89 -200 0 0 -127 -396 584 -232 -44 383 0 197 -5 140 92 -45 -95 -98 0 -45 0 227 -336 -321 -265 0 0 175 -323 56 251 -44 105 0 33
-175 154 0 893 -9 2 -67 -361 -7 0 0 0 -420 -152 -121 396 -108 403 0 -183 -7 -62 501 342 0 -95 -430 549 0 188 124 -113 545 -237 -212 0 0 244 158 -877 -230 207 -127 86 144 -36 582 -157 0 356 330 57 -348 397 0 0 128 557 -135 172 -282
-135 234 547 298 0 0 311 0 0 0 233 -165 -569 -104 -337 218 547 -14 349 0 -258 304 -727 -253 199 -178 -109 -51 -170 138 0 104 158 154 -365 -79 161 22 -417 -46 0 0 44 0 -174 184 -163 0 -31 0 0 0 -86 -125 239 -216 123 -117 -210 0 -15
0 95 -203 401 101 -322 220 -219 0 0 -391 -136 593 -218 237 0 -568 92 121 136 0 -414 0 0 -240 -244 -137 -125 -606 -457 -604 224 0 -43 0 209 -223 112 -163 -126 -207 -64 -569 -12 274 126 -193 -275 0 102 -14 0 385 258 -9 0 -202 -216 -305 -44 -152
120 345 0 -119 51 -35 64 49 -153 0 -157 -245 -77 493 232 224 179 326 -490 -199 134 385 -288 -352 542 -95 394 -319 0 439 -213 373 157 -121 -118 0 -297 0 151 -135 -118 270 283 331 -54 0 -53 -29 0 -64 -68 -355 -212 289 562 0 -5 -316 144 -107 -105
742 0 -103 -63 -544 -117 -216 -123 -179 -509 -203 0 0 587 -175 318 0 188 313 -338 47 54 -229 244 77 -33 -320 -169 319 0 0 0 -26 0 0 0 46 56 197 -30 -64 0 0 161 0 -76 0 -64 -149 124 -226 153 234 -121 0 0 33 120 351 425 73
401 0 -6 -183 0 104 0 -116 28 490 -98 120 -172 -87 330 -60 -175 0 170 -241 6 0 197 0 0 -397 -29 148 0 233 -97 -43 -161 -133 0 -150 268 156 -162 170 -73 560 183 0 36 -216 197 0 54 0 193 -402 0 -45 -112 -191 -40 238 316 -138 -136
-206 -446 457 -32 -202 -216 328 138 -140 -4 -192 171 0 -25 681 382 269 -58 0 -126 147 194 471 -468 -229 0 224 -40 0 -252 -244 485 0 -337 -155 119 -255 140 -183 -34 246 -10 -218 259 -23 -198 -184 0 -74 0 497 -240 -63 -271 -222 -140 209 -146 0 207 0
0 0 -124 -172 -127 -178 224 196 -59 306 0 242 -27 -52 -38 -141 -265 -4 -56 18 -59 470 -117 333 -471 384 -33 -53 321 -186 -196 -27 0 135 118 322 394 -51 0 -133 0 294 -211 0 -67 273 216 -133 187 410 82 0 53 0 371 277 82 -82 -70 -236 -271
-93 -27 438 151 0 0 0 0 -48 -104 -276 -87 0 -8 -280 -159 -236 -192 -282 -229 0 190 -126 -228 198 516 -240 -339 -38 -103 -254 247 -414 199 0 -222 322 -195 -250 -19 0 -228 0 -197 0 -288 -128 173 34 57 166 0 -145 227 338 222 -160 -233 0 83 -267
0 330 12 0 289 276 -275 -331 101 453 -385 0 185 -115 -142 -355 -303 445 0 -289 -222 261 52 205 247 0 0 -309 198 441 -211 -220 0 -225 0 0 108 -244 91 233 0 187 -102 -118 153 -184 -286 0 -468 270 -112 -221 0 81 0 0 -32 0 -123 658 189
-81 -228 -248 62 -93 366 45 -23 0 -199 579 -40 -218 14 -23 -53 -55 406 0 0 365 -103 87 -497 -73 0 -173 304 0 0 -57 -407 -75 519 -248 -152 0 0 0 275 -151 -17 862 359 -275 -168 240 -54 -243 0 677 0 -54 0 231 9 84 -215 -229 -243 -361
0 -175 200 176 -203 74 165 0 0 -163 -95 0 0 281 484 -250 -249 258 -238 93 81 0 0 224 0 -64 -324 0 -60 -776 234 0 246 0 324 -216 264 148 -431 0 117 227 -144 0 -45 0 -408 0 850 -256 394 592 194 -434 0 0 0 160 0 -164 -125
0 556 117 -116 -232 -301 -79 -223 75 -75 7 238 472 130 24 -208 -116 475 0 -532 -252 0 0 0 -12 0 -155 52 -49 -47 -2 296 -105 -258 135 293 0 -300 -506 138 0 357 0 -326 -223 552 0 -115 279 -380 -155 -249 -4 0 -311 -194 -46 247 443 -243 -87
-250 240 157 -237 -328 0 335 369 -197 -25 271 304 0 0 0 0 0 -5 0 0 -207 -75 968 320 0 -159 -367 -36 0 0 338 -36 365 344 87 63 -47 137 0 -154 -222 27 -237 -134 34 17 -292 -73 298 91 -155 -138 -89 693 0 -146 0 -27 605 -90 79
-78 -782 -110 -187 0 266 -204 -64 0 -258 0 438 397 12 -183 0 254 453 -314 61 276 -519 -163 0 -102 -144 -117 -2 7 76 0 728 142 -32 -351 -240 -213 200 0 -243 348 101 0 0 -323 -76 39 -103 418 -7 0 -84 -70 -261 -93 96 0 231 -217 65 0
476 -234 -159 -232 0 -115 -68 -10 128 -511 598 -203 0 -44 0 509 0 134 188 -239 283 0 -254 507 0 -352 42 0 264 196 280 -53 -245 -15 -572 -345 -33 -212 122 -100 -64 411 -312 -186 138 0 165 320 208 114 -230 -51 -337 -61 -163 0 -76 -158 -105 115 -20
-27 0 -184 206 333 -150 209 127 235 259 -422 0 0 -235 0 0 211 886 244 424 -367 -154 -151 -225 -342 -80 -287 -20 94 -52 -55 232 0 72 -136 -331 -194 -113 0 460 378 -131 54 140 193 -85 -220 0 -494 199 241 382 0 0 0 628 0 458 395 -125 0
-58 0 -240 -56 -294 -406 85 -334 517 0 103 -12 -70 -92 -145 -186 0 98 313 -107 -744 -194 -37 -214 113 0 414 -288 310 -139 156 169 0 348 -615 207 0 0 191 422 -93 377 162 140 -150 -157 238 0 0 -62 -156 -292 -445 -186 129 0 271 -97 -68 -6 -83
0 457 193 -64 0 -97 -32 -350 -90 -123 -265 0 0 -145 -786 0 153 0 451 -55 408 215 -160 -590 -156 173 296 561 614 -99 0 -202 -156 109 -23 202 210 -231 -272 167 0 -245 -61 62 -170 0 -280 316 -135 -162 0 -88 -30 489 -67 194 -358 0 62 -197 -129
0 0 -138 -302 0 0 -30 422 -120 -75 0 0 3 181 272 -160 215 -247 181 -17 176 -104 0 -233 69 33 0 119 -211 0 826 -179 4 -151 146 184 388 177 352 441 -384 -146 38 166 -227 -471 -58 -266 -65 21 210 156 54 -26 -135 0 463 0 221 -75 0
-95 52 0 104 87 334 -241 -228 -134 -162 -18 399 -157 0 122 -274 196 0 0 -539 -214 336 -379 -51 139 233 263 -382 -125 -256 -720 203 -147 0 -123 104 0 -84 -74 210 -345 0 0 86 -147 -275 296 103 -395 176 -242 -245 -114 238 197 392 0 -117 143 -224 -56
-86 0 -209 -181 -29 -175 -138 138 324 -7 0 569 66 215 -234 -286 0 -242 -192 -41 449 -62 -133 445 -336 -42 155 0 -26 393 -103 -454 -203 0 -210 7 -302 0 235 0 -232 -165 227 -373 -398 -263 -93 0 -144 422 738 38 -376 0 -153 -348 142 502 -97 99 0
-131 0 362 -70 182 -59 -195 -302 0 -113 -57 0 296 -166 -27 223 473 -209 76 242 183 -271 304 71 16 -292 372 0 0 -369 0 174 0 -375 89 0 -230 299 0 -147 -244 0 -202 78 0 210 0 -202 0 -153 315 -35 0 -103 159 -221 307 220 88 -222 40
0 -152 -90 -63 -79 0 252 -212 153 -308 0 -241 148 0 409 -196 -196 183 180 0 -152 186 891 0 251 0 -4 -106 -250 422 -87 -106 0 0 55 255 405 368 -227 294 -75 -180 504 -83 -3 -210 0 0 -158 -81 -235 0 170 370 0 -305 26 55 440 -128 105
-68 402 0 -223 865 -123 -278 104 82 -54 -306 -184 180 325 -4 40 0 -202 -170 -3 485 0 -142 -346 -180 58 63 0 0 -80 329 279 882 0 -183 -908 222 0 -193 0 512 -468 -332 0 -229 0 0 11 -251 -160 -52 0 530 -136 0 -147 0 0 -234 -139 -345
-344 70 4 -76 0 -6 0 0 249 429 0 0 -73 0 441 0 -240 549 145 -412 443 -488 -307 266 0 150 220 0 -250 -178 -195 -57 -286 571 -128 94 99 0 0 0 393 -250 -6 36 27 -138 -204 169 219 0 -461 183 -218 116 106 -162 -90 0 143 -250 20
-275 15 0 -27 493 -182 -138 433 -117 132 0 -29 296 40 -164 0 120 -132 861 -11 -33 -223 451 -380 0 447 249 -221 3 143 -361 0 223 0 -95 -29 -130 0 -180 -99 162 -24 -62 -198 275 -188 215 212 -334 69 -66 0 0 0 331 133 0 -84 -110 -216 -156
0 -24 0 -229 -140 207 35 -22 180 -24 -171 0 -292 268 -249 111 246 -321 -50 148 -323 -326 -230 456 9 249 -937 -129 403 -217 235 -366 -355 0 0 48 -233 271 272 190 -241 -126 108 0 -395 -104 -23 -249 0 -373 -115 -459 367 0 -280 -74 389 -122 -272 -240 325
111 -124 0 205 330 -237 -270 128 -116 0 53 177 -225 -125 -136 375 0 0 96 0 -103 -82 -232 -78 128 -462 -176 0 -134 0 393 -15 -285 0 0 -221 -20 -201 293 -129 -67 548 0 0 0 0 -179 -156 -408 0 0 231 -212 0 -130 -65 -185 141 33 0 -148
-235 356 -56 0 -210 -132 338 0 0 104 -204 -89 -257 -430 721 0 -174 -178 83 304 -234 0 371 -245 291 421 0 402 -149 -342 -176 -162 -59 0 -34 -93 -121 226 236 0 -74 0 249 -109 265 -22 14 -118 0 0 0 225 -36 176 302 0 -494 2 124 197 0
-141 -30 257 -233 -112 666 -98 241 0 -253 -125 -12 0 40 0 62 -235 343 -85 -199 128 805 -78 479 -214 -82 -163 0 0 -43 0 208 0 0 -146 -522 -341 118 0 48 -258 -163 133 -613 -11 -68 144 0 0 -293 39 -261 0 0 -482 147 0 -106 375 -45 417
0 344 843 -231 -143 -145 0 539 0 -149 12 -124 -754 -33 0 0 214 419 -165 -247 -74 -35 180 101 -16 -208 -100 131 412 292 569 0 -56 -239 -387 -217 83 232 -86 179 203 75 -64 0 429 -11 -170 240 413 71 -5 222 249 71 -15 -367 385 187 -253 231 -24
-12 0 0 0 -147 257 235 0 121 582 -58 -229 0 104 0 579 0 71 -417 0 93 0 31 601 0 0 0 -216 -93 0 0 613 -65 885 43 0 -159 205 -399 -207 -151 -159 284 0 -389 123 -196 -28 0 59 0 106 0 -95 0 -103 -220 -327 -429 78 0
-252 -55 0 -225 -617 0 -24 399 0 469 707 -185 -304 -98 -183 -39 -76 98 -168 -243 -239 398 -140 -203 -176 121 -24 -74 232 344 57 -222 -289 975 -250 339 248 0 -323 -76 276 -122 264 40 -638 -223 -353 0 55 -294 -98 -12 -231 705 -54 491 0 -200 -92 183 72
391 0 -81 -167 -7 492 -9 0 0 159 502 -154 0 379 571 -281 -128 -347 -199 -21 96 104 596 0 -170 0 99 -228 428 -270 243 102 -359 28 494 0 -55 -397 -247 -80 -147 -43 -206 -47 81 3 0 -34 0 0 -456 -177 -246 -330 246 -70 0 -146 304 0 -158
551 -162 -179 -220 563 0 156 -34 0 0 -441 19 399 26 -61 13 -35 0 -240 257 -62 230 0 -205 -50 0 158 -52 176 -152 -598 203 -112 -19 -22 1 0 0 -200 129 166 349 4 -121 287 0 0 -481 0 548 -158 0 0 -189 -97 -485 -386 0 349 603 -268
-164 -212 0 -240 117 -224 -448 -612 351 464 0 227 4 189 -43 -156 0 -63 0 -186 129 0 -194 2 -256 -337 0 -232 0 0 -194 0 -122 -44 -444 -178 -386 725 0 0 133 -145 -96 -229 0 318 470 382 286 38 -22 83 -250 143 -167 0 -22 385 -351 -379 327
0 -199 -32 168 54 12 0 -375 0 68 -159 114 146 0 -150 -299 44 0 204 293 0 0 80 -9 -30 250 123 161 -104 -118 370 130 0 -17 39 -91 -66 0 287 137 127 -150 -240 74 -71 -198 -245 0 -129 568 250 -220 205 590 156 -336 -435 -136 250 -263 0
520 -232 0 -217 0 467 -221 45 125 -199 -98 208 0 -161 378 -211 -75 -279 721 -148 0 0 547 266 -315 -167 83 0 479 0 222 9 295 -370 -230 -352 265 -57 -447 425 -197 0 -57 90 0 366 26 -404 -43 61 -31 -4 319 -106 -239 -463 326 -316 -65 -57 0
0 0 -272 -99 -302 -156 0 452 723 0 231 -242 -243 -39 0 112 112 617 -314 -258 0 0 -197 -289 394 -588 -148 0 241 -456 -66 -71 568 -179 59 0 -23 -179 -32 -302 106 205 0 114 0 598 -242 -43 382 0 0 433 -160 -227 31 218 0 0 -12 0 -121
-303 462 137 727 225 -51 -182 -231 -230 178 130 452 162 -26 -113 -79 -179 682 227 4 0 10 -238 -542 -245 39 87 423 -163 127 -157 -47 0 121 0 -119 -128 -215 -253 0 -316 0 294 353 285 142 -222 -220 113 84 374 307 359 0 -181 323 922 -220 0 240 -524
0 95 -232 171 307 -140 0 0 -89 -186 550 174 555 30 -22 43 287 -183 -161 341 -39 61 -391 41 0 512 -153 21 0 -214 813 153 709 363 0 -497 -344 -415 -509 -133 -127 140 50 -137 -175 131 490 334 0 0 0 18 -171 -240 483 0 0 216 -31 -261 -164
777 220 3 -59 -45 169 -4 -361 404 1 -196 -184 616 243 -140 -46 -71 -33 523 -180 -38 631 0 -89 -229 -282 117 0 -134 -43 56 -181 -35 34 217 -106 0 -113 243 0 0 312 -154 0 0 -165 0 -79 0 158 -155 -2 38 -220 -229 380 562 -112 635 -90 367
-401 209 -127 0 -410 0 0 174 -351 -605 292 0 -69 287 236 0 -89 -96 182 566 0 0 77 183 590 -42 200 166 -216 -124 0 0 -93 370 -441 -511 218 204 -172 -20 -318 0 434 285 0 -198 -88 -247 279 -122 500 -13 22 -360 -352 0 121 251 0 -253 -142
-70 -266 164 145 -117 -177 -4 102 0 -482 -95 -223 -137 0 0 -49 -40 0 -245 -115 750 -186 -6 -73 18 -244 -180 -33 -223 242 -253 0 27 -177 71 -99 -295 -56 0 0 -1 232 -153 10 -162 304 0 -250 179 -593 0 86 200 -232 429 429 85 0 -12 -146 -247
-194 -105 327 0 -85 -149 -707 -221 118 0 -12 25 -317 -180 329 0 -272 0 -218 -242 26 -145 265 361 107 179 -123 -64 435 0 -13 253 230 -232 186 -126 175 -1 0 -164 179 19 -15 309 0 0 248 0 413 353 -247 0 -193 223 85 0 -8 -95 -190 0 -237
-220 -273 0 -334 0 -249 0 439 -254 -561 -284 23 654 -482 -2 -114 117 -89 0 -143 61 0 71 -14 442 -76 108 272 -432 -433 0 23 62 0 0 848 -17 148 0 -231 -72 -110 0 164 -148 -37 -223 0 0 -176 0 -62 -160 60 0 -278 593 -104 349 2 0
0 -125 -669 0 -250 -348 138 -359 0 0 -315 -89 0 -140 -305 165 0 0 0 0 164 30 523 0 -123 -5 -45 -276 -148 53 -172 0 -156 176 -120 -193 -45 -164 275 76 0 -158 -252 -203 -98 -19 0 -16 0 0 -94 -167 233 -196 209 -247 -323 -164 -431 296 -359
-233 -53 -387 0 396 0 -85 -57 -228 -53 194 0 455 103 0 0 51 0 298 723 0 -70 -113 -326 -212 378 -200 260 -139 -197 -166 135 -212 0 238 85 219 -308 0 93 -95 0 -160 327 0 270 32 0 -427 -238 227 -9 109 -145 249 -23 330 0 -243 33 100
92 158 434 0 12 -188 0 -322 0 53 0 0 -420 0 13 0 -269 -125 395 -26 694 500 0 268 130 -60 0 353 -602 0 -321 387 331 -53 -250 -221 203 277 -225 -4 153 -117 -97 -229 51 -236 963 -141 -134 213 -481 34 0 85 0 0 0 -66 -135 166 76
-216 -16 0 0 -480 -327 -460 0 214 -89 -144 -76 0 403 -35 0 0 -227 318 0 424 -70 0 119 -138 0 412 0 0 -38 -133 -35 541 -34 0 0 20 -180 212 183 -434 -218 0 528 -194 656 207 -119 67 0 -441 125 -220 -78 -520 -401 -250 -91 176 416 -426
-25 417 214 -101 -205 0 55 -85 0 -157 132 0 0 -248 321 223 -87 0 -378 128 -85 172 79 164 -135 -93 0 -237 -31 0 -108 -155 0 4 -47 180 419 -91 -159 9 0 155 0 -240 -21 122 -79 0 -174 249 0 652 -155 -104 -46 159 818 0 231 -442 349
868 -435 -66 54 35 0 0 0 382 -56 0 -181 -306 -9 292 0 -61 0 71 26 22 0 -7 80 527 183 319 0 0 341 -208 -120 300 469 -475 542 0 99 -215 -548 -137 419 -324 332 577 -246 155 -204 -42 246 431 -82 -46 -22 -305 -103 0 -22 0 0 0
592 194 -6 -534 339 -125 -278 -349 -212 343 247 119 -322 -387 0 0 -196 -32 213 185 180 0 0 -197 -288 -123 215 -161 230 -248 -212 -83 -30 437 4 -147 -197 -192 0 123 0 -347 55 -282 176 0 -172 177 -296 -97 0 -245 -24 -44 -121 -273 -37 -294 -105 0 -209
31 -275 205 -156 0 -49 -251 -50 -77 511 0 399 -51 308 -355 -322 -17 -225 -215 -414 -401 -132 250 0 -151 117 629 -143 49 0 -210 0 -261 0 -517 322 -174 144 77 -13 -16 0 -50 15 -137 -148 -143 -424 112 0 -221 0 -84 0 -25 393 -93 20 49 -25 199
-30 -248 -103 632 -322 0 613 0 412 -264 0 -151 158 -19 0 -312 -420 237 694 187 -179 275 0 -187 24 61 -313 236 275 -228 -142 72 -430 145 0 -166 0 -22 -103 -372 0 -57 -24 -294 360 -216 -319 0 429 142 0 54 -389 343 379 -113 -185 172 -119 674 240
50 -65 0 470 0 0 346 -187 0 -38 187 0 -151 -180 -75 -345 -217 173 724 -67 212 120 -240 323 -626 445 -90 -323 0 -125 0 -5 -162 -365 144 153 0 89 0 188 -53 47 78 -169 81 424 0 244 0 153 264 158 -223 -19 93 -135 -26 273 233 -67 -432
258 164 200 266 0 337 25 199 608 30 -562 -102 167 -197 -48 809 0 0 194 373 705 -495 357 -83 73 2 -192 408 -445 0 -341 0 -266 -174 2 -357 -446 -249 0 0 -253 0 167 -232 492 -75 752 321 -176 102 284 -187 962 -161 -153 0 0 332 -41 163 -290
-242 -93 -127 -69 -157 -64 530 -195 0 -235 317 -145 -192 0 -4 -372 -423 -372 -192 0 -199 -108 0 0 -142 -84 -149 -207 -191 -143 -240 298 0 169 -328 -188 818 -128 0 -337 383 216 0 -35 -137 -21 -21 0 76 462 0 274 0 -218 0 103 -150 -370 289 -234 27
0 -172 0 0 -167 0 52 230 0 0 0 94 237 0 0 -225 -278 181 226 -396 -149 700 0 -236 -201 300 87 279 0 -185 0 -85 -58 -301 -222 0 18 -42 248 206 -146 -85 157 96 29 -170 219 364 98 0 161 479 -233 55 -194 0 0 0 -235 -355 0
341 52 565 449 -21 230 -12 -490 833 155 115 204 -526 -263 -4 39 0 -35 4 -175 -93 -258 -6 -112 -177 -73 -57 291 364 -24 0 20 0 0 -258 -120 0 407 -68 0 -387 -147 312 663 -358 -451 160 -220 -234 261 -211 106 -285 -192 -293 -51 0 -155 -79 -233 0
-217 0 -232 -155 -368 -397 53 0 238 926 0 278 -174 0 -359 116 -191 147 0 94 202 0 563 65 -89 441 -140 -105 0 -4 270 -435 0 0 0 -389 0 647 -140 158 0 0 197 -381 -172 652 198 435 0 -48 153 625 -412 261 0 215 0 0 71 41 405
-105 -251 0 -257 -172 44 -117 -125 -66 -63 0 85 0 -151 178 -223 -204 -109 0 908 0 129 294 0 -73 157 395 16 -177 0 -250 433 -236 -84 518 230 0 0 -284 -295 -387 253 -402 184 721 -144 0 174 167 121 0 0 -432 0 0 0 0 -176 -65 -285 -253
177 286 130 480 -156 -143 318 0 0 388 0 -385 -58 0 -36 -65 0 64 -22 0 358 -138 0 -47 -45 82 260 0 36 74 -178 -183 21 -5 0 81 -122 -267 0 0 -26 356 0 243 88 -271 -50 -104 96 125 0 0 -358 660 164 119 52 370 -74 128 707
-68 8 -453 -85 75 216 64 -322 -199 7 -375 0 0 0 0 -112 0 -315 0 -276 -206 -24 -10 -246 225 489 -451 -81 -181 274 -210 -194 98 -134 62 -150 -210 -211 -198 -30 60 0 -5 228 -214 258 324 -507 -417 0 93 0 -191 0 -248 202 0 -469 -37 254 -132
353 -81 0 -205 0 -89 -403 154 0 -281 0 0 -80 -85 -26 241 0 104 -215 0 296 342 0 79 0 147 -419 576 -171 150 -105 -221 -234 435 -168 307 -208 -226 125 351 -21 0 557 0 -73 0 275 25 -168 0 168 450 -110 -363 -180 319 -244 38 0 -6 234
-130 -209 -241 -19 90 0 0 278 0 338 0 -236 -206 -141 0 0 -397 628 0 -248 160 134 0 -127 -33 120 -118 79 -244 588 220 -100 -11 165 217 591 -366 -256 0 -127 0 0 399 0 654 -180 0 0 -285 -110 169 -142 133 0 212 -57 229 0 15 -206 -345
-119 -248 0 0 0 -165 98 -326 -191 -91 -85 0 0 -26 -192 0 -339 -148 436 684 -22 -177 49 -141 -137 -79 -372 0 -189 463 13 -148 -33 -150 -200 -320 0 481 -458 0 0 -47 72 -142 84 0 0 -488 -112 -195 -300 0 104 -26 684 -141 518 -66 142 250 -127
0 0 0 -99 0 0 -56 -66 -309 -264 -136 600 182 495 208 0 0 151 -408 0 0 0 617 -79 -222 81 -305 -367 443 172 210 0 0 -99 -223 152 -344 116 159 -392 253 602 -125 -233 -135 0 86 -272 -101 -220 -162 0 95 -379 -178 463 0 -254 -178 0 -479
