50 47
410 0 9 -80 -167 -42 -79 -168 -106 -87 -199 314 0 -53 0 -235 -45 287 284 0 -53 0 190 -13 0 0 -60 0 -164 357 0 -63 225 -24 57 -103 263 -97 102 -45 189 -114 235 -55 314 -124 142
222 0 0 -104 -104 -114 0 0 -144 0 -31 0 -47 -22 210 0 0 -105 0 -204 -70 -43 -3 -38 -13 -100 -41 0 0 0 0 173 348 280 -309 304 -248 0 0 -138 -26 0 -199 0 0 -119 -169
-80 -12 -39 0 125 -1 -83 -62 0 -15 -109 0 -60 67 -35 -90 -17 0 0 -34 0 0 0 -181 0 0 0 -180 0 0 102 -76 -60 245 0 -58 -13 91 0 -122 -107 0 -90 -199 -77 0 -38
128 0 50 0 695 -179 -103 -31 468 -3 73 0 0 0 -97 282 0 -108 -32 -147 0 -23 0 -218 54 -86 0 -129 -16 0 -25 116 232 0 0 -2 0 -4 -82 0 -56 -9 0 -181 -168 -155 -105
0 -96 -84 -53 -50 -139 -113 212 -215 -165 0 -198 -275 -111 -26 -36 -173 -203 129 -124 0 -81 19 182 -147 -68 -45 -110 0 0 0 -95 0 531 181 -204 -64 147 -123 0 0 -105 0 -93 -308 -81 -124
-64 155 373 -199 -19 0 0 185 330 296 0 -57 96 -92 236 -108 -88 -1 -89 0 -122 -212 -260 0 -99 162 513 -108 -294 -26 -124 -123 70 267 -129 227 0 0 -58 0 0 0 0 -77 -37 0 0
-129 0 0 -52 239 0 0 562 -109 16 -114 91 -99 265 0 -87 0 340 -45 -39 288 -102 367 126 0 -88 -90 -175 -35 -106 -12 -113 -111 0 290 132 0 -103 0 -74 -42 167 0 -116 -71 -88 -167
-86 -145 -14 -69 243 0 -90 0 -96 -63 -176 -120 223 -84 178 -122 -98 0 -136 77 242 -43 -51 -110 -147 -58 459 51 0 0 -45 17 -112 -107 0 0 0 -25 0 -95 393 0 -16 101 -134 122 0
-129 -36 -65 -170 309 -137 -122 -17 0 275 0 0 -76 -137 11 -147 -103 -102 221 165 0 0 -18 461 -92 0 148 -31 54 198 71 -54 -89 287 -38 0 0 0 0 -213 0 -84 0 108 -387 -53 259
0 -244 0 -118 0 -76 -194 -156 -47 -37 216 -112 0 0 235 0 -82 -140 687 0 0 428 -99 -36 -63 -19 0 0 0 -191 146 -44 0 -11 -70 290 0 0 84 0 0 -146 273 -162 -1 0 0
-74 275 66 -35 -113 293 172 19 156 0 0 0 -337 -150 192 -78 -97 0 429 -198 0 -56 383 0 140 -147 -63 0 229 -119 -80 -164 0 0 -22 -100 -156 156 -161 -31 71 345 -179 -22 -101 -163 149
0 178 -51 0 -28 -65 38 -48 372 -32 -104 74 -119 402 448 -119 -21 -237 -214 -149 -153 -20 -97 114 -12 511 -111 -102 0 0 144 -17 0 0 93 -174 0 -56 0 0 237 89 -125 254 0 0 -197
-43 0 0 -115 -122 413 -124 -173 -112 0 -5 150 -103 -47 155 212 -173 0 -110 0 0 0 -100 -103 147 -55 -85 0 0 586 0 0 0 -189 0 -102 -134 -17 0 0 -102 -120 0 0 -35 0 -173
-28 0 0 -58 -212 -76 -57 0 0 204 -19 0 -9 0 -37 -84 0 -28 -53 156 -36 -23 0 12 627 -256 0 0 -121 -116 -175 296 0 -106 -114 238 -112 -103 -148 -54 -82 -169 -87 -6 -55 -108 -217
0 0 276 -117 0 207 471 -68 -89 0 -4 -195 -152 468 0 -90 0 -110 0 0 138 168 -105 218 -132 294 -93 -28 -191 -99 -145 0 0 0 -106 -118 -207 -89 0 -185 -191 143 205 -135 93 0 -68
-14 309 -28 605 0 0 -131 -74 0 -97 0 261 80 -41 -67 104 0 183 -63 -43 -47 -102 -44 0 59 -92 -23 0 0 0 123 -126 0 -20 -2 0 -104 -116 -96 -71 -94 -11 0 0 0 0 349
-21 -63 0 -319 22 -36 9 -183 -61 0 -170 -36 113 -133 -159 0 0 0 -106 210 303 -346 31 -32 -68 487 -94 0 0 -52 0 -36 0 233 -144 342 0 -242 -185 489 0 -174 224 0 -34 -82 -143
0 -75 -93 -93 -38 294 -40 -102 -100 109 73 98 -132 0 -214 0 -17 0 -107 114 -85 -53 -19 0 387 -46 -96 -91 0 -378 -105 -143 0 -162 0 -260 0 -281 0 -82 351 -104 -3 -112 0 45 -1
-99 262 -117 199 -71 0 0 114 299 -198 -332 -136 -69 -221 0 -2 -209 298 -106 0 404 0 0 183 0 -163 334 286 0 0 0 -47 -62 -67 -24 -27 435 0 0 -124 -91 -108 54 0 228 0 -126
-126 -127 128 0 -152 -284 -47 0 -150 -72 0 26 0 -121 -40 -125 212 0 -64 -248 -29 -50 -97 -51 -67 0 0 2 -37 0 -163 0 393 -11 0 -166 -71 -63 -68 -100 -120 0 0 -126 174 0 -243
254 -58 0 101 -240 -53 45 134 144 33 0 -5 0 -101 0 192 99 -123 387 0 83 0 -111 154 -120 -132 -21 -5 0 131 -116 442 -99 0 138 0 -14 -59 147 -36 -62 239 74 0 0 0 -18
-48 -25 -99 0 -212 259 -167 -34 -135 -190 -108 0 421 -150 -176 -105 87 -140 27 -85 -89 0 -249 -145 0 -181 -111 -129 -109 89 266 341 135 -115 400 0 0 -1 297 -27 0 -53 -50 -180 -110 181 -23
0 322 -126 -92 -110 0 -158 233 0 51 250 0 -112 0 -194 182 275 -109 -164 -128 14 -90 0 -58 107 137 0 -193 0 227 -24 -166 158 -107 -63 -40 -36 -116 -123 -149 0 -28 -41 0 218 0 116
175 0 5 -90 0 0 -59 0 0 -93 521 -132 -43 0 230 -73 109 0 -25 354 -227 0 0 0 0 0 0 0 0 -150 -25 -222 614 528 164 -73 -102 -134 0 -249 0 296 -156 567 0 463 293
-150 -17 0 0 211 254 -115 -124 -95 0 90 0 55 0 0 259 179 0 -48 0 162 -9 135 111 -51 0 -59 -91 -13 -34 -55 0 -262 221 -182 -220 -32 -56 -78 -58 -196 -48 0 0 -105 9 160
-177 117 267 -101 0 0 195 0 -21 207 -107 -59 0 -228 -108 -19 -7 0 -107 -101 0 -104 0 0 -94 -206 307 -221 -94 -224 110 0 0 -78 -37 0 0 -64 0 0 -109 -125 -176 -85 0 0 -115
-68 0 165 337 -145 0 485 -142 0 0 -47 -168 -88 -95 -114 0 -52 0 0 0 0 -279 0 0 -112 -55 107 451 131 0 -44 -159 -47 -156 288 -8 0 0 -119 -114 -19 -105 0 42 0 48 0
-115 0 -99 830 52 44 -119 -84 -20 -115 -152 0 -228 -249 114 153 -5 -41 0 0 -99 477 -62 0 140 0 -25 -66 -190 -159 222 -37 0 -88 -86 0 23 -127 0 0 65 0 326 3 177 -99 -46
0 -62 0 0 242 0 -117 -148 278 -59 485 -54 0 320 0 0 -37 0 0 -137 -28 -73 0 -100 0 78 0 252 -135 0 97 -157 -12 0 -65 0 -77 0 134 -119 -223 -27 -72 -86 0 0 -63
-73 0 190 -83 -33 -92 -23 0 486 -221 -50 -34 -69 0 1 0 211 -33 -104 -17 306 74 -65 484 54 392 0 0 -68 -52 -33 0 -187 -41 287 0 0 -77 -2 -206 -32 -135 -41 0 134 269 0
-90 -104 0 0 -40 184 0 -175 -181 -123 18 480 0 0 0 -191 0 327 -137 -227 -111 -123 0 -145 0 459 0 0 -98 -152 0 -69 33 0 0 147 -15 127 -38 0 9 0 -35 -44 -21 0 534
0 -50 -117 -99 -51 -78 -85 -93 0 -190 368 0 0 -164 0 -3 -157 222 -97 0 0 -95 0 140 -152 -105 -94 -77 -15 0 -4 -8 0 -27 254 -97 261 -99 -75 -96 -77 0 269 -3 0 152 -186
-259 113 64 -69 -34 378 -22 -39 325 -145 -31 -34 -225 -53 -129 0 240 -21 0 -137 -35 0 221 -93 -111 0 0 0 -90 -204 0 0 0 -191 -98 0 -107 0 -270 -75 -81 0 -36 0 265 -88 432
0 225 -109 47 -122 113 73 -98 -73 0 0 -77 0 -106 97 323 0 0 0 111 0 -98 -24 -7 -117 0 0 0 0 -11 0 -87 -88 -80 0 -204 -115 203 0 -28 0 -54 -180 0 -232 -141 269
-38 0 -194 -179 -22 -20 -58 0 -107 -37 -99 -97 0 328 -32 -140 -5 94 -217 0 136 0 0 257 0 443 -114 236 -52 -89 -96 -54 -255 -83 0 -82 330 0 283 65 -102 0 -66 0 0 0 -37
0 277 -119 -25 -29 0 0 221 0 -23 -225 264 188 0 -80 -51 143 -182 0 -117 -11 -58 0 0 -78 0 -25 -53 397 -62 -185 -121 -42 0 -105 288 0 -20 0 0 -7 100 198 -96 216 0 101
403 0 0 24 -184 0 333 151 0 0 -208 219 0 -102 -216 -167 0 0 252 -226 271 167 -16 -148 -158 -167 61 44 6 13 0 106 0 0 -58 -199 -18 -56 -82 -112 -101 -29 -91 -74 0 0 -49
0 -67 0 -75 -55 315 -2 -12 -233 61 59 0 90 454 25 0 -117 44 -46 -134 -144 260 -55 -32 0 0 -84 -94 -88 -92 0 168 -114 20 327 -118 0 -97 -42 561 -158 0 -52 0 195 -62 530
-51 -60 0 -112 -63 0 241 -65 0 -119 103 -70 -156 -12 -36 0 250 -30 77 -104 -56 -190 -117 -82 0 -5 0 -314 169 -156 -49 -149 -180 -115 -207 97 6 0 0 0 -63 -228 -54 0 0 0 -143
0 -198 -13 -90 -64 -127 -129 -81 381 76 -122 -41 -149 141 -233 68 0 80 -190 116 0 83 -66 0 -58 -105 0 -56 171 -62 -118 -117 -115 -102 0 -104 88 0 -31 -30 0 0 -127 -17 0 0 0
-82 -83 -42 -85 238 -120 109 129 33 575 89 -97 -7 -80 238 0 -101 0 251 -66 191 0 0 352 -64 -121 302 0 -99 97 -46 -55 -71 -35 -72 -13 0 0 -73 0 0 -95 0 -85 -90 -218 189
414 0 -88 140 125 -2 0 -56 0 -61 326 -177 -69 0 266 0 -13 -102 -62 0 0 0 -16 0 256 231 -21 257 0 -42 224 0 285 0 -8 0 -42 159 0 194 25 -117 286 -125 0 0 0
-53 -58 0 -124 212 -27 0 -111 0 -325 319 236 0 99 0 71 0 86 -137 -90 -71 0 203 -184 -65 -57 0 98 596 0 -116 672 453 267 0 -77 -51 -204 -49 -82 0 -55 -29 104 183 0 -104
-9 0 0 0 0 0 391 0 -58 -20 206 -92 163 -61 0 0 -237 -156 0 0 133 -199 603 0 -94 -53 -78 -70 29 -158 0 -87 115 -34 0 0 -101 -20 476 -78 209 44 0 -24 285 -60 -119
-50 -10 -31 -129 0 39 130 351 0 0 0 0 -63 0 0 645 214 0 -226 0 -93 -120 0 274 0 0 -190 156 -91 0 0 -82 -66 -44 38 0 0 0 475 -99 -132 515 -89 541 -80 0 -294
-53 -15 -64 176 0 0 0 0 -97 0 0 0 0 -34 0 121 -27 98 260 -213 -133 133 285 -133 0 -53 -64 -62 0 206 0 0 0 -172 0 0 445 0 -17 -104 0 -79 -44 0 -9 0 0
492 -25 -18 143 0 0 150 0 -117 -53 -194 0 -52 0 0 0 -206 -29 0 397 246 -118 -78 -149 -116 -82 -252 0 42 -78 -223 510 -120 -218 0 -127 0 -19 -169 -50 -123 231 0 -100 -24 -48 38
0 119 181 -265 -138 0 -5 -201 0 -95 -114 143 -127 217 0 -60 0 0 -101 192 -10 -99 0 -36 -48 -27 0 -23 -206 0 -101 -45 -32 79 165 0 -109 0 -114 -13 0 0 -74 184 -155 0 -133
-159 -144 -87 442 95 90 -94 -87 -1 39 0 -138 -59 0 30 0 -53 -17 -89 -120 360 385 198 0 -26 0 -102 210 289 -88 -36 -112 0 187 -81 558 146 -84 0 -104 211 -77 -154 0 -69 259 0
0 -171 105 0 -46 -120 -78 -6 244 0 -164 -205 0 0 0 -114 -277 -105 -20 -84 0 -120 -81 -78 -2 -221 0 0 -5 -32 227 0 102 201 -24 0 313 0 -30 -111 198 0 -70 34 -68 -172 0
