35 35
183 0 -32 0 0 0 -159 0 -55 0 -94 -46 -3 0 0 -31 -22 0 0 -40 -7 -11 -9 -47 0 0 -63 269 -74 -33 -32 207 0 0 -151
0 0 -28 -24 -15 -47 0 -36 0 -26 181 76 -37 182 -25 -12 -14 0 -51 -91 0 -10 -10 0 0 -43 -142 -17 0 -29 0 -79 -28 0 209
-26 -30 -64 -44 0 -21 -35 -81 0 -31 -24 0 -34 -1 0 0 -46 -28 -52 0 -9 -97 0 310 0 -48 0 140 0 0 0 -33 -51 0 -27
0 -22 -1 -44 -33 -17 0 -1 -39 0 -30 -22 0 0 0 0 138 -75 -19 -67 -23 -43 0 -93 -3 -44 -62 -31 0 -38 -8 0 -60 -13 -73
195 -69 -25 0 0 -52 0 0 183 -2 -81 0 -29 164 0 -42 0 -7 -37 0 -3 -41 -82 0 -94 -55 0 -10 110 0 0 -63 -6 -87 -43
-13 218 0 -11 -13 0 -42 -47 0 0 -62 0 -28 0 0 0 204 391 -41 -34 0 -9 0 -67 0 184 -13 -59 252 -56 -26 0 -3 -19 -38
-24 155 -13 -11 -21 258 0 -87 -37 0 -6 -129 0 -34 -55 0 0 -30 -52 -21 249 -63 -100 31 425 -48 -6 0 -161 -44 -21 0 -77 -19 159
0 -36 -8 0 -1 -4 0 -33 0 -62 -114 -57 0 -27 182 0 -18 -4 -31 0 0 -54 -25 0 -5 0 0 -25 0 -70 -53 -27 0 168 0
-153 0 -2 -87 -64 -124 170 0 0 0 130 -36 -4 -44 -13 -18 -21 -9 -34 -44 -15 0 -3 -10 0 135 -34 0 -31 -39 0 0 -51 -51 0
-33 -65 259 -42 0 -46 -29 -16 0 -96 0 -64 -65 426 -26 -45 0 0 -31 -30 -28 65 -8 -55 0 -45 -42 -34 0 -60 -33 -27 326 0 0
0 -2 -42 -61 -27 0 0 -11 -10 -84 -42 0 -3 -14 0 0 -20 -7 -63 -24 -37 -44 177 91 -23 -16 0 160 0 0 434 -64 -50 0 106
-36 0 -102 0 0 -55 -41 0 0 -18 -59 -89 394 -42 -32 -38 -19 -28 0 56 -14 -30 -25 -2 0 0 -41 -39 -61 -49 -35 -51 -16 0 -51
-55 -52 -32 -28 167 0 -96 -17 0 0 -50 -6 0 0 127 -8 0 -6 -83 0 -1 226 -33 0 -69 -23 -7 -2 0 -46 0 0 95 -19 -2
0 -3 -124 216 -13 -50 -34 -53 -44 0 -7 -4 -50 0 -35 -36 -121 0 0 -41 -46 0 -47 162 0 -14 -23 -44 -70 0 -67 -31 0 -3 0
-13 0 0 -22 -80 -49 -79 -78 -66 0 -15 -129 -29 -25 -37 -21 -86 -91 187 -50 -61 -49 0 -40 147 -33 -32 0 238 0 -30 -28 0 -50 148
348 0 -14 151 -32 -26 0 -50 0 -17 0 -6 -49 -43 291 -50 -3 304 -43 0 -23 -90 -51 -25 181 0 -8 -22 0 0 -94 -43 357 -51 0
-43 -10 -82 -101 -20 0 0 229 -70 -24 -44 -65 -23 0 0 -47 -96 -33 0 -45 -39 -21 -9 306 -49 -22 0 -2 0 58 -14 -130 0 310 -50
-31 -66 -1 -36 -13 0 -60 0 0 -27 -33 -42 0 0 352 0 348 -15 0 -48 -67 -60 75 -22 -34 -35 -20 -94 326 -34 -23 0 -107 -46 0
-30 -38 0 -27 -20 0 -12 262 -55 0 179 -25 387 -50 -44 -14 256 -31 -25 -73 0 -72 -52 0 -89 0 -13 -32 0 0 247 0 0 0 171
-38 -27 -51 118 -47 0 -124 167 0 -32 156 0 -52 -13 -43 -59 -90 0 0 -20 0 -35 -18 0 0 0 0 0 0 0 -56 -4 255 -38 0
-71 0 95 -3 -41 0 0 0 0 -106 0 0 195 -50 -22 -88 -22 432 -50 0 -41 0 -17 -35 -28 -172 -50 0 -13 -35 -26 325 267 0 237
-10 -139 0 -27 0 401 -45 -63 -8 -1 0 -94 -16 0 -25 0 0 0 -77 -79 0 0 134 -45 0 0 -6 -61 -42 -36 0 -6 -41 158 -18
-51 -47 -49 0 -30 0 -33 -56 -39 -39 237 176 0 0 -14 -28 -29 0 -38 -48 0 -15 -57 -47 0 -48 -1 -41 -13 -15 0 -6 -24 0 -47
-36 -5 314 0 0 0 -87 -31 0 -13 0 -74 140 -17 0 -41 -52 -33 -59 0 0 -1 -46 -86 -83 -39 0 0 -67 -36 -40 0 0 0 0
-17 -19 -82 -31 -20 -31 -40 0 0 241 75 240 -9 -7 0 0 0 0 -40 -32 321 -32 0 0 -8 0 -32 0 0 0 -30 0 -25 0 -21
0 -122 260 -52 -34 -51 0 0 0 -7 -36 0 0 -84 135 317 -19 -48 -32 -32 -44 -25 -44 0 -33 0 0 75 -23 -110 -65 0 -33 0 0
-33 0 -6 -24 0 0 -40 79 -49 -5 -28 0 -16 -6 -1 -1 -2 -60 -28 0 -32 0 -38 0 -94 -13 -8 -17 0 -43 -2 -31 -49 -6 -9
-11 -26 0 241 -69 0 -76 -21 294 -11 -47 -10 -12 301 0 -42 -30 240 -35 0 0 -17 -55 0 0 -37 -38 0 243 0 -41 0 -12 -52 0
-50 0 -13 0 -14 -50 0 211 0 526 -73 -41 -20 -3 0 0 -47 -13 -28 -7 216 -3 -10 0 -8 -36 0 -43 -68 -44 0 -89 -4 -101 -24
-7 -40 -28 -6 -20 0 0 -100 0 -48 -89 -13 0 -42 0 232 0 -9 0 -57 -28 285 -8 257 424 -9 0 -44 -32 0 0 -33 0 -63 -9
0 -80 -24 47 -5 0 0 -40 -48 0 -1 -5 0 -21 0 0 250 0 -29 0 -8 0 -71 -53 -32 0 -2 -34 516 -24 0 -28 -31 -7 -145
159 -67 0 0 -12 0 -42 -43 138 0 -36 -8 -44 0 398 -48 0 342 0 233 -28 -10 141 -90 -26 0 -3 -23 0 -30 0 0 0 -42 -30
-56 -15 0 0 0 -12 0 -53 -46 -43 -11 -105 -123 -47 -21 0 230 0 -43 0 0 0 129 0 0 -39 -34 -43 -10 -1 -32 0 0 0 0
-13 -32 -10 -33 0 -108 0 -56 -37 0 0 0 0 0 -10 0 -13 0 -40 0 0 -20 -31 185 -20 -21 -31 550 -27 -15 0 0 -20 0 -54
-31 -21 -71 -50 -39 -24 -97 0 0 0 0 -11 -9 -55 -4 0 -28 0 -8 -15 -49 217 -2 0 0 0 -56 -40 -9 -66 0 -42 -4 -49 -94
