15 15
-259 958 -223 0 242 -86 187 0 -300 308 -340 0 -78 0 -402
151 365 109 -73 -539 -94 -176 896 -173 -377 1000 0 0 668 -54
811 -116 -822 -312 10 494 597 -716 -279 -88 5 -80 333 -142 119
-387 176 0 -528 552 0 -593 0 377 -295 136 -47 302 -39 -69
-13 376 0 432 -359 -315 188 0 -655 320 -208 361 -548 0 412
324 23 439 0 -107 -641 -10 -215 -147 0 0 -192 0 -406 -331
480 -284 -353 224 302 387 0 11 -166 -126 -305 145 -798 -210 780
-29 0 109 -793 -120 329 0 -355 -134 0 307 -541 724 0 215
0 415 11 -315 143 276 -422 -2 0 -367 -317 -342 0 190 293
-30 72 0 -801 0 709 -499 -372 21 -446 -392 1000 -311 0 0
-155 419 -230 423 -104 268 -160 0 -379 0 -1 364 0 -101 73
-392 -172 0 -200 -216 379 645 -442 55 -144 0 -269 -26 331 -669
88 389 -580 745 867 -41 -243 -597 -197 0 437 -72 0 331 340
-699 777 212 -312 -168 -75 -14 0 -43 100 -57 -595 -91 73 556
205 313 58 74 -65 -81 0 340 0 202 241 90 -10 181 -126
