20 18
0 85 -63 0 75 -82 -24 -76 -21 -16 178 0 -117 374 166 210 0 -111
-97 -129 -109 -185 -113 -78 220 -22 -2 0 -182 191 294 -236 -50 0 0 513
28 0 -73 -74 0 285 -209 0 -40 0 181 -165 -105 116 -76 -325 125 44
0 -193 99 0 189 0 0 0 0 -369 0 -113 493 -23 0 -6 -3 0
0 0 -210 -82 -100 329 0 -24 -119 -4 0 -222 4 0 -66 -94 0 0
0 350 127 -82 -59 133 -58 -47 0 -155 -48 275 -173 332 0 0 0 0
-122 -2 46 -194 -62 63 0 129 0 -160 -61 -20 0 0 0 0 0 265
-122 101 0 -75 -124 180 0 0 -115 -285 171 246 251 0 -72 0 0 -60
-97 -76 81 332 0 -122 -187 -21 325 228 0 -91 0 -19 -184 103 -17 0
-49 -32 -44 0 21 0 -70 -6 -131 395 -68 -36 -48 0 -56 -97 293 -114
0 0 268 0 -42 -127 -112 619 -38 -84 0 202 -195 254 0 -121 395 -1
-35 -72 202 -217 -130 -73 -159 0 132 -175 -41 -67 -104 -43 -9 -106 -82 -120
0 116 726 0 -32 161 -33 -85 -56 -29 -108 -42 231 -173 0 -207 -37 -73
-137 0 -180 -40 0 -46 -39 237 0 0 -222 0 -22 -77 -137 0 -319 401
0 315 0 -54 113 134 -48 98 319 0 -106 -207 -34 -148 -135 -40 -14 0
-263 -266 -44 -71 -74 -85 227 -5 0 62 425 -107 0 0 0 -102 0 0
389 -13 -139 384 7 0 0 -118 -144 -86 -59 -212 -128 114 144 -112 -55 -85
257 0 -166 -76 -91 0 -81 305 -80 -37 -206 141 0 320 0 0 239 -74
-160 -65 -40 -131 0 0 393 0 -78 -54 -34 -273 -22 199 -84 0 225 0
-109 0 0 -125 0 313 0 182 -74 294 -98 0 -182 -145 -223 -211 0 0
