20 17
-25 -14 0 -24 -16 -19 -15 0 -23 -23 -8 0 -12 0 -3 -1 -13
0 -13 -23 -9 -15 -19 -9 -38 0 -19 -37 0 0 -18 0 -9 0
0 -18 -3 -69 -5 0 -10 -25 -52 0 0 251 0 -22 -36 0 -16
-2 0 -19 -24 -35 -37 -24 -3 0 0 -25 0 -11 0 -8 -13 -8
195 0 -2 271 -6 -27 -29 -21 0 0 -19 -33 0 0 0 -20 -14
-13 0 295 0 0 -3 -7 182 0 0 -9 0 0 0 -15 -4 -28
-32 0 -8 0 0 -16 -28 -2 308 0 -34 -19 0 -22 145 -21 0
-24 0 0 -18 320 -38 0 -62 0 0 -59 -8 0 0 -38 0 -37
0 0 0 0 -33 0 -16 -13 0 0 -10 0 -37 -20 -16 -18 0
0 0 -22 0 -18 -21 0 -8 -5 0 -32 -2 0 -20 -7 -21 0
0 -6 0 -23 -19 -22 -14 -16 -17 -33 -51 0 -13 -19 -15 0 0
-3 -42 0 0 0 -12 -52 -35 -16 0 -16 -5 -21 248 0 -9 -19
-17 -18 -9 -41 -11 -13 -6 -25 -17 -10 0 -8 -5 0 -34 -13 -36
-10 -9 0 -63 0 -10 0 -34 -16 -25 -32 -17 -15 -12 -20 0 0
-40 0 -5 -30 -16 0 -3 0 0 0 -26 0 0 -1 -12 0 0
-25 0 186 0 200 0 0 -19 -19 -25 0 -18 -19 -23 0 -5 -8
0 -46 -15 0 -3 0 -13 -19 0 324 0 -24 0 -24 -3 -22 -6
-40 -25 -17 -43 -8 0 -13 -2 -5 -21 0 -7 -4 -23 -23 158 0
-3 -25 186 283 -17 -23 0 0 -25 -21 -12 -1 -37 0 0 205 0
-28 -45 0 301 -12 -4 -29 0 0 -39 -2 -22 0 -9 0 -20 -75
