100 96
356 -135 0 0 -60 -29 -110 -91 0 -19 0 -76 -52 -47 0 0 32 16 261 -55 -121 -116 -111 0 0 0 0 0 -6 0 -13 -69 0 -67 -130 0 0 -211 -46 -119 411 -95 -29 -61 -107 0 0 -84 -45 -26 161 22 -89 0 61 -25 -190 330 -25 0 -109 238 -208 -119 373 194 0 -70 -57 -24 -174 0 -6 -31 61 0 -75 0 0 -345 66 -51 -76 -124 432 0 0 0 79 -101 -38 0 170 113 -92 168
0 -73 0 0 0 -44 -107 343 -166 380 0 -126 464 0 -55 0 169 164 -179 -105 -67 -10 180 0 0 0 -196 131 -53 0 134 211 428 143 287 -72 187 415 0 0 -150 544 -222 0 -15 -87 0 -124 0 -109 -118 136 0 -202 268 74 -90 -99 -105 -71 -37 0 407 -220 0 0 -116 -79 141 -181 20 -33 0 -131 533 0 -15 -216 -39 257 348 -94 -109 159 0 0 -83 -102 -62 75 0 86 -77 0 -185 -38
0 -231 0 -83 331 -92 0 0 -173 0 36 0 154 0 -121 0 -141 -77 -111 263 -170 116 0 0 -114 117 -97 0 0 -166 -48 -173 500 -163 122 0 0 0 170 287 0 -83 -66 400 394 -55 -198 180 -177 0 0 0 0 -67 56 0 -102 -98 0 242 -122 0 -108 117 -41 -31 -32 -16 0 274 -25 0 -124 -74 82 -118 -94 54 0 -180 0 -70 237 -6 141 -135 -43 -89 -197 0 0 -178 0 0 76 0
-221 -38 -251 0 0 0 -76 -6 208 340 -136 0 0 -64 219 -230 -57 0 428 -9 53 -136 -65 -50 -104 -37 0 0 -29 -101 144 196 0 39 -25 364 -161 47 0 0 -124 -194 40 0 152 -62 341 0 -35 228 0 0 -46 182 -15 -157 520 0 -63 -27 -55 356 0 190 -198 -291 381 154 0 -215 100 -74 -173 -38 112 0 -95 110 198 0 0 0 -57 0 0 -20 0 0 89 -178 0 76 -165 -108 0 -90
0 154 -155 0 0 266 -229 -75 -113 0 -92 0 0 36 -16 -120 -75 -62 -18 211 -131 -65 0 -39 -99 -107 0 119 -210 325 -22 0 213 0 0 0 -82 -76 -110 459 -67 0 0 -105 0 0 -35 -107 0 0 69 304 0 224 -85 340 -49 0 0 -59 -56 -41 0 -55 0 0 -86 0 -19 0 -38 -69 237 54 0 -48 -121 -118 -28 0 0 -189 0 -35 64 -5 261 -70 -251 258 -213 -117 307 -9 -140 199
692 150 139 -43 0 219 -5 142 0 -70 175 0 -129 329 0 -129 0 -84 -5 -42 0 -26 -107 -251 0 0 0 -134 -35 -47 0 -41 134 -108 -61 -69 -207 0 0 0 -81 239 -138 0 151 16 388 -70 333 94 -21 0 450 0 182 0 -33 -24 0 0 98 40 -39 -90 -47 0 126 -201 -42 -51 62 -118 -60 -96 274 448 -91 -19 -84 -2 -170 -88 -89 515 -95 -5 -195 132 6 0 -214 -111 0 -120 0 -25
-76 225 -50 566 -155 -320 -10 -86 -44 0 -125 0 0 0 -89 -129 0 -106 0 116 0 -36 0 300 -25 -238 0 -24 0 -246 -73 0 -114 -361 -59 -28 -143 0 110 0 -63 -119 -68 0 387 211 -70 0 -63 -115 0 0 -54 -100 0 -113 0 0 0 0 240 0 0 -41 0 -87 -113 67 207 268 -213 208 -109 -108 -115 -33 475 0 -103 77 0 0 -72 0 0 271 0 188 -12 -24 -146 -81 -193 -111 -24 0
-41 -23 -103 -255 0 0 0 -222 -121 -79 -51 0 0 0 -1 0 -113 -73 91 -141 229 0 -106 182 221 -92 -41 -152 186 -53 390 -27 166 -119 0 0 0 186 -58 0 -93 -157 -77 -15 -2 -112 0 275 -63 -19 -4 0 -85 -72 220 -11 -60 0 0 0 0 -46 -88 -12 -111 -110 -89 -65 -170 -146 0 78 0 324 0 -46 390 -61 -105 -150 -262 0 288 -169 0 507 -47 -329 0 0 287 -160 -23 -84 -5 0
0 -184 113 -12 -122 -123 416 -114 0 -78 0 339 0 -168 0 0 372 -9 -52 0 -188 0 -227 67 -83 0 -94 0 0 -113 0 -144 -105 -76 13 -17 0 34 -58 0 0 -48 -9 -115 192 -94 0 622 -52 -32 -65 241 29 -15 -100 -25 0 -81 318 135 63 106 0 0 -103 0 0 -46 -14 0 561 -13 -105 248 -93 0 -281 331 0 -84 0 421 0 0 0 343 0 -35 0 -125 0 241 0 191 0 -62
-53 -74 -55 -168 48 -61 18 155 0 0 -62 -138 -79 -56 -79 0 58 -12 -255 96 -20 -39 0 0 59 -67 0 117 0 346 0 40 -107 0 -27 -302 -151 -238 380 27 -115 0 268 0 -10 -70 165 -117 -160 0 -26 0 -207 -112 -84 346 157 -21 0 0 -100 -65 0 0 0 0 0 -39 -26 0 -116 -72 -65 -105 177 0 -44 348 -118 -62 -6 -108 161 -85 0 -55 385 -55 -57 25 120 -53 0 69 0 -145
0 -45 151 -201 -43 -100 -87 0 -167 0 0 -38 0 -249 -12 0 384 -87 -89 -11 -19 83 0 -24 0 -62 377 464 70 -20 -14 120 0 -267 0 0 0 0 228 -98 0 -154 -90 -192 -199 -426 115 -246 -224 -153 0 0 0 0 105 0 67 -51 254 0 -67 45 -8 -79 -196 -165 -145 -129 -59 0 250 0 -26 -100 0 -104 0 -78 -75 -203 0 -69 0 -87 0 -74 250 0 -41 -193 0 0 -192 -112 -177 -108
-34 0 222 0 -86 -62 -50 403 180 0 -104 0 0 -88 388 -75 347 -87 -97 176 0 -39 -123 351 -81 0 -190 -82 0 0 26 -82 -111 185 -201 0 -159 -7 -179 142 0 -173 112 -32 279 -172 113 243 0 -53 -75 0 264 362 0 0 299 -101 0 -117 -145 -186 90 0 243 -187 392 0 -59 486 408 -87 160 -100 306 25 -51 209 150 -90 0 -217 0 168 -212 -75 0 -222 507 -86 0 0 -138 0 153 0
0 0 -53 0 0 -23 -112 214 0 -119 -83 229 -56 255 -121 292 -156 -144 -17 -154 0 -76 0 0 0 212 -94 -117 -70 -265 0 -81 -41 -137 -113 -53 0 48 -32 0 -21 0 221 90 -20 0 -79 0 0 -51 282 0 -270 430 -23 -113 0 -121 -68 0 98 -168 -149 -85 165 378 -125 -2 -223 -179 -115 -35 -32 -76 -36 -231 0 334 -32 0 -78 -109 0 0 112 -115 -5 -109 -90 -99 0 -59 -65 0 -69 -115
-33 -155 -62 -121 236 -34 -171 -24 -230 0 -76 -132 -117 0 -159 0 -8 0 0 0 452 -212 -89 -15 0 -48 0 -242 -156 -60 0 0 94 -85 -101 -151 0 247 -11 -74 517 -79 -34 -36 -63 -146 0 -30 -267 -104 0 0 0 188 -90 329 -4 0 0 -47 0 -109 -130 568 -23 -122 0 116 0 283 -19 0 0 -91 0 0 0 0 -103 -107 0 -141 418 199 -88 0 0 -103 -115 0 -52 165 -49 -102 -29 -116
-93 0 0 0 0 -122 0 0 0 0 0 229 -33 -98 -389 -6 4 58 511 0 -180 -99 51 464 0 12 0 0 -40 0 74 -88 92 0 -56 -108 0 -75 366 -11 0 -36 232 -152 -92 -13 0 0 -43 0 0 0 0 285 -208 0 -97 0 -121 455 -6 0 0 -126 -115 0 -102 -84 74 245 -21 209 123 264 0 -51 -147 0 -45 -25 -120 -164 0 -92 280 0 121 -204 0 0 442 -108 0 -97 -126 -133
-224 -114 0 -241 0 0 -64 0 -89 0 -259 0 218 269 104 -122 113 -104 0 -97 0 0 468 -20 0 269 -24 -211 0 -128 0 -20 -77 0 0 89 -96 90 -76 -53 -81 -275 79 -71 0 6 0 -57 301 0 0 0 -47 -181 130 0 0 -105 -188 -353 -119 347 -16 -130 -106 449 -19 -196 -91 -81 156 24 6 -115 0 0 -66 16 0 -43 -318 398 -111 151 0 -167 0 -124 -54 -4 461 0 -56 0 -12 0
-114 0 0 177 0 105 -25 0 -179 0 0 -117 -5 0 -12 256 386 130 -96 0 25 559 0 -103 -87 206 -36 -106 -104 -105 -50 -167 0 0 -159 -70 190 -112 0 0 -159 0 0 0 297 -123 -163 -120 534 -110 -22 -226 0 -188 -90 -217 -30 21 -125 -109 -9 165 0 265 0 163 0 -117 -100 125 0 0 -54 -34 -120 -4 -37 0 0 36 295 -45 0 441 -33 63 -22 0 -40 -69 -89 -98 0 -44 -98 -50
-81 -156 0 -215 0 75 -79 -113 -77 0 -110 -167 363 -100 -101 0 251 -108 -221 -195 122 0 -112 -182 69 -118 -152 184 0 -151 -50 -28 -36 -138 -25 -122 -95 -89 -213 0 0 0 -89 262 -112 206 -39 -112 -166 -139 122 151 -157 0 0 0 173 -38 -426 284 0 -107 -161 -199 -240 -61 -116 -17 -87 -61 -129 0 -37 -66 -2 -91 556 0 0 -68 0 -13 -24 -67 -84 -189 -119 -61 -210 -193 -324 -113 0 -279 0 0
-53 -118 -153 -76 -130 -110 -100 -122 -70 -119 -112 -56 0 0 220 -214 89 -75 0 0 0 0 -5 -153 93 0 -139 -136 -141 200 -43 -51 -150 205 -162 194 -222 0 -54 -196 -43 0 0 247 0 190 349 0 -267 50 -118 60 -75 -107 400 -90 -63 0 0 0 0 139 0 -110 -70 -148 -141 0 -104 -99 -26 -19 -251 51 -87 471 179 0 304 -50 -103 248 0 -119 222 -169 -108 171 -101 0 0 -29 295 -17 -32 307
-39 -88 281 -68 -96 -122 -30 0 -286 -225 203 -261 -45 -24 -43 262 -96 0 -65 0 -46 217 0 -33 -133 0 -87 -35 0 -8 -37 -101 -20 54 378 121 0 0 307 178 243 -59 -29 0 0 0 133 433 121 0 -119 0 -115 -125 0 0 0 50 -55 288 -122 236 310 0 -96 -161 -39 -122 -169 -50 -124 -123 0 0 -177 -88 271 124 -15 459 -126 0 -65 0 -114 -7 -266 0 -65 0 175 0 -83 333 281 0
299 0 56 -32 0 0 -98 0 -23 195 0 -137 -115 -168 428 -40 0 0 534 0 0 -182 0 0 0 -31 -71 0 239 0 -75 0 -217 -54 0 -70 171 0 0 0 -304 -38 -94 0 0 -201 0 -4 -24 0 0 -272 -25 -41 282 83 245 0 -107 -9 0 0 0 0 -110 288 0 0 -63 -84 254 -112 536 -122 -124 286 -32 -42 0 472 419 0 -121 0 200 -51 -118 -67 -89 -75 -173 344 -48 269 0 208
-10 -127 -62 198 -130 0 511 87 -37 -125 341 0 -11 -52 0 225 -22 0 24 197 433 -86 0 -51 205 0 -119 357 -23 0 356 102 0 -114 -181 -113 40 -133 -23 -89 14 -69 0 0 58 0 0 -114 0 -119 -128 -140 75 115 0 112 0 -85 -51 -46 0 0 107 -120 151 -20 -108 -90 -61 0 -97 102 0 -157 -141 0 -197 -107 0 0 -4 201 264 -6 -106 131 0 -123 401 77 -35 -96 0 94 91 -29
613 -75 0 0 0 -120 -23 0 0 0 -90 0 244 -37 278 -54 0 -117 37 -190 -71 -78 -78 173 -142 -231 -72 -64 -95 -115 128 113 -8 0 215 -136 265 0 -151 0 -130 123 -90 -60 -33 0 -12 -204 0 0 0 70 285 142 -79 -76 0 -55 -121 -64 -118 0 20 -105 23 -226 -181 0 -51 -170 -84 -33 -53 0 -63 229 -104 -99 0 0 -180 -209 0 0 -127 456 -115 0 583 -163 315 -77 -14 -74 0 0
116 0 -75 0 -54 64 207 -301 -296 -55 0 -29 -61 -114 -102 398 213 148 0 -22 -276 69 0 75 -83 -252 -99 0 -64 -106 -102 -102 0 -190 -254 -225 0 161 0 -41 0 -28 -36 183 -248 -82 -65 573 -18 -89 -175 143 209 0 0 52 0 -150 0 -41 -102 174 -124 -88 322 0 273 0 331 115 -4 290 -106 0 -27 151 312 -228 -140 527 297 0 307 115 -135 0 0 280 -226 -168 -60 273 -89 0 0 -5
0 -45 -96 393 113 -126 -31 -94 266 0 0 0 0 0 0 0 -183 -189 0 185 -53 0 -35 -116 -89 405 0 387 0 -236 -108 0 -103 -19 369 0 0 -48 240 22 -98 0 -44 -44 -22 -87 299 -88 0 -166 0 0 -169 -175 -151 0 -4 528 -142 -40 179 -7 0 -16 -263 -139 0 -251 -47 34 0 -59 229 -19 0 8 -39 -196 -123 194 -64 -143 0 -41 -125 0 -173 -149 234 -69 64 0 342 -83 0 -75
-104 0 -64 -88 338 -10 293 0 -22 -68 0 0 0 -64 -118 -12 -132 399 0 -104 0 252 -27 0 -18 -65 -86 -11 -135 -136 -109 0 0 0 116 -135 -142 -66 294 -65 187 -31 -111 0 -54 0 -56 0 -79 522 0 489 0 0 -169 429 0 0 -127 -125 0 -95 -45 -63 0 -137 63 0 -159 -40 -100 -100 0 0 0 -44 0 0 177 -11 168 0 11 -87 0 -194 -73 0 -117 -118 -61 -70 0 0 691 -58
-163 0 -62 71 -100 134 0 -20 0 -183 -125 -4 -149 -128 -94 -60 237 -124 0 -18 -99 0 -44 -96 0 -76 340 -207 0 -184 -13 0 0 -81 -52 -25 -17 -137 -2 -30 -5 106 -55 30 -64 -75 -68 0 139 101 -53 450 -227 -108 -90 -14 -95 -44 -247 -224 78 0 -141 0 -110 0 141 0 133 0 216 -20 0 0 -183 -7 -57 293 -43 0 -232 -101 57 0 -52 -38 -145 -83 196 0 277 148 211 -10 -44 -39
-33 476 -176 184 0 0 0 0 0 -118 -119 -95 0 -79 425 0 0 182 0 -101 -103 -60 -108 0 28 -73 0 260 0 187 -43 516 -108 0 111 0 -127 -93 214 0 0 -45 -109 -89 0 -127 -12 -231 290 157 -225 -185 349 78 -13 -155 -102 0 36 0 -52 49 -104 -241 -66 124 0 0 382 -130 0 -50 -13 -127 -64 -15 -212 -104 -163 186 0 -136 -121 -10 -135 -15 -49 0 -200 133 0 -103 0 -30 0 -131
0 0 0 123 419 -73 0 0 -87 -117 0 0 -81 -2 -69 -43 -45 -46 353 -80 -115 0 -92 0 -72 -64 -161 0 314 262 -24 -29 0 -107 -6 309 -92 -62 -200 45 -99 -8 -5 0 -124 -45 -93 -121 -96 75 -117 324 322 -8 -109 0 -49 358 189 319 -30 149 0 -122 -35 0 -121 58 468 -105 0 -131 225 -116 -77 -96 -16 -65 -39 665 -82 0 0 -114 -65 -174 -53 761 0 131 -114 236 160 -152 -115 -85
0 0 -97 0 -2 -183 -33 -81 0 -89 347 0 -118 226 -78 -34 -97 -230 50 -62 -218 -147 -29 0 0 0 -49 -202 -271 379 9 -15 -1 -5 -19 449 0 -109 0 -35 0 -44 332 -3 -231 -57 -77 204 -142 -202 -29 0 -149 -58 0 -179 -23 127 -91 -94 82 -150 0 0 0 229 0 330 12 -84 -169 -56 102 -331 -105 -272 383 -63 -56 333 0 0 0 -157 -47 478 0 0 49 -98 471 -100 -197 -145 -202 0
72 -22 -200 0 -285 -126 -118 -38 -156 -182 146 165 -125 -111 0 -259 -44 0 -39 0 0 0 -243 -71 -167 204 -245 -279 -83 -120 -40 0 -102 -80 0 -94 129 396 -38 -30 -21 126 173 -95 -49 0 0 -86 246 -12 5 0 -24 341 0 228 -39 -73 0 -20 -255 -46 -184 279 0 127 525 87 0 -149 262 -15 145 0 109 0 -44 0 0 35 101 -273 -196 0 -52 -224 -286 0 -338 0 133 -79 -73 -47 -31 0
0 -275 62 180 -72 256 -43 -99 -123 193 -297 223 -75 0 0 255 -39 -56 416 -72 -69 269 -90 -75 0 -88 -130 -26 -179 0 -103 -103 -87 0 0 0 0 -190 -68 0 -4 -97 140 0 -12 -74 0 -176 0 -296 -100 -122 142 0 -61 -120 -71 -175 -74 139 -137 -175 -124 111 0 -53 270 -96 5 -66 -72 -92 339 -56 0 0 213 -88 0 -38 172 341 0 -66 -117 174 529 0 -227 0 -22 -127 0 -28 -151 113
0 -157 -28 -109 317 -97 236 0 -111 -54 -98 0 0 -279 -114 273 0 0 0 -99 0 92 -46 164 -183 0 0 -188 -110 134 -171 -169 -78 0 -165 -166 0 196 -141 279 0 -142 -13 58 -2 352 98 -49 -4 0 203 -67 0 -102 -51 161 0 -215 0 75 0 300 321 0 -30 -352 0 0 3 -150 392 -144 186 0 -68 123 308 -76 -16 103 125 0 -102 -44 -133 97 -101 163 0 -135 0 -24 0 0 -98 -130
-32 -66 357 0 0 0 -57 0 0 376 -44 27 179 0 0 -67 -114 0 81 -67 0 29 -220 -53 361 -20 6 210 0 -293 328 -97 0 0 -21 -79 -1 -25 -32 -68 -95 -66 264 0 169 -150 -61 -149 -107 -172 202 0 0 -105 369 -16 0 -16 0 -87 -12 0 -77 -87 -95 0 0 124 0 0 159 0 -50 -48 -12 -153 -208 -100 0 -49 354 153 -1 -238 0 -43 -14 -86 162 0 153 106 -211 268 -116 312
0 -137 166 0 -115 -49 -45 0 0 -126 0 160 152 229 -177 -32 0 -20 6 -122 238 -201 -242 0 127 -174 -311 -87 0 0 -46 -73 -143 -89 255 -218 0 0 -89 -45 -37 -77 0 -41 0 0 21 0 265 -172 189 -171 200 29 0 -107 -63 -98 275 -295 0 -236 329 0 -115 0 -63 -120 0 -106 135 65 -30 -71 193 289 -75 -30 -95 -147 0 -57 -119 -87 0 116 -159 -141 -62 -169 160 -71 -103 -85 -106 -354
0 -70 -204 208 416 -155 -99 -181 -181 -132 0 -113 -112 250 -56 -226 -3 464 -106 0 -33 -31 -33 -24 -78 -5 0 -103 115 -117 194 80 0 0 -204 -21 442 0 -79 -75 -236 237 -113 -124 0 374 161 0 296 -64 0 0 322 -182 0 -74 0 -109 0 -126 0 0 -113 -41 -95 0 -179 -189 201 0 0 0 459 -112 -153 -32 -90 -155 -14 0 -273 0 -202 -57 268 641 -42 -151 149 -115 226 0 0 0 246 0
39 0 17 137 135 0 -60 224 -73 186 324 0 0 -140 -221 0 -195 -94 0 69 461 0 258 0 0 0 98 -42 421 -43 0 234 0 -194 0 -78 -58 243 -24 0 -171 0 0 26 -118 -26 -7 0 -135 0 0 -26 0 0 -35 0 -180 -40 -51 -29 -228 -200 92 -119 -193 -11 -83 -67 494 0 0 -98 -113 147 -94 243 0 -105 370 0 178 0 -32 -112 -207 -50 132 356 -69 0 -3 -66 -104 101 -149 0
55 0 0 0 -51 -168 -169 -16 0 0 0 394 464 275 335 -210 80 -315 104 0 -143 -102 0 -118 -177 0 -42 0 0 26 0 58 171 0 0 127 -19 -22 -116 0 -139 0 0 -86 228 32 -78 -138 0 0 -27 -242 -72 0 -58 -34 -22 -103 0 177 -13 96 -81 0 0 -94 113 -180 247 0 -342 -72 -88 -76 -5 0 0 -60 232 0 261 0 0 -151 205 182 0 -27 368 -118 -315 -119 0 42 -141 344
0 144 -72 147 -116 -147 63 -43 -62 -132 0 -128 241 -114 -45 -104 -114 219 0 0 -11 175 -59 0 132 -91 0 -90 -78 -24 73 -102 -61 -31 -112 -125 -109 -123 -309 0 37 -137 0 0 130 -44 -87 -106 0 0 0 0 468 104 -46 -15 223 0 -185 0 167 432 0 146 0 -44 122 -108 0 0 287 222 -92 -52 -84 -81 0 -22 -236 0 0 -51 0 -18 -86 424 0 242 344 -227 -1 77 -73 -117 -55 0
-69 -186 0 0 -56 -110 -97 -70 0 -108 -133 -108 272 -160 208 -122 134 0 -126 -18 428 -123 -184 215 -181 -193 -91 -283 246 -63 -122 75 104 9 0 -34 0 143 0 87 -246 350 -182 -6 295 -73 -82 -26 237 94 180 -47 23 -116 -94 -89 0 -110 -249 -64 -130 127 0 0 -68 -112 -111 137 -103 -185 -153 0 0 29 105 0 0 -339 0 0 -112 0 0 381 -134 -200 4 0 -70 0 0 -97 0 0 0 291
-94 80 -104 138 0 343 -85 -114 -122 0 -5 0 0 105 -93 -115 -98 0 -41 0 50 0 -106 0 0 -35 0 0 407 507 -226 251 0 -138 -121 -110 0 -128 -41 0 104 417 -185 89 0 275 -59 -144 0 -15 0 0 83 -110 -6 185 -34 76 418 325 118 0 0 92 33 -55 -116 0 0 -69 -105 -2 0 -72 444 -215 0 -277 132 -128 -108 0 -21 -134 -61 -91 134 -94 -159 42 280 0 0 -76 -114 527
-96 -127 -50 -89 -164 0 -14 -37 47 -77 -8 -96 -46 0 -124 -103 246 45 212 -78 0 -40 114 240 34 178 3 0 0 -7 -26 -72 -58 0 -145 -115 -159 0 -47 0 -86 404 106 -108 0 -38 -223 -122 -12 -17 0 0 0 -43 0 227 537 48 443 0 -65 -71 0 0 -100 -101 0 0 -44 -295 -11 -167 0 107 -79 -139 0 0 0 0 -42 -193 180 -65 136 244 0 0 0 0 -56 -49 0 -235 0 -61
-110 101 0 285 294 191 -1 138 -49 0 -67 44 -88 0 -85 0 0 -40 -35 -14 0 0 313 84 -91 189 216 0 -108 -236 -184 0 0 -127 -53 0 402 -77 0 -79 -18 312 0 250 -164 -68 0 -31 -19 177 -64 -19 -153 210 -156 0 382 -123 325 -86 -112 -282 158 -305 -127 -214 -136 0 0 -99 0 0 218 0 -19 0 -59 -161 -111 0 -125 -157 0 -151 166 -111 -184 -99 -10 -79 -343 -281 -14 -243 0 -66
0 -55 0 -19 -202 0 208 68 -150 7 -96 0 -14 0 119 -115 0 0 0 -25 -14 -70 -34 -281 -128 -43 -37 -82 0 -172 -213 123 0 -241 -159 0 122 288 622 0 0 -176 151 -38 -60 318 144 -125 -135 0 -71 457 -140 -142 0 30 -53 0 0 -18 -155 52 0 -89 0 -127 177 0 -14 -221 -92 145 500 -56 -127 141 -233 -114 -70 -110 0 0 0 76 0 0 -73 -161 0 -96 -110 -180 0 0 -93 315
-120 0 35 227 -134 263 -56 0 229 0 0 -28 -83 369 0 0 -255 329 0 57 301 0 0 0 0 0 -33 -58 0 417 26 -82 -319 -53 0 -68 0 -111 0 -111 0 -34 -116 0 0 -105 -63 0 263 -129 -186 -265 -67 135 -105 0 284 -211 0 -46 -76 -158 -259 -87 0 556 0 -40 0 -38 -105 -119 0 0 0 0 288 -31 -158 -41 -68 0 0 470 -28 -120 -160 -54 -23 -82 0 -197 0 0 536 0
-68 51 -1 -53 0 -79 -32 -52 242 -135 -170 -112 445 0 0 -81 -21 149 -89 -88 305 0 -205 -57 -212 94 -80 -136 -81 -34 -58 117 -67 -109 -108 -175 0 -175 425 -101 0 -327 -172 0 -97 -185 45 -19 0 -50 -95 501 -24 -57 -43 -65 -23 43 -71 0 383 501 -10 287 0 144 -93 108 154 -26 0 0 0 -64 -17 0 -17 -182 235 0 0 -65 0 0 -210 -83 183 -53 -91 0 0 -116 -118 -23 -276 0
-171 -21 -109 0 0 -84 0 351 -130 61 237 -212 0 0 167 320 -192 -99 -116 38 200 -5 -101 -70 471 571 150 169 -145 0 332 0 -12 -117 0 0 130 -68 0 -112 0 233 -77 -60 0 160 0 -202 -151 -66 0 0 33 0 0 -130 280 0 489 -59 -22 0 -74 6 -204 -132 64 212 161 -21 -57 101 0 62 0 -7 275 -22 0 -91 118 -117 -196 -13 -62 0 -48 150 0 39 382 0 -2 196 -7 0
-4 -60 -67 -250 0 -117 0 -132 -22 -37 0 -83 -39 -287 0 342 -55 -164 -89 0 308 361 156 -45 134 -32 -35 -137 -142 -118 -28 -310 -25 0 -359 -16 -12 80 -21 -115 -217 214 -55 -104 -71 -416 -94 -19 -52 233 -8 -253 -106 0 0 298 0 -106 -57 -126 -42 0 -54 0 -71 84 0 0 88 0 -50 -32 -142 -82 -175 204 0 0 -126 -84 0 -31 -104 -82 -113 -215 -123 -81 84 0 -116 -110 -99 -117 239 -19
0 318 -104 -191 -83 -45 -209 241 0 -117 -14 -110 -42 -113 -124 -4 -48 107 -71 -46 190 0 -122 -19 -72 -114 346 303 615 -103 -135 0 281 0 -66 -31 0 -116 -115 0 -26 0 -15 -88 -69 -117 -115 -79 -215 -114 204 0 -164 -40 0 0 -90 -109 285 0 -306 -124 -50 -70 134 -81 0 458 0 -103 119 0 36 -111 -86 416 197 0 0 0 -90 -227 -126 0 0 -94 -51 0 -155 -54 -37 31 -65 0 330 0
-161 0 -13 -75 0 -18 -112 478 0 -118 -51 -10 -31 257 0 -57 -198 0 -139 -112 0 -19 0 442 118 0 -133 0 87 -19 -129 -58 155 303 -68 -100 197 0 -171 -118 -154 149 -230 -74 -118 -23 173 0 0 -69 0 0 0 -118 0 10 0 -43 -92 0 198 -102 233 295 -181 -94 -181 0 0 229 125 277 0 0 -83 0 327 -81 -74 174 -35 193 593 0 0 356 0 0 -260 182 -21 -98 0 0 0 0
-113 0 -165 377 347 30 -48 0 -30 -106 -160 -190 -161 -46 0 -207 -176 0 484 -130 0 -41 -73 -111 175 0 0 157 64 -80 0 -107 -103 0 193 246 -35 0 -45 -159 0 -76 -136 0 82 -64 -18 -70 0 -138 -156 -103 198 101 0 -49 88 -110 0 -39 170 0 -305 -242 283 -144 -74 -170 -53 -84 -100 228 -111 98 530 312 233 -91 -92 20 0 0 0 135 -78 183 -20 -220 0 0 -94 -70 384 0 422 -210
-2 -78 0 0 -59 48 -133 64 104 -22 390 -2 -270 0 -6 236 -101 -43 0 0 -52 172 311 499 0 0 520 -17 0 -94 -125 -87 -121 0 -233 0 -1 147 -86 167 -60 -80 -116 236 -109 287 262 0 284 0 -278 0 -37 -208 0 71 53 -90 -81 -14 -446 0 199 -189 400 -36 -62 -62 -1 -52 -7 -27 -125 0 0 0 -103 0 0 -19 -81 0 0 0 0 265 0 -10 0 0 -40 -138 -39 -152 128 -6
-16 -179 -102 123 -46 -89 -88 -158 -77 -125 -96 -63 555 0 -11 -116 -148 -143 399 0 -92 0 156 212 396 -149 -55 -68 -118 -32 0 61 0 617 0 374 -5 0 316 -105 -21 0 220 0 0 -86 -16 -55 -224 0 0 -40 180 0 0 -39 70 0 0 0 0 -120 0 -148 0 206 -4 -139 -96 226 -58 0 0 250 212 -223 308 0 -145 -81 -7 226 -62 0 -160 263 0 -178 -110 -20 -52 131 22 0 -19 0
0 0 -129 -69 -42 292 345 -16 -161 -110 -95 245 0 -116 305 -110 -19 347 337 0 0 0 118 216 526 317 0 -7 -28 305 448 144 0 0 0 -62 0 -79 -178 484 0 142 -297 75 -97 -108 -19 -81 0 0 -96 550 260 312 0 0 0 0 236 0 47 99 -47 -234 0 0 0 212 -279 -99 -6 0 371 0 -63 -172 292 -153 -81 0 -80 -45 0 -291 -47 -65 -16 320 33 -58 175 -9 -245 -15 212 126
0 -40 -6 -155 264 0 124 404 -57 -51 0 -106 -229 0 0 -66 -104 0 119 -171 0 -115 0 309 533 0 161 63 0 0 -79 -2 -125 0 -254 -110 -104 -107 0 0 0 233 -38 -74 -88 0 378 -10 221 -81 142 -66 0 0 -22 -70 -94 145 26 0 -115 283 -64 -11 -31 -108 0 0 -92 0 82 -147 -76 -226 115 -69 -129 0 -191 18 -19 -107 -103 0 0 0 -81 522 -185 219 42 117 -48 -61 0 71
0 0 293 214 -65 -81 0 -73 -395 -188 60 -44 -102 -81 -62 0 0 -58 0 -59 0 -46 -106 0 -153 -108 0 208 -29 -44 -99 0 -51 -72 -62 -193 0 -84 287 -236 -104 -162 -74 -49 -42 -105 0 -17 -55 0 38 -23 208 -178 -37 0 -32 -9 -189 83 204 -156 -113 -121 377 -59 -88 0 293 -114 0 -36 -97 0 -188 12 -90 0 -87 -208 -198 0 0 0 120 0 0 -57 -12 -131 -113 -59 -224 -52 -58 64
-75 -95 0 67 214 -14 0 -135 -113 -124 0 95 0 -78 -72 -66 330 -285 -53 0 -28 -10 -106 -22 0 -84 -149 0 -28 -45 272 -57 -103 -120 0 0 0 -82 259 -30 -95 -52 0 0 -34 -70 0 233 -119 -23 -125 0 -67 0 -239 -154 -21 809 105 0 -88 -57 -189 0 0 0 0 4 -241 -140 238 -16 -218 523 0 0 -38 0 0 0 -63 -7 -80 0 84 -114 -125 0 -101 227 -100 0 -116 -33 0 0
-159 435 -110 -83 -366 0 0 119 -36 -100 0 0 315 119 -80 0 0 0 477 -178 136 0 10 -161 0 250 176 0 0 -31 0 144 -67 131 -84 0 -18 -21 -41 0 0 0 -23 -41 -25 -205 0 -87 -69 -101 -114 314 0 -91 -203 340 -217 -12 -77 0 0 270 0 -54 0 -104 -133 -121 0 0 -101 0 317 -321 -68 0 231 0 -97 0 -38 0 352 -33 -124 -165 0 -14 283 -120 232 0 -44 -41 -54 -54
-312 76 0 305 -239 -51 -19 -128 196 -123 -53 503 0 0 323 296 -97 120 0 -104 0 -117 0 24 -124 0 476 14 404 0 0 -137 -139 -17 -302 -78 -14 -160 280 80 -51 -65 -171 0 -2 -174 369 -77 161 0 -12 0 1 0 0 -104 -178 309 -93 -403 -9 -47 -83 -12 84 372 -131 0 -33 0 -107 -106 -123 0 -102 -122 -103 -94 276 0 0 253 0 0 158 -135 0 0 -31 -36 -25 0 -2 -147 -177 -84
0 0 -101 198 -145 263 103 0 -39 -48 -123 -119 0 -16 -74 0 -235 -43 -83 0 0 68 -119 -32 0 -125 -99 -149 -86 -257 -70 0 0 -68 360 87 -117 -55 0 0 189 -106 0 502 -215 -49 -64 -41 0 -41 188 -169 175 0 -80 -186 122 0 0 -84 -193 -17 94 -122 389 -4 -283 78 204 -240 -54 0 -189 -25 181 -58 -83 -204 -31 -124 -214 -83 0 -78 -115 -4 -81 -103 0 -20 -66 73 44 0 -36 -119
0 -120 -86 0 -44 -109 0 0 -43 0 -74 -120 410 0 -222 -84 0 131 -78 -166 -125 -73 -8 -30 135 -168 -89 253 -4 -103 -148 -24 -77 105 -267 0 -9 -96 -113 0 0 340 -156 0 -72 287 -262 0 0 140 -124 -169 301 0 0 -105 -58 -2 0 -87 -50 -11 -94 -112 0 0 0 -122 -54 -121 -123 -82 267 0 0 -144 0 -56 0 0 -17 -137 -138 -85 245 246 -88 -42 -121 0 -104 61 -229 0 -195 -119
255 -56 -79 -265 159 -52 -123 427 95 -171 432 159 -85 0 -124 -65 0 0 -39 -69 -78 0 -122 -24 -170 220 -20 -3 -90 392 0 -124 7 0 0 -117 -101 0 -87 0 357 0 0 -86 -85 -53 -176 33 0 162 0 -274 155 -305 -197 324 19 175 190 -84 0 -43 -86 -60 -110 -210 0 364 0 313 0 -215 0 117 -64 -3 -73 -23 20 0 216 -128 -140 -85 -9 0 0 -59 -102 0 0 0 -167 -81 -94 -93
-104 -139 146 108 92 122 0 61 0 0 167 167 -67 -185 0 193 53 172 0 175 -19 -79 -196 -52 0 0 0 -112 -25 242 -97 -153 -107 -61 -50 0 -87 127 47 0 312 -185 -27 -88 0 425 291 -4 0 0 -107 390 298 0 252 -57 -35 0 -15 437 668 -49 -76 0 -78 -83 0 0 -227 -56 215 220 0 0 -40 -108 0 -59 303 -99 137 -38 0 0 78 0 -287 213 0 0 -300 -150 0 -78 -106 0
-277 0 0 -90 -47 178 177 -117 0 183 0 -51 0 -44 0 -132 134 -69 -9 0 -32 101 -18 320 0 313 0 164 11 0 -40 0 184 131 0 -96 278 -63 -119 -145 44 -101 279 0 -90 -31 0 -118 -94 241 -26 -110 -191 -227 3 -71 0 -250 -55 -52 -110 0 182 -50 0 415 -40 -56 -215 0 -11 -79 0 377 187 0 0 -87 77 -120 769 -11 0 -130 -49 -289 152 270 51 0 -39 -52 458 351 -214 -53
208 -37 0 -94 0 -8 0 158 182 -137 0 -111 -57 -24 360 -95 -18 0 382 223 -21 0 -79 -52 -92 182 0 183 -72 -95 53 0 0 175 -70 171 149 -196 -80 200 0 -172 0 0 -83 219 -59 -257 0 -78 -38 281 -90 286 -106 218 0 106 0 0 -109 -57 170 0 -86 0 0 0 233 0 -140 169 0 773 -238 0 0 -52 -104 60 -8 -48 -164 0 -313 122 0 0 136 0 -109 -7 255 -88 0 -115
-230 -99 0 0 0 -172 0 -50 0 0 -152 -79 -139 -45 0 0 51 -7 -66 193 -44 0 217 -25 0 94 -117 -33 -125 -98 128 0 -25 395 0 0 -59 -70 0 -169 -187 -138 -122 201 -1 0 -3 158 -226 105 -131 -63 -114 0 0 0 0 0 0 -70 -55 -59 -75 321 -80 -131 -122 123 171 -79 0 190 0 -113 116 0 -144 -1 -103 -1 334 -80 212 -200 -165 0 164 289 0 688 250 249 -184 0 0 -10
-74 -46 -53 -158 56 0 1 -53 398 0 0 -522 -81 0 -25 -259 -140 -88 0 21 426 -109 -115 -184 0 0 -114 0 -55 327 51 -89 291 -140 -33 -9 79 0 242 -54 0 -93 0 222 -14 -124 0 -29 0 -112 0 0 -124 54 -20 -38 -153 -37 -10 -190 -114 0 47 -49 -75 0 -91 -53 259 0 140 -114 0 0 -50 -57 -4 196 -188 -140 0 0 367 -106 0 0 286 -12 509 -89 29 0 0 22 -79 0
0 -171 -19 -4 0 0 -152 -57 0 -236 -65 -3 -121 0 -42 0 -115 168 0 0 0 0 0 360 -119 0 -16 -121 0 -123 -43 437 -89 -113 49 0 0 -43 69 -18 -125 -1 -112 -72 -117 0 -117 -33 -61 -49 197 -34 -100 191 0 -64 -199 -49 0 0 -309 216 254 -166 0 0 -107 225 0 -79 0 -100 0 -166 0 -24 0 -58 -138 0 -81 -173 -99 79 -43 -4 -70 227 -241 0 -36 0 193 -135 -49 -30
-66 -67 -113 114 -296 -132 -265 0 0 -9 -127 -40 0 113 -20 0 -8 -57 -49 -202 -120 0 0 -330 -20 -112 -151 0 -117 -64 -75 -135 -310 -99 -49 0 0 0 -99 -111 -72 -118 -125 -77 -83 0 -72 0 0 -4 261 52 251 162 210 294 45 0 -178 -40 186 0 373 -68 152 391 -36 -62 -38 -85 0 0 174 585 -71 0 -69 41 -29 0 0 0 0 -113 183 -243 111 -92 -142 -160 -101 1000 0 -43 -38 -42
84 0 -165 0 0 -169 -35 -105 -46 -96 0 -108 -3 -25 -101 0 -127 0 -93 -50 237 107 0 111 340 284 -16 260 0 -48 104 -55 -101 0 176 -65 -79 101 0 -132 -102 -80 339 -4 -86 -85 -10 0 116 0 -124 -139 -100 -170 -95 175 -126 -73 0 -23 -58 -318 296 602 -44 279 -122 0 -62 0 -17 -27 -223 473 0 -57 0 -66 0 138 0 69 -6 0 -58 -118 -127 -158 0 -56 -140 0 -35 -119 -15 -47
0 209 -28 -124 -178 128 -39 41 117 -51 0 152 -21 -91 -79 -5 -54 241 0 -108 -21 -111 0 239 396 -80 0 210 0 0 -234 -8 -5 -2 119 0 79 -130 -29 -27 0 -287 -80 -17 -222 0 8 118 -70 354 -162 0 -3 355 -30 143 -114 0 -38 -87 106 -119 216 0 -181 0 -119 0 -190 -12 -123 -93 -82 -110 -210 0 0 -173 -202 -187 0 -68 0 424 -187 0 0 -125 354 -111 26 -105 -139 0 -29 334
-106 -32 0 0 0 0 -156 0 -20 416 -115 0 -24 -93 259 0 -102 373 -90 -58 147 -60 0 -177 -46 0 -54 0 0 0 0 123 24 -62 -113 381 0 -64 -33 -69 -19 -210 141 0 -211 0 0 -87 342 0 149 -92 -56 -108 -87 45 -125 -50 45 -13 0 52 0 -28 -34 335 -119 0 -62 0 360 -45 -47 -150 233 -88 -122 114 0 -8 -78 -69 309 395 -209 662 -148 -61 -154 -124 -78 -107 90 -90 0 357
-44 -77 -182 182 -13 -119 -28 58 0 -5 383 221 0 -81 75 -93 -152 -83 -83 -208 -56 0 0 -279 -106 475 -105 -309 163 -170 -39 -61 -18 -92 -93 -15 0 -140 179 0 0 -44 -112 -99 -194 0 135 -189 0 0 -68 -121 0 116 -99 0 -151 -142 256 342 -25 0 -35 -6 0 -74 193 0 0 461 -243 335 428 156 -63 117 0 0 0 -130 0 -98 -104 -27 -122 0 -94 251 -86 0 0 129 -61 -179 -66 -165
0 0 79 -138 0 162 -59 -1 0 0 -124 -49 0 450 -85 184 0 -69 0 56 0 0 -37 -141 0 0 131 -105 0 0 -68 0 -225 -51 608 0 -1 306 -168 -68 -2 0 -287 207 0 0 0 129 8 -14 0 72 0 -108 382 27 67 -63 -175 -127 -74 0 0 -170 -7 0 202 -30 244 -286 -113 309 -26 146 234 -150 -59 -147 -100 258 111 0 2 -47 40 159 0 122 0 -66 0 -83 306 -102 -2 0
-126 -185 -146 0 -38 0 -90 310 -10 23 -190 -57 -114 -35 -31 -117 -28 116 -71 6 -17 0 0 0 188 -17 -74 -48 -2 26 130 0 -97 0 -169 -231 135 -177 44 201 0 -32 0 136 0 -17 -69 57 -47 -70 0 175 253 19 231 0 0 -120 -66 0 425 -92 0 -52 0 0 0 6 -37 0 -33 0 95 -206 -41 0 -251 0 -156 193 0 475 -93 -79 218 -41 -19 0 -117 569 -97 -153 0 -29 -154 -97
0 -116 0 297 -77 502 0 169 0 -74 0 -69 -6 -76 9 -213 19 385 -179 102 324 -89 327 0 0 0 0 211 0 0 -13 229 0 -19 140 588 0 0 -117 0 -98 -119 0 0 74 -102 277 -59 -173 0 0 334 -237 0 -120 -54 277 350 0 -56 0 -59 366 -50 0 316 69 0 -274 -97 0 -82 0 0 -41 0 33 45 14 -94 -228 -145 33 -69 -157 -123 0 -22 62 -50 44 0 -186 -105 -301 -99
-29 -333 0 0 -122 -8 149 0 -88 0 -109 0 419 0 -125 180 -30 302 351 248 0 0 -72 -156 -80 -73 -136 0 253 -150 -95 0 0 0 568 -40 -120 -387 -8 -88 -75 354 -45 -92 244 -89 0 -114 -120 300 -46 73 -121 0 -23 129 0 -53 -103 -28 -111 0 280 -26 0 0 -11 0 0 0 -185 155 -27 466 -71 186 256 -112 -42 334 393 -71 -130 -124 -60 503 0 0 377 0 -68 0 20 -150 -92 -99
362 -117 21 -52 -45 0 -89 412 421 265 0 -98 -61 -124 519 0 0 0 -57 28 -56 -69 0 0 -264 -92 0 0 0 -2 -154 0 -81 -101 -22 -89 0 0 -14 -21 166 -78 211 -3 0 199 499 -15 0 -25 -104 -105 -7 -108 241 0 -25 0 0 -84 -106 -11 -114 444 154 -25 -72 0 0 0 322 370 -63 0 225 320 0 -16 -88 0 -111 0 -71 -58 -213 0 0 585 -118 -309 0 -25 0 -88 -25 209
0 298 -211 -151 0 237 -243 -85 -123 -1 -99 282 260 0 0 -109 0 -58 6 -204 -38 -122 -114 516 239 -38 -42 95 0 0 -14 123 0 -94 -359 -71 -26 62 0 279 -125 188 0 -119 -105 -324 0 0 83 120 -22 151 0 0 0 0 -39 508 -145 0 -57 -124 -13 0 298 -118 -48 -181 0 -27 -34 -99 -99 0 -42 0 -74 -57 -99 -67 138 -158 -21 0 -61 0 49 -133 0 -58 0 -10 -19 -56 -111 -152
-40 -68 0 0 0 206 137 0 0 551 -114 55 -148 0 -189 -124 11 0 199 0 -160 -74 0 0 -126 169 0 0 -60 0 -66 -54 205 -44 0 504 21 193 425 -46 -25 184 -62 207 211 -140 -100 -12 -142 74 0 51 -117 0 0 -45 0 -177 350 0 385 130 318 -79 -192 -233 0 23 -312 -57 -5 -42 285 0 0 -13 0 -25 0 -159 612 244 -57 -44 77 -55 188 -23 -160 -96 -86 71 0 -90 0 -29
0 138 -85 -18 237 -74 448 -147 35 0 0 0 -262 0 0 0 139 0 -34 -91 0 73 -71 -180 0 0 -104 -111 0 0 0 -157 149 0 -162 0 245 135 -53 399 0 275 59 0 -213 91 0 0 0 240 -31 -40 -19 -125 0 0 -75 0 373 249 -119 0 0 -97 0 -83 0 -95 -35 0 -214 -80 -1 0 0 -103 -76 -129 611 169 553 -87 0 0 0 201 0 -42 0 20 0 0 -104 -248 -95 480
-109 0 354 -42 -12 -207 -12 -48 -114 -234 -69 0 0 0 0 -41 0 -87 -53 -130 0 -169 74 388 -5 -265 0 -123 194 0 -134 0 585 -27 425 -125 0 -74 0 118 240 -107 0 -74 -82 -120 -10 13 0 -194 -46 0 0 0 126 380 0 -21 -62 -101 0 -23 0 -168 30 0 259 -47 0 217 208 -137 0 -107 -67 105 -119 -8 -62 -44 -59 -192 -211 0 -57 0 350 -181 -199 -17 164 0 0 -57 0 -111
0 0 -65 -53 258 -145 -118 393 -112 -307 0 -18 485 -25 -66 95 -124 -73 -114 0 -91 -159 -54 -86 -20 0 447 -117 -109 -168 -85 -134 -34 -236 -32 -54 125 -140 -199 -81 -13 -229 -188 0 472 0 -135 194 -123 0 0 177 171 -125 0 124 0 137 -86 202 344 -93 -18 -47 0 0 -182 -4 0 0 0 -109 0 424 -117 -114 362 43 0 -150 -14 -172 0 -120 -101 -70 209 -143 47 264 -121 -124 -120 -22 -170 -169
-72 0 -222 260 0 -82 149 514 0 -4 157 -140 -123 -83 -49 203 -44 0 -65 0 55 0 -136 -7 -29 -71 -229 156 0 0 -79 0 -117 -275 -43 202 0 0 -41 0 0 0 -132 264 -71 -2 66 -46 296 -129 269 0 -209 0 -110 -70 -1 -28 0 0 0 0 -88 0 0 0 -134 157 0 -215 -147 -137 -55 459 5 -14 0 351 286 0 0 102 165 23 0 174 0 -86 29 463 -1 0 -51 0 -164 0
-78 77 0 0 91 0 95 0 -77 -213 -17 0 170 0 0 -211 97 -9 0 -172 -141 -7 -116 0 344 389 -77 -87 0 -78 -16 159 -11 -106 -103 -181 200 0 0 0 -93 0 0 53 -100 128 0 0 -30 -98 -193 0 0 10 0 0 -42 -22 0 0 -53 144 -47 0 -83 -132 0 -48 0 0 -171 -25 -287 -50 142 0 -30 290 325 0 -193 -97 0 0 -210 -64 151 0 480 116 -124 0 270 -61 -136 -43
-89 -114 -107 -271 -40 -116 0 458 -288 -20 0 0 -30 0 -20 0 108 -57 281 170 0 -120 0 -39 49 15 204 -31 243 -234 -23 -114 0 -162 -2 -164 -101 319 0 -68 296 0 0 0 0 -80 -243 0 171 -241 0 585 0 0 -13 0 141 329 -170 0 -86 -124 -10 456 0 106 223 400 0 359 81 -68 334 -13 -12 -170 0 -21 -18 -209 -61 -103 -180 0 -84 215 570 0 283 -117 -22 0 -113 -133 -223 -210
-225 628 0 -167 -152 0 -28 0 -9 308 0 410 -166 0 -106 -118 0 0 -12 -169 -128 -96 -83 -44 -110 0 0 -94 521 -60 -146 -4 -72 -195 -122 95 0 0 148 -150 -30 -236 110 -151 409 0 -53 -66 -174 0 -44 -186 140 -66 0 -107 30 133 109 -160 -437 0 27 -158 450 58 -57 -194 0 -207 0 -37 241 -83 -98 0 -144 -114 -111 147 0 582 -24 -92 0 -142 287 -289 52 -313 -75 -92 0 -72 0 -221
0 -84 -95 0 0 279 0 325 -72 -106 0 0 413 -82 0 0 0 0 0 -87 -91 360 -31 -108 87 -115 0 -67 141 -69 -19 -55 -35 111 384 -38 0 -193 147 -27 -91 0 259 -160 209 -65 -52 -481 0 -247 -115 118 0 -102 0 0 -152 -6 0 -101 -68 -125 354 -5 451 0 38 -247 381 0 -170 0 -86 229 0 0 -59 -177 -68 -93 0 -45 0 0 0 0 -58 0 -17 -15 0 -57 -232 0 9 0
189 0 0 0 320 -168 0 200 0 -229 156 0 0 229 -44 -181 -2 136 -376 -71 0 0 -142 -96 -81 -79 235 0 -89 0 -130 0 -209 0 165 -46 397 -115 197 -49 -281 -102 249 -116 -202 0 1 -55 0 -314 162 106 0 126 22 0 -2 0 -18 0 -18 0 -199 -43 -145 0 0 160 416 0 0 -115 216 -153 -247 -14 50 0 324 -121 -46 -79 0 -64 102 -120 0 -97 197 0 38 0 -289 700 -11 -340
-204 44 -76 -96 371 -71 0 0 -73 426 0 0 0 88 -213 -103 0 221 -113 -30 -46 0 0 0 -104 -208 -39 -8 -125 74 -192 -118 -110 0 -125 0 178 -10 0 -146 0 312 -123 96 0 343 -42 -74 -123 0 -60 -119 206 185 135 -103 0 0 -101 0 -61 39 -16 -50 -179 230 -95 215 0 -26 -217 -91 -77 -51 0 -18 -16 -69 155 438 -52 267 -114 -93 -208 0 149 0 0 -48 -40 0 -61 260 0 -107
0 193 0 -62 244 -110 20 0 -14 -39 0 166 0 0 167 752 -158 -120 -96 -274 0 -48 -62 0 865 -46 0 -13 -108 -147 0 -66 -190 0 339 -15 0 0 236 374 0 0 -48 -188 0 0 -424 0 -206 -39 -75 315 0 0 -47 -80 0 54 -203 -152 0 259 0 0 0 0 -45 330 -64 -157 462 -162 -205 0 -88 -137 -1 -43 -115 0 445 0 -6 49 0 -230 -21 -128 -281 0 -122 -81 237 0 274 -6
302 391 -80 0 201 -51 -45 0 -38 0 239 -105 306 97 0 -250 -93 53 -91 -32 -56 363 -112 0 62 0 0 0 0 42 0 -114 -32 -260 -19 19 -46 -74 21 0 0 -64 0 151 0 -31 -124 -104 0 -56 0 -116 -105 -137 0 -125 210 0 -24 207 0 0 0 -29 -200 38 68 0 -95 -141 133 95 0 0 -124 0 -84 0 14 0 -12 -86 0 0 1 0 -119 0 -119 -48 -147 0 0 -122 403 90
0 -40 0 -23 -4 -119 385 0 417 0 324 -79 0 -105 -208 0 0 0 -94 0 0 0 0 -122 -101 -226 309 -67 716 491 0 0 0 -107 -97 0 0 222 81 257 -40 -8 440 -37 -227 -107 -5 -105 0 -18 327 422 -133 0 0 -117 139 -276 -145 0 74 89 343 0 -48 0 189 -25 169 -78 -128 72 -139 -30 290 0 -343 -82 280 269 -128 0 0 345 -165 0 0 0 123 68 -67 154 -60 0 -71 -200
0 0 -16 294 -12 299 -113 0 -120 308 0 -110 -61 0 -89 0 -69 -125 0 -4 0 0 -46 -55 0 0 -49 0 -114 322 -108 -49 -7 -113 -82 -94 348 -51 -35 -63 -20 -97 -112 351 -42 305 -70 -9 0 -10 78 -72 -91 -104 263 -162 0 37 179 -151 0 -111 0 0 -107 -106 0 297 -28 -80 0 -111 -155 0 0 -100 84 0 -165 -28 -95 0 -125 135 0 0 0 -43 -189 -123 -83 0 -92 0 -58 0
43 -79 -83 -32 0 0 -84 0 226 362 164 472 234 346 0 -55 -121 0 -105 0 -86 220 0 -93 121 -39 323 -154 -48 -78 0 270 -75 160 283 0 0 0 179 232 0 -8 89 0 249 -55 -211 -44 -220 218 -33 0 162 244 0 0 -98 90 0 259 0 -109 -41 0 -205 -180 320 371 475 -7 0 -81 -148 -117 163 -146 -155 -128 0 -54 0 0 -185 361 -360 -140 0 141 0 0 -74 -141 0 -101 0 -126
155 -56 0 -24 -99 -64 0 0 -112 -89 -30 -18 -96 -5 385 -97 0 0 -54 -54 119 -153 0 -8 0 -28 -234 -156 -92 -111 0 0 112 -11 0 -66 -60 -112 -72 455 130 -169 -47 73 298 -100 498 331 -150 0 -118 259 0 -10 -93 413 0 103 -52 0 -136 -146 0 0 0 -135 0 -1 -122 0 -121 0 -78 -284 -99 -153 -103 -53 0 -122 0 -71 0 -109 69 290 -101 -238 426 -158 0 110 39 0 0 252
-117 309 -77 0 -216 0 0 -41 0 -20 -50 163 -166 -91 457 -89 -85 -90 -83 159 0 12 -25 -107 -242 480 -40 -98 -47 -122 0 0 -27 0 234 0 0 -46 -78 0 -65 0 -119 -89 249 -24 -40 214 241 86 -198 -51 451 198 -65 -234 266 -90 -43 178 399 -20 -244 -6 -86 0 0 -100 -138 0 -36 292 0 0 -95 -96 0 -80 -99 -59 -38 -16 -159 0 -92 0 -94 0 0 -76 -89 -101 -33 -255 160 0
0 -94 -53 204 -216 -42 563 -180 -60 -16 0 48 0 -214 -93 -28 0 17 215 217 -249 0 -99 -153 -118 0 -132 0 -64 -45 -3 -126 -48 -112 -256 -5 0 -1 -151 0 20 0 -45 0 -95 -87 -112 0 0 395 -111 46 0 -20 0 -100 -89 0 -16 -105 -91 -48 -86 258 85 -14 -113 0 -16 0 132 212 0 -112 193 263 -172 -109 524 -89 0 291 -144 14 260 0 20 43 -20 -47 -38 0 -48 0 14 -260
-152 0 0 327 278 -72 276 -155 0 0 0 -128 0 -6 144 -91 -32 -93 -59 -160 0 0 337 46 -115 -113 -14 -13 190 -5 -105 -186 -27 84 181 191 -80 -122 -62 0 -112 0 127 -83 -106 -30 -27 -112 63 -57 0 -28 0 207 -52 0 40 221 -35 -69 -264 676 -18 -140 0 144 308 -62 0 0 0 49 0 0 -189 -130 -238 0 189 0 26 -83 -188 0 -86 485 0 0 -79 179 0 -114 0 -60 0 -36
0 -142 -125 -143 -64 139 -97 -72 0 0 284 157 -22 354 -3 -84 201 -62 0 0 0 -109 -273 -86 0 54 0 -134 -149 -161 389 595 -154 0 144 -113 425 -32 -91 526 -28 -48 -82 0 0 -68 -23 0 -136 196 -241 92 -14 0 214 0 -12 0 0 -105 0 -53 0 -33 -60 231 -54 104 0 -64 -155 -141 159 75 411 0 -88 -66 -109 0 -9 -39 0 688 156 -74 95 0 -69 297 56 0 0 -7 8 -28
