50 41
97 -373 60 -67 0 -33 -560 93 -246 100 -86 243 -120 -174 -408 0 105 -318 795 0 71 -72 337 -253 -379 -133 -33 -21 -131 -221 270 181 -169 505 -256 -1000 0 -618 0 321 168
-311 0 0 -391 -120 -107 508 -407 -183 0 326 -144 127 -296 434 267 213 -33 -904 -406 -265 -649 318 -105 0 11 208 142 -367 336 841 83 -352 -546 128 -463 70 0 -430 516 353
-20 261 411 -405 -885 311 -151 266 0 276 -301 0 -1000 -582 577 -59 -379 46 809 146 0 -524 149 -119 336 353 -418 0 -235 -350 -325 295 0 222 -516 -124 -243 910 -456 108 138
-322 0 123 0 -389 0 0 261 758 434 -33 41 96 -574 45 1000 392 14 120 -498 -195 -61 379 -184 202 -152 536 0 22 -121 -311 -353 -327 364 -278 160 -261 -260 -289 478 388
0 -275 -173 653 -10 424 99 0 0 -141 555 -152 -221 482 -475 -238 0 -113 514 385 -420 -779 479 -713 582 -128 333 -43 -217 350 -102 974 -67 76 496 0 579 0 0 -219 17
449 743 625 166 164 0 0 73 -253 102 272 0 -175 386 240 -196 -649 -536 0 -380 0 443 805 -159 0 -569 763 534 275 0 -353 -578 11 -650 -305 107 -885 419 -152 0 133
289 389 152 283 0 54 156 -142 -186 -352 165 -705 -562 -71 -98 270 -574 -504 0 80 394 312 -202 -144 316 688 0 -7 -21 -295 294 -325 -605 -35 0 -173 0 317 91 -330 -172
302 -300 127 -345 -242 343 64 401 963 198 -208 327 342 144 110 315 232 518 -342 194 -251 386 0 0 414 275 50 194 -68 -820 -229 590 534 147 12 -134 0 -398 0 -107 852
-1 -48 503 -83 -504 0 247 -96 0 -551 -363 -192 -102 926 193 -87 -133 -329 614 -217 905 -346 -497 -99 366 -308 -94 -552 45 97 12 0 -245 -28 241 743 0 0 -24 -246 0
-335 -423 -91 -598 0 0 897 -4 228 -94 -327 386 -53 -405 -140 635 0 -177 -256 -447 -701 33 -224 -595 181 225 0 -193 -277 100 0 290 -289 285 72 336 -405 -161 -124 217 805
163 -122 -345 -286 -283 396 0 188 -96 137 290 181 6 -107 -189 333 281 -408 12 -199 336 471 73 0 0 153 0 -12 645 302 -224 0 369 0 -322 347 609 483 -398 -28 666
162 -367 -734 -286 -415 -524 0 0 898 176 571 -521 -56 -36 321 0 -329 0 -264 -54 -319 -183 42 -419 256 -987 96 -395 -51 554 -537 -593 326 41 -1000 -341 84 657 -101 174 0
-247 -259 11 -262 676 -304 -133 415 -340 0 110 -1000 286 -2 86 -14 0 -579 29 0 -259 403 0 0 -233 267 -167 -49 -57 0 -836 0 -454 -168 -262 22 0 -76 0 0 77
-61 -86 -343 -628 351 41 707 -455 623 96 25 -799 260 675 -190 -127 567 0 -666 337 0 218 267 314 -416 88 0 56 117 27 -191 -9 -44 -906 -158 265 0 188 -296 68 -106
22 0 0 0 -558 -284 478 0 221 189 -470 -584 -167 -404 213 0 -17 -209 -149 -54 -256 -307 -116 -523 -690 -537 -45 -80 0 -668 699 -746 857 -316 -3 0 -180 0 0 222 -598
-485 -535 87 399 -723 360 -202 -439 -410 224 -104 0 37 -350 348 -485 -500 -456 -187 -17 311 0 -347 95 -112 171 -388 -103 439 0 -156 -122 228 237 138 -309 1000 138 -203 -571 265
-447 -615 -915 -206 0 0 -558 108 63 -146 -317 -361 -739 -222 0 -133 -978 -106 327 -225 -102 -93 -241 377 852 450 372 -284 -390 194 421 613 0 490 -375 -78 311 249 -258 -346 -255
-156 -131 250 -346 -183 -306 38 33 0 -347 87 907 314 369 -2 341 397 162 248 -529 -430 -168 -267 0 356 -289 0 -317 -607 0 0 -961 292 -952 -104 -56 -311 0 -244 108 -408
0 227 -252 -408 -34 -775 38 -167 970 503 369 437 75 417 599 -561 448 -51 -365 268 -12 -287 0 -268 28 -183 506 174 -37 689 -53 -178 242 687 233 0 75 542 83 571 143
284 129 200 183 -62 352 550 -303 187 73 182 42 101 227 -379 -292 -390 -408 0 0 75 -217 318 166 -261 724 436 0 -767 340 348 598 40 -277 617 0 41 399 96 -358 -208
-666 571 10 -633 1000 -369 -53 -39 285 -10 784 0 106 -270 265 487 -94 -281 0 -664 262 371 312 257 -29 82 0 699 -196 -168 0 -126 428 -444 0 -193 -100 62 -66 0 -389
46 -132 0 294 212 -33 157 328 -178 -71 0 359 -142 272 687 0 -940 -273 160 -8 0 -113 0 0 302 348 42 0 567 -435 -339 -183 0 -274 0 526 291 107 19 -101 0
0 -145 636 0 54 271 -64 0 -314 0 -212 -509 -309 475 166 0 -385 194 200 264 246 0 866 -453 107 -404 -484 65 -211 -84 111 495 569 174 311 -696 0 403 138 415 1000
587 -51 -771 257 -31 -185 -247 249 202 -346 -96 282 -351 67 262 -267 312 -110 87 -942 -344 -155 118 502 -151 0 -154 -195 -104 597 0 -166 -1000 -252 -346 329 -74 0 169 313 -1000
-516 101 -70 0 0 219 -18 0 -845 53 125 -158 -68 118 712 222 813 -359 363 -82 -937 -315 0 -363 -165 553 -737 -583 175 359 153 0 838 -325 -404 87 585 0 -428 -146 -1000
529 386 673 -443 -372 0 -293 -170 0 -283 0 176 226 1000 -307 120 179 -507 489 394 -417 -190 0 277 0 -65 0 57 -486 299 -501 -285 -817 270 -60 -873 -150 534 0 0 -16
179 -270 291 95 190 -989 139 0 -6 -311 437 475 -69 -548 -289 349 0 56 622 322 281 397 529 292 -192 0 168 -677 -138 -248 -128 346 -128 111 0 62 106 0 0 199 -167
1000 -327 227 653 -782 346 0 0 343 -258 0 -121 -626 0 0 -198 -214 325 0 -28 0 -282 -206 -62 -304 151 -29 -53 0 258 -2 -236 302 -353 -674 377 597 -312 -92 0 792
-58 150 573 -543 501 323 225 -288 -653 -373 -452 766 82 0 0 117 -421 -345 0 326 0 -323 323 0 348 0 -683 -284 -336 341 0 -595 -657 0 -173 231 0 -90 1000 0 248
168 0 235 -399 144 -144 -265 324 721 -485 -173 14 -118 100 -127 0 495 -625 0 -345 188 -351 -250 638 451 -319 -239 0 -458 313 197 -368 818 0 362 568 0 128 58 -132 -133
-687 -367 0 0 -530 415 -15 980 -350 -40 0 -568 -397 -38 -320 158 -278 107 -309 -243 403 -502 -90 34 -131 -321 -174 -25 0 636 228 -427 -11 545 -429 110 202 0 -311 -225 -82
231 -93 -574 407 -159 -323 311 916 0 933 36 -120 258 0 325 -83 242 231 0 -325 -373 63 256 214 -238 -422 -640 457 -230 -179 0 131 214 0 52 -62 -19 375 -359 -346 331
-31 -204 -232 -605 -165 0 -140 524 0 -372 0 0 0 -460 0 86 354 524 -498 -647 -361 20 215 292 730 -647 -15 -167 0 -242 0 -169 285 330 487 -599 0 57 634 0 0
270 415 0 24 335 592 0 179 -583 -309 340 -262 212 -333 0 67 -283 -138 -348 450 380 -147 -46 -804 280 333 -45 0 217 130 -85 -31 -447 -290 220 446 182 -392 111 94 0
125 0 0 0 -67 0 -414 0 -460 130 -386 0 0 401 -248 99 -140 0 391 -365 -697 38 -26 255 -255 414 91 -113 -200 397 242 -46 122 0 -270 0 496 -433 380 -308 -301
359 27 616 -250 215 -618 -160 -317 533 -684 0 778 -272 138 81 -37 74 -406 186 -395 69 202 -525 -240 171 -578 -274 -401 -364 230 -298 -177 11 379 0 0 -249 121 -523 0 -105
-142 12 -53 -128 -251 -97 674 -39 109 100 461 0 -329 248 82 -9 -613 349 98 266 -502 -621 -275 0 295 81 177 618 0 -174 169 -328 -302 627 -174 -411 -821 -350 -409 -517 249
-194 631 0 -144 -372 -65 0 478 0 0 0 366 -19 0 134 0 389 411 -187 461 228 -363 -380 -306 291 403 -299 172 101 -4 0 -144 -346 -223 257 -259 -220 12 -223 -480 400
-266 -374 -698 -345 163 678 644 -386 -99 108 353 -494 0 0 -798 460 -397 -138 -190 -229 -340 141 762 -344 21 235 254 339 0 -55 -682 -256 0 0 0 353 -165 512 347 -208 553
-115 76 400 0 0 -167 0 793 -689 669 1000 0 335 83 399 316 42 -57 0 -753 -319 818 253 -579 -37 52 -574 0 -275 122 85 0 0 -51 258 58 -758 440 116 -266 -413
241 334 0 -72 -253 306 -207 142 0 0 -672 472 -387 0 -38 -399 217 149 -309 20 0 820 419 507 -195 -594 169 0 0 41 0 98 -200 136 108 290 107 -191 878 0 0
237 -270 86 -150 46 555 -280 234 -243 0 127 127 175 -389 181 -947 -833 452 1000 610 0 261 -272 0 -542 -118 224 -291 -486 357 -372 -360 -89 -85 0 557 348 144 0 -65 60
564 -369 -152 281 123 -275 126 0 -403 -123 -76 1000 568 75 0 -397 -407 -91 -214 -379 140 -453 -8 68 0 -578 -748 0 327 -751 302 189 0 -280 264 0 673 56 119 -138 217
362 254 -62 593 39 -54 -340 -478 -19 -878 267 379 -669 0 -42 0 -76 -381 606 544 -141 -160 0 0 -82 -39 -413 0 -96 -62 -223 -228 599 0 383 46 988 297 0 -198 -37
-489 -405 198 66 -4 -637 79 -160 613 222 0 -524 0 0 -128 -363 -100 0 -423 197 -215 -409 -11 0 116 116 -72 40 321 -468 -243 -205 -262 797 -86 97 843 -308 -18 677 302
-664 103 235 0 0 367 -327 61 -388 419 251 123 -110 109 -412 -169 -573 0 1000 235 91 -192 264 -261 0 -307 86 -161 -300 225 194 172 172 -181 737 -17 432 0 557 286 888
242 0 -269 0 -503 287 -409 -75 29 0 665 -252 -129 -130 -207 234 0 365 659 614 127 277 -128 -270 354 777 128 -241 126 643 -149 0 564 -159 402 -588 132 0 -498 482 672
-202 441 0 -499 -169 769 0 -217 0 -179 -58 -230 230 357 167 -62 -253 0 -373 151 660 0 -601 618 -241 -414 363 645 -66 -115 -202 184 -94 -409 62 316 307 442 -413 98 97
-628 127 574 0 -566 -599 350 469 390 0 -253 0 793 -26 59 -418 0 433 0 383 0 -413 -225 -234 108 0 775 -128 369 0 -301 757 99 -309 0 -160 -158 170 533 329 415
-198 241 1000 -171 304 -586 480 186 8 0 191 363 519 -23 267 239 3 -60 514 -156 523 103 -335 -749 0 -406 -104 196 115 632 118 122 0 -295 -611 199 778 398 -113 0 0
