15 13
245 -13 213 -61 0 162 -2 0 -25 252 -36 -28 -69
0 0 -30 -59 -59 -32 -9 -32 -48 -77 -16 0 -28
0 200 0 -67 279 72 -41 -54 0 155 -16 -59 0
-47 0 331 -34 -80 204 0 0 -46 -12 -48 -60 -31
-8 0 -51 -79 149 0 -133 217 0 -42 0 -86 -9
-48 -40 -47 192 -45 0 0 -8 0 -29 -48 -3 -44
0 0 -39 -72 -71 -59 0 -35 0 0 0 0 0
246 -43 -42 -84 -118 0 -3 -12 0 0 0 -26 0
-29 -38 -26 -51 -41 -109 -63 -36 -40 0 -32 -14 -45
-13 -4 -12 -31 -6 -4 -22 0 -37 0 161 -14 0
298 0 -20 0 -30 -75 208 323 232 0 -63 0 -3
0 0 -39 -28 0 -32 -18 -19 -18 -33 -21 0 -22
0 -33 0 -29 -36 -100 0 0 -33 0 -22 -96 -48
-6 0 0 0 -4 -9 -46 -46 0 0 291 0 0
-41 -68 -4 0 0 0 -89 -29 -20 -20 0 0 -20
