50 44
494 48 -76 -78 -232 -386 45 -270 0 -364 -188 0 -486 0 -230 -112 -138 140 65 -176 -179 -241 -30 0 0 -234 -178 -211 466 404 59 -133 0 0 41 0 202 -519 467 0 61 0 -242 0
91 0 -173 -89 274 -103 -249 -96 -486 -312 136 -516 -199 -188 -101 -181 635 460 -126 217 264 532 -218 -237 -487 -207 -249 0 -10 -54 466 0 0 -10 -64 630 -122 0 127 0 252 -193 0 47
-2 207 0 -377 -82 -93 442 -125 -30 115 -171 -207 -106 -236 -320 517 -10 -78 167 -465 361 -74 0 258 0 -413 -184 487 78 0 0 0 0 -256 0 -216 454 -115 11 -67 223 0 -210 60
216 -179 -90 -169 -257 252 -109 435 469 165 385 -358 274 57 448 236 24 0 -125 -191 -20 0 -28 -92 -149 -265 -179 -346 0 -486 -195 434 -22 196 -123 0 -458 -237 174 -90 -137 0 -510 88
-219 0 0 -12 -127 -119 -424 0 119 0 -165 0 186 176 0 210 -327 -273 -315 282 281 -174 75 0 0 80 173 -90 322 -277 0 -225 93 -202 0 -16 21 -192 -48 -219 0 -300 133 -517
0 0 -508 -67 591 -155 -568 -29 -327 209 24 -283 179 25 -379 0 724 288 23 -250 0 -410 -92 -61 220 -37 128 467 -166 -220 0 -90 -57 -241 0 0 0 0 -236 -94 0 115 248 -250
-15 232 0 -213 388 -334 0 47 0 164 -71 0 353 565 -201 0 -107 217 -110 -233 -314 239 0 -68 197 -175 232 229 -191 -216 386 623 84 -191 416 -436 -226 -218 0 -232 -115 -519 522 -70
329 11 0 -67 259 -83 0 -22 0 -167 -54 0 -11 208 75 -54 -621 77 229 -353 -173 0 0 -72 5 -467 -279 -55 499 157 714 0 183 220 142 -129 -86 -178 -8 -123 255 0 0 0
130 286 449 187 -102 -165 0 211 -147 0 74 -167 -599 0 212 -45 0 -223 -50 -33 0 183 0 -61 -437 0 -311 -150 -211 0 230 -62 -323 -133 168 68 0 256 223 0 178 23 -49 0
342 0 -177 -147 -278 -13 -96 0 -405 286 0 -182 0 529 -341 -160 -198 -152 9 322 0 -272 43 -235 -66 -51 -248 113 -194 507 220 78 8 -158 5 227 0 -20 -152 688 172 429 -42 -447
-180 327 -41 176 78 101 0 -278 0 34 -246 212 -197 0 -130 104 480 -114 -214 -76 -23 0 0 -43 -124 237 0 0 -22 614 304 0 -98 -316 -353 -127 0 -348 -196 -59 381 418 -8 -19
43 -136 -616 183 86 0 0 140 -260 0 17 0 -13 0 -98 234 0 331 -180 562 -323 -469 0 105 -280 632 -318 72 144 -96 0 509 0 -429 0 -234 0 176 -173 -193 -265 0 0 113
374 -226 -111 362 -264 181 -49 -283 0 355 -293 37 -30 -166 -24 349 147 509 113 -218 44 -457 97 -249 0 726 -134 -82 513 116 165 -106 -195 516 1 -44 -168 45 0 67 337 -296 -96 -395
220 138 -133 -125 -73 -417 320 -297 -300 -23 -330 -75 0 730 121 280 0 511 -133 -453 -140 0 -349 -204 -57 -171 -111 -64 0 0 147 0 -93 -158 257 -229 626 672 54 157 0 -203 -226 149
0 0 -115 0 0 -118 725 -220 94 -178 0 -255 -174 -215 0 -232 585 491 -235 144 616 148 -3 -250 -385 -182 0 -101 -73 -279 0 6 209 -370 194 0 0 -225 -103 -154 198 0 -178 -131
-199 -155 -55 -141 -166 125 -183 -232 -157 69 204 -32 -130 -5 -159 213 -361 86 -7 409 275 0 0 -111 0 -771 654 0 30 -115 -192 -58 0 0 -3 61 320 0 -220 0 -207 -274 -46 0
83 -294 -84 -763 -227 -125 -206 422 389 -607 87 477 -140 0 -367 0 967 0 199 -59 642 -277 -151 -239 401 304 -150 -247 -221 -101 -22 -145 561 132 -77 -3 -150 207 -198 -29 0 326 -196 171
41 292 -138 -337 3 417 0 -53 9 -524 83 -100 0 18 -22 0 0 -370 -341 -35 337 0 -103 0 -22 -184 -331 -34 0 0 0 -250 0 -27 -159 -187 -148 -18 0 -150 -72 0 22 -51
-24 -20 0 0 0 29 0 -118 0 0 -72 88 0 154 0 -82 -66 -392 0 -166 254 -108 -98 183 -307 0 -193 121 74 0 0 -198 -323 -136 -360 -404 -290 324 -316 -155 29 -140 562 -184
-466 -289 178 -166 438 0 -183 0 -155 0 381 0 -288 332 -440 0 395 97 -10 133 402 -324 -71 705 -10 -410 -232 414 0 -100 -21 367 0 340 62 -67 -365 -52 0 0 171 -2 0 409
215 -390 40 -374 -110 -249 328 0 0 208 -21 -159 637 -214 -209 -114 -174 -230 114 0 377 450 -1 -88 552 313 0 0 460 445 72 0 0 -3 0 -221 -150 0 -192 -10 348 0 36 -265
216 64 0 100 0 -124 234 -484 297 -213 296 -150 274 585 89 -61 3 380 276 -671 0 -231 0 -180 -14 0 0 162 -182 0 342 -248 4 961 -96 -384 0 0 -107 8 0 -101 377 27
-404 204 0 -108 183 341 18 37 80 -158 -222 0 -47 -43 649 -22 116 195 -195 273 394 0 265 -194 310 -98 4 -98 -76 -43 0 0 -177 219 95 103 0 27 -261 395 0 -2 852 254
116 -344 -241 -267 0 268 -261 514 -134 0 -356 243 0 -91 -121 -96 -66 -224 -205 -28 214 10 0 494 -75 0 -198 0 0 -391 -46 -247 0 0 326 -100 0 -182 157 0 -297 456 -17 -111
-60 -168 -140 -416 0 -142 302 -176 -11 -41 -75 -117 0 -575 250 -120 0 139 -207 0 0 1 0 -46 -103 -198 0 -151 -210 -239 -200 -382 0 333 -30 -80 719 -135 0 185 -115 -54 97 -230
103 66 0 -130 -59 -17 -45 0 -144 -65 0 1000 304 250 429 117 -108 -246 354 -109 -80 0 -35 0 -24 -520 -398 0 357 184 0 -222 0 0 0 -344 -229 -430 -147 -162 -41 -57 0 395
-80 168 -79 -198 0 290 -106 236 0 0 -84 66 -496 -125 -410 22 -197 733 -54 230 210 -196 0 440 382 223 -8 598 -249 0 -73 0 -214 0 0 91 651 -2 365 -288 -55 7 481 243
37 -62 499 -297 0 -179 -120 155 -582 234 0 -159 -209 -341 243 -266 -227 -50 771 38 210 589 580 0 -288 -154 -58 291 -178 -505 0 -138 755 0 534 17 -94 0 0 74 93 0 -302 -183
357 287 -35 -173 0 -112 -173 -103 -260 -152 48 -312 -88 -566 -371 -267 -243 0 -102 -85 89 0 0 164 351 -94 274 189 -409 182 -103 -68 16 -174 153 554 -179 -56 -250 178 -187 -94 -274 0
-65 0 633 -48 -131 118 480 -145 -372 150 -97 370 -378 -43 159 -477 -30 -18 -13 -341 0 -205 0 -439 -229 0 0 506 19 -49 0 305 169 -44 140 0 -185 344 -203 828 -34 -341 6 119
0 278 -246 0 -334 0 46 0 0 201 8 0 218 -304 -53 621 -234 -136 61 -41 193 -208 0 -85 563 670 73 -151 158 158 61 -146 0 -106 443 -50 4 142 -168 252 495 0 -218 -367
0 383 -114 -143 145 120 -282 614 0 0 350 158 0 0 304 325 -135 0 0 84 -142 765 351 268 0 0 388 -44 -146 232 -294 472 0 -144 0 -34 -100 132 487 396 596 -153 484 -43
-8 74 -101 703 189 -59 0 -161 -221 -376 69 -71 0 129 644 0 364 -411 -104 172 206 475 603 0 -95 -20 420 -99 0 0 -49 -392 162 178 -13 0 -329 -400 -7 -5 0 -157 -204 415
384 0 0 32 280 -82 0 -218 -1 -652 253 373 0 331 -54 231 0 -82 -267 0 160 182 0 -29 471 316 0 47 -45 -247 187 138 -1 321 247 -261 -150 0 -460 -82 -128 180 0 0
-206 0 31 -575 -182 0 0 71 -210 -132 -186 90 -396 -32 7 7 185 235 -115 -229 425 -216 0 115 -75 0 -130 -200 -241 531 470 -172 -165 386 -189 -217 -270 494 -72 133 311 -28 -228 0
196 101 598 0 75 -225 3 105 0 0 0 621 0 -87 0 0 691 -375 163 0 -144 173 -80 -79 0 -242 94 -212 -186 652 0 -229 -145 -223 138 0 266 190 -7 547 0 -239 -278 -337
102 -128 -7 -265 0 115 0 0 416 -59 -455 -156 0 625 -394 46 -425 433 747 -144 560 -144 -213 0 260 263 322 -774 477 34 -42 0 -216 -472 -199 0 0 434 312 -206 -185 -233 -130 16
-165 -216 -107 -28 128 -22 326 100 -500 323 -174 -9 -173 -225 -23 0 -113 0 143 0 173 0 1 139 0 143 0 -14 511 -34 -480 -249 0 19 351 199 246 -402 143 -176 0 -222 -102 746
-317 0 790 -31 0 -38 0 0 700 303 -61 349 0 0 -620 0 0 -77 0 0 0 -93 -194 -321 88 430 -15 -172 60 0 -201 123 -457 -24 -310 -578 0 440 0 -320 -156 459 -218 -116
0 -222 -38 0 -143 38 -26 195 -237 -523 202 0 0 722 0 0 -132 -238 -223 110 0 252 0 241 31 0 -181 -328 0 0 0 24 0 -165 -487 -402 -72 0 70 277 -275 -242 448 153
-191 -52 378 -40 -162 -237 263 -179 209 -223 -614 -183 -117 -85 749 -5 331 -179 -132 -680 -43 0 10 0 -178 94 -45 225 -404 12 -195 189 -119 0 354 -52 0 -319 -17 0 -225 159 -89 70
-283 -158 5 -124 173 -133 432 -572 0 -281 61 -41 177 -203 -102 0 18 0 0 -72 350 -226 -100 -465 0 50 245 0 -274 -11 0 -182 0 -89 -231 0 -13 -232 -396 -91 -147 -222 -297 0
-205 243 0 -118 220 0 0 -36 403 0 234 78 -281 92 0 233 -250 605 0 766 242 -146 0 263 -137 -90 445 0 -374 288 -100 0 373 71 -143 128 379 0 -46 74 -175 -53 -14 320
40 490 0 95 -199 -251 -54 0 143 -122 245 383 0 0 0 0 -15 23 364 523 -333 -236 0 128 -168 -127 -131 -157 0 0 -35 0 253 -128 -35 412 122 -98 0 52 -116 67 0 -46
-132 274 0 100 47 305 188 0 -18 616 -2 -3 216 0 -128 -233 251 0 0 0 -340 371 -74 0 0 251 -207 -275 48 -5 0 117 0 -341 0 -555 134 -215 0 315 122 0 -160 -55
-147 153 124 -394 191 -60 -179 0 331 -82 0 -312 -58 -199 -127 -28 299 -80 111 0 44 39 0 -171 -214 113 -280 0 -574 -48 -250 0 -5 0 367 -205 370 -200 47 0 348 -35 -127 516
0 -173 216 -408 -261 405 -240 -164 -244 -391 456 0 -66 -32 217 428 188 -3 0 102 -92 -63 -646 65 -49 -192 -130 555 -167 -242 -216 -77 226 -281 -59 -216 -166 0 399 20 0 238 -165 113
0 -167 -93 296 -197 690 304 0 -228 0 76 0 -28 9 -67 -159 -401 499 -134 -128 328 -69 -201 249 -9 -60 187 -86 -337 -228 -14 402 -300 281 -338 0 -151 0 87 -300 0 -373 -1 0
-158 235 95 -365 74 -3 61 137 -60 0 161 -248 -340 363 82 -458 363 393 270 140 211 -86 -72 0 464 0 -368 -136 0 0 -189 -50 0 0 73 -11 213 -131 155 0 -187 -190 -91 -112
-165 -45 -181 -75 167 0 -105 0 0 -89 38 -133 0 329 -143 595 0 107 0 0 -381 7 -143 -134 -38 0 0 263 -41 0 414 -218 336 246 -233 122 70 267 0 175 0 179 0 166
