20 18
334 0 -47 -37 0 0 0 0 0 0 0 0 0 -80 -48 0 -50 -71
0 -73 -58 284 0 -20 -55 -38 -11 -23 0 264 0 207 -35 -39 -40 -11
0 53 -12 0 0 302 0 0 -3 229 -9 -30 -72 -50 -34 -7 -30 0
0 -19 0 0 -9 0 -37 -131 0 0 -41 0 -26 0 -51 -103 255 170
-84 131 501 239 -35 -18 -78 0 0 -5 218 -17 -55 -49 -20 0 24 0
0 0 -37 0 -41 0 -6 0 -87 -28 -16 -40 0 0 231 -6 -18 -38
-46 0 -46 0 -8 32 0 -42 -54 0 -78 320 -23 -9 -18 -46 -13 0
-49 -21 -16 -136 0 -31 241 279 0 -86 -47 -21 -51 -32 -48 0 -22 -75
0 0 232 0 -27 -40 -33 -21 0 -8 -38 -39 0 -100 -57 -8 0 0
-29 0 -74 0 -61 0 191 0 259 -20 -26 -44 0 0 -24 0 -34 121
-34 0 278 -48 -5 -31 0 -29 -20 -33 -38 -39 -96 -23 0 -41 0 -21
0 0 -61 -45 -73 -3 208 0 -80 0 306 -1 -8 319 -49 -29 0 0
0 -109 -120 18 0 -40 -13 0 0 -45 0 -33 -23 -44 -26 -54 0 -94
0 234 -29 0 -54 -2 -43 -76 -15 -30 -33 0 0 -2 0 -6 -10 -8
0 -56 0 -58 0 0 -89 0 -22 -33 -22 -16 -54 0 -81 0 -24 -17
-26 0 -20 0 -49 -20 -28 -8 0 -29 -37 -30 -31 -33 -33 0 -29 -47
-40 -95 -46 0 0 0 0 0 -24 -13 -57 0 0 -42 -58 179 0 -19
0 0 -68 0 0 -49 -47 0 0 -34 27 -10 -50 -5 -44 141 -7 226
0 -24 -2 -41 -21 0 -46 -46 -78 0 0 336 0 0 -58 174 -17 -34
-43 0 -62 -49 -12 0 -33 0 -75 0 -32 0 -20 292 -24 0 -28 -15
