35 33
465 -217 -305 234 252 646 0 15 59 131 -3 0 639 -573 0 -229 117 -651 -50 88 -196 424 191 0 626 -82 -213 -4 156 -159 48 -121 380
182 352 -184 0 128 -342 605 277 46 -22 0 10 74 227 0 -290 -254 586 0 236 0 136 363 354 73 312 -110 706 -189 0 287 -194 92
-205 -220 46 0 -163 290 0 -150 0 -56 -57 -615 245 -139 -15 0 210 -504 0 106 -140 245 -120 0 -20 0 -115 0 713 3 131 -189 -162
-79 337 0 0 -137 0 0 698 -164 0 -33 -205 306 -343 -187 -122 644 337 0 0 -90 -23 -195 39 23 50 -314 0 0 110 -40 -81 471
0 0 -167 -100 0 161 -22 -27 548 103 -296 0 -53 0 0 0 -81 0 0 57 -267 0 -478 0 -205 -131 -91 144 -282 91 0 0 252
0 0 0 372 -107 -331 -264 0 -56 0 -173 0 -115 -533 36 0 294 292 263 0 -178 0 42 -173 98 -94 389 -38 0 -52 320 -146 264
97 562 0 0 -472 0 -163 -799 0 151 -19 143 -44 0 201 -55 -313 -35 -39 0 -293 25 84 -219 -386 -5 -164 117 -59 231 176 -111 -221
-88 -67 309 204 -51 49 -397 245 0 -246 0 -134 388 0 363 -208 -177 -383 -126 -143 16 -24 0 223 -295 205 -25 -170 0 0 0 -355 53
0 -84 241 -136 221 -326 0 158 -232 -243 0 -188 245 0 -387 -21 0 -79 -88 33 139 112 0 -76 0 -190 -544 277 -200 87 323 385 381
353 -297 -61 -267 66 -359 -223 271 171 -232 -426 -3 -130 0 0 13 -266 0 -537 950 -5 134 -84 104 100 5 0 -192 -146 -108 409 222 0
-81 0 208 -161 -244 0 -328 454 -112 -437 146 -93 613 0 -232 0 193 0 64 0 -235 0 268 0 -179 551 -104 0 46 -62 241 0 -82
0 90 135 0 -238 159 -451 -178 0 285 54 -218 0 -104 20 -390 -264 -67 0 -157 -264 103 0 -178 -115 -184 -128 -248 190 0 -179 0 206
-67 0 163 -144 0 -224 0 -237 0 -245 0 -47 0 -429 -357 -265 428 68 194 -203 181 178 -47 439 0 -228 167 41 342 -103 0 -26 -134
-166 -15 -279 172 -118 0 428 488 -100 297 0 0 442 -192 -147 342 -116 347 -16 -20 -49 203 0 -240 -537 0 -234 -163 -204 -37 0 -29 -312
265 542 -207 -370 -123 0 -326 -252 -195 226 0 0 -234 432 0 -40 0 0 0 787 356 0 -222 -207 -729 -131 7 -389 -59 -537 -145 154 183
635 0 510 894 0 394 192 -225 0 -139 -234 218 567 710 -131 186 0 174 0 -52 -128 4 -293 -87 -29 63 -479 -191 -150 -101 157 0 -12
-211 0 -172 234 -16 -344 239 39 249 0 -127 -122 0 -125 -96 -355 -207 385 54 106 367 122 -193 0 354 0 -158 -117 -613 302 -16 -191 -161
0 -226 -40 0 100 -279 -218 0 353 0 0 12 -356 92 -150 574 127 -138 286 0 0 0 -246 -103 0 -41 421 -88 -38 -146 -161 70 479
-301 -115 -446 233 -144 40 0 -238 0 0 -44 -218 186 0 117 0 60 36 732 258 -175 -281 0 -51 -40 -286 -111 -165 237 376 -70 0 0
350 0 -45 342 0 150 0 1 0 78 -58 417 313 420 -141 -120 -26 -169 120 0 165 0 -2 -281 227 745 -344 90 -124 -233 -81 -289 59
-201 452 98 288 49 0 -89 -248 0 -185 157 -49 92 0 163 -407 0 -258 197 -211 -270 127 168 -241 -290 40 -119 0 103 275 698 -459 0
180 0 137 0 -58 -225 -230 0 -90 -47 -35 -2 -88 0 -416 337 0 -502 -32 -346 366 14 -299 95 660 436 -100 549 0 -76 0 0 -392
-116 -454 320 -302 645 -276 -54 -189 72 0 0 176 0 -59 286 -90 539 116 -295 371 -281 -231 -25 -124 10 0 -237 633 -68 -120 113 0 125
-152 -146 -32 0 -167 0 -125 -375 311 0 9 614 458 -201 -54 0 -489 92 97 -434 6 -305 -135 -245 -271 666 -143 0 0 95 211 -202 -74
-159 381 0 528 -269 -22 -191 0 -228 -181 0 459 82 -165 -213 255 -155 -110 -319 -77 134 -51 -48 -456 -508 171 120 -44 649 245 693 148 -227
-50 226 -325 -133 349 -119 -122 109 -208 0 0 -323 73 129 0 -83 0 11 472 -73 298 -211 -184 108 0 1 -678 0 -246 -18 -8 -104 0
-104 0 440 273 -244 39 -228 502 0 -190 0 418 0 268 0 290 -238 51 -398 -324 0 -296 -164 -210 80 -46 -24 174 0 282 -44 -393 603
27 540 0 -57 704 286 0 -154 0 0 328 -416 162 0 -157 821 0 -200 -74 -177 284 -233 -196 0 -85 -630 0 -279 -568 251 -65 -69 -226
-86 -108 -204 -18 -29 -150 363 -225 0 73 26 0 152 149 -99 0 47 201 23 429 241 -270 -53 148 0 -236 248 -494 -174 139 231 191 0
-462 0 -219 -173 -129 222 0 391 472 0 -41 95 0 -39 624 -187 -245 -12 0 -40 0 178 187 -137 -319 -466 -97 -296 -5 -215 -151 74 266
-17 -150 723 -416 -85 0 123 183 -236 321 -190 164 0 227 -381 406 -182 -228 183 -359 -197 0 0 0 -139 0 -188 -236 -15 190 -228 182 33
253 257 0 0 26 -214 -231 -415 -152 -81 0 -150 0 234 265 -90 0 -626 -161 5 281 -140 214 0 -211 -81 -210 0 -249 207 0 -394 0
-107 -164 -272 0 314 245 -324 -78 0 105 -561 242 63 667 857 -468 0 -205 -23 -74 -189 -162 227 -210 242 -110 167 174 521 -42 -100 0 -172
384 -214 0 0 -27 -64 1000 0 0 626 -227 -335 0 -80 -141 -242 -172 486 46 -238 649 -349 -146 195 194 300 -15 14 0 428 407 -58 -590
-194 -53 -187 -98 -366 342 -178 -181 0 -238 396 0 408 -77 -277 206 -49 -139 887 443 -19 0 249 -377 0 0 113 0 76 -69 -16 -164 -74
