50 43
0 -2 0 -6 -21 279 -31 -22 -12 0 0 -14 -20 0 0 0 -32 -10 0 -21 -24 0 0 0 -3 -30 261 0 -22 0 0 -12 0 269 0 310 -16 0 -16 -55 414 -21 0
0 -29 -1 -25 -23 0 -9 -9 -24 -15 -22 223 112 -5 -14 -17 -3 -16 -38 -66 -7 -11 0 -9 0 0 -8 -5 -18 0 0 0 -2 -19 0 -17 0 -11 0 0 0 -9 -19
148 -9 -24 -29 -24 0 0 -22 0 -43 -19 -21 -43 0 -30 0 0 -7 -13 -5 0 -29 0 0 -11 0 196 -5 -3 0 0 -21 0 -10 -8 -12 -1 -59 -23 -6 -9 -47 0
-62 0 -21 -11 -21 -11 0 -43 -26 -12 0 0 0 -14 -5 -33 -22 -30 -12 -18 0 -31 0 -20 0 -13 -36 -18 -13 -6 -28 -29 -9 0 0 -2 -32 -4 0 0 0 -3 0
-5 0 -33 -16 -1 -8 0 0 0 -16 -9 -22 -18 0 0 0 0 -25 0 -36 0 -18 -11 212 0 0 -2 0 -5 0 0 -25 0 -22 -1 -24 0 0 -4 0 0 -4 0
0 0 121 0 -12 0 0 283 -12 0 -1 -43 -8 0 0 -13 -51 -57 -17 -22 -14 0 -17 -18 -14 -25 0 -10 0 -21 0 0 0 0 -9 -17 0 0 -29 -24 -67 0 -23
-27 0 -19 -9 0 -16 -24 262 -13 -28 -2 -17 0 -2 -8 -38 -45 299 -13 0 0 0 -43 -23 -12 -24 0 0 -11 -20 -8 0 -31 -20 -7 -17 0 -33 -37 -32 244 -6 -12
-21 -7 -20 0 0 0 255 -21 281 0 -32 -2 -9 -24 261 329 0 -24 0 -1 -7 0 -23 0 -1 -40 -3 -16 -11 -18 0 -21 249 0 -14 -28 -24 -21 0 0 -27 225 -10
0 -9 0 -11 -32 -37 -20 0 -6 -8 -41 -14 -12 0 -9 0 -17 0 -49 -21 -3 0 0 0 -18 -31 -8 -19 -51 0 0 -9 0 315 0 -11 -12 155 -10 -22 -16 -11 0
-3 0 -5 -30 -24 0 -36 -9 0 -11 -13 -17 0 0 -19 -21 -16 -7 -6 -15 0 153 -14 -9 -23 -11 0 0 0 294 0 -24 -17 0 0 -11 171 -48 -12 -21 -8 -20 0
0 0 -22 -9 -2 -11 -21 -7 -11 -38 -57 -17 0 -3 -14 0 -9 -15 0 -19 0 -14 60 0 -17 -24 0 0 0 259 -17 -3 -26 322 -24 0 -15 -33 -31 -4 0 0 -5
-20 -3 -12 0 0 -14 0 -9 0 -5 -9 -16 0 -18 0 -26 -6 -31 0 -25 0 -30 0 -14 -25 -26 -12 0 242 -19 -21 -14 -57 0 0 -18 -17 -5 -21 -28 -11 0 -14
-13 236 -22 0 0 -7 -21 -9 0 0 0 -22 -12 217 0 -5 -2 -17 -23 0 -4 0 0 -9 0 0 -57 -28 137 0 0 -9 -12 0 -15 -26 -24 -14 0 0 0 -5 0
-6 0 -31 0 0 0 0 -35 0 0 -8 -13 0 -16 -28 -2 -23 0 0 0 -40 -21 -23 -14 -22 -5 -13 -21 -38 -34 -22 0 0 359 0 0 -29 0 -2 0 266 -43 -13
218 -28 -60 -39 -2 0 -36 0 -5 -2 -7 -28 0 0 -26 -34 -2 -31 -33 -15 0 -14 -2 -9 -24 -22 0 0 0 -12 0 0 0 -15 0 -39 0 0 0 -8 -31 0 0
0 0 -23 -4 0 -8 -26 0 334 -31 -29 -12 -14 0 0 -57 0 -28 -19 0 -9 -1 0 234 0 -16 0 -11 -25 -20 -25 -15 -2 0 -18 0 -17 -42 -15 -2 0 -23 0
196 0 -9 -20 -67 0 -42 -23 0 -15 -17 -52 0 0 0 0 -39 0 -11 -25 -31 196 0 -44 -35 260 0 -14 -11 0 -31 -44 0 -39 -6 0 -5 -8 -55 -14 -28 0 0
0 -22 -19 -17 -8 -21 0 0 0 0 0 -11 0 -29 -52 -8 327 -25 0 -17 0 206 -26 -24 -50 -28 0 0 -18 0 0 -21 -17 -16 -24 0 0 -17 0 -22 -20 354 0
-4 -34 -15 0 -25 -24 -18 0 0 -32 -2 -41 0 0 0 0 0 144 0 -8 -17 -4 0 -21 -19 -12 -12 -15 0 0 0 -27 -35 -18 0 -17 -31 -35 0 -44 -59 -39 0
-3 -24 -25 0 0 0 0 0 -15 -21 0 -25 -30 -5 -18 -11 -41 -31 0 -7 0 -15 -25 -23 -20 0 0 0 0 -9 -46 -45 -20 0 -14 0 -18 -21 -26 0 0 -18 -2
-14 -24 -38 -5 -12 -18 -17 0 -9 0 0 0 0 0 0 -11 -55 0 -26 -6 0 -24 0 -24 -17 -1 0 -13 -12 -21 -22 0 0 0 -7 -23 -60 -36 0 0 0 -26 0
-5 -3 0 183 -15 -25 -24 306 -22 -19 0 0 0 -18 -11 0 -10 -34 0 -2 -24 -41 -34 -17 -14 -3 0 -25 -27 -25 248 -35 -4 -8 0 -28 -26 -1 0 -7 -16 257 -19
-42 237 -5 0 -11 -25 -25 -49 0 -23 254 -21 0 -30 -33 -14 -20 0 -17 0 0 -72 -36 -2 -7 0 -14 -23 0 -11 0 0 -21 -9 -22 -12 288 280 0 -16 0 316 -32
-34 0 217 0 -17 -12 0 0 0 -34 0 0 -22 -44 0 -27 0 -25 250 -34 -34 -3 -2 -5 -21 0 -33 -1 0 0 0 0 -34 -26 -42 0 0 -48 -23 -34 -13 -24 -12
0 -39 0 -21 0 0 -21 0 0 -5 0 -18 -19 166 0 -10 -20 -1 -14 -37 -3 0 -25 0 0 -21 -5 -6 -34 -8 0 -13 0 -5 320 181 227 0 0 -7 -14 0 -24
337 -25 250 -3 0 -12 -8 0 0 -15 -14 -58 0 -2 250 -1 -10 0 0 0 0 -32 0 -20 0 0 -4 -20 -3 -19 242 0 0 -12 0 -12 0 -24 -7 -25 -19 0 -7
-44 -17 -9 -21 0 0 0 0 134 0 0 -22 -8 -35 0 -11 -14 -15 -2 -27 -20 -32 -47 -52 -3 182 -9 -8 -9 0 -8 -31 -21 0 0 -5 -18 -13 207 0 0 -10 -24
0 -1 -2 0 -23 -11 -18 -24 -14 272 -7 0 0 -26 0 0 -9 -19 -24 -15 0 -50 -40 -14 0 0 -25 0 -37 -53 -10 -59 0 -4 -17 0 -3 0 -28 -9 -3 -15 -13
0 0 0 0 -34 -7 -2 -19 -1 -24 -23 -14 0 0 -11 -6 -8 -11 -1 -15 -16 -36 -17 -3 276 -2 -25 0 0 -14 0 -26 0 -16 -19 -21 -1 0 -53 0 -7 -25 -17
0 0 -23 289 -37 -13 -10 0 -23 0 -21 -11 0 -18 0 0 -58 0 -23 -22 -1 -11 0 -24 0 -22 -24 -23 -1 -44 0 -45 0 -37 -18 209 0 289 0 0 -25 0 0
-8 0 -30 215 0 -42 -20 0 -1 -10 -50 -19 -25 -5 -10 -5 -15 0 -1 380 -2 -23 -12 -36 -21 -21 0 0 -20 0 0 -12 0 -28 -9 -16 -11 0 0 -21 -19 -13 -26
-26 -4 0 -35 -7 -52 -17 -11 -19 -34 -11 -9 -16 -79 -6 -14 0 -22 -13 -12 0 0 -4 -41 0 0 -21 -18 -26 -10 -8 -22 -27 -3 0 0 0 -15 265 0 0 0 -35
-15 0 -22 -24 -17 0 -19 185 -3 0 -1 -12 -45 -13 0 -8 0 0 280 0 0 -9 0 -48 0 -24 0 -19 -41 -39 0 0 0 0 -5 -22 0 0 0 230 -14 -44 -14
-22 -25 283 -7 -20 -13 -26 -19 -41 0 0 -18 -23 -8 -3 -3 0 -17 350 -11 -30 0 -8 -10 -9 218 0 -43 0 376 -25 -44 -30 -2 0 0 -57 -4 0 -19 0 0 -23
0 0 -21 -1 -3 0 -33 0 0 -46 0 -20 -6 -25 0 0 0 -23 -11 -24 -15 0 -21 0 0 -23 0 -19 0 -25 -19 0 -23 -15 -2 -24 -2 -34 -23 0 0 -35 -1
-20 -25 0 -48 -18 -19 -47 0 0 0 -36 -10 0 0 172 0 0 0 -31 264 -22 -23 -18 0 -43 0 -24 -39 -2 -49 0 -37 -3 -24 -1 -19 -20 0 0 0 0 -17 0
-12 -19 0 0 -36 -60 -51 -26 -39 -6 -59 -17 0 -13 0 0 0 -24 -15 179 214 -22 0 -2 -17 -26 -6 0 -7 289 -6 -26 -25 -25 0 -36 -33 -8 -12 0 -46 -5 0
-7 189 -21 -48 0 0 -21 -29 -31 0 -24 0 0 0 0 -32 -27 0 -24 -8 293 0 -9 -21 -2 -6 -24 0 -5 -19 -12 0 -10 -6 0 -36 0 -30 -28 0 0 -11 -14
-23 -41 -16 0 -4 -9 0 -24 -1 0 -10 -25 -26 -1 -49 -18 0 -2 0 0 -23 -21 -22 0 0 -34 -24 -43 -12 0 -29 0 0 -22 231 -6 -43 0 -16 -29 0 -10 0
-46 -5 -22 -21 -20 -14 0 -21 -11 -15 -42 0 0 -5 -25 -10 -34 -31 0 -19 -23 -44 -21 -60 -22 0 -22 0 -9 -28 0 -13 -16 -43 0 166 -12 294 0 0 0 0 -18
0 0 -18 -2 -35 0 0 0 -20 -20 -18 -18 0 0 -16 -7 230 -13 0 -10 -21 -34 -16 0 -14 0 0 -28 0 -10 216 -25 -14 0 -22 0 -10 -32 307 0 0 -15 -10
-18 -16 0 -14 -9 0 0 -13 0 -36 -20 -21 202 -36 -16 0 0 -3 -32 -18 -4 -40 -17 0 -17 0 0 0 -26 -9 0 -45 0 0 -42 -1 -24 0 -20 -22 0 0 -60
-33 -19 0 -38 -12 0 0 -15 0 0 -51 -27 0 -65 -26 -16 0 -54 -29 0 -22 -38 -20 -29 0 -1 0 -30 0 -23 -47 -39 0 0 -6 0 -27 0 -22 -38 -3 -15 -31
0 -30 0 -20 -25 0 -65 -16 0 -41 -3 -20 0 -8 -13 -15 -22 -2 -10 -21 -28 0 -22 -11 0 316 0 -17 0 0 -30 0 -8 -28 0 -17 0 0 0 0 0 144 -11
-11 0 0 -7 -4 0 -29 -10 0 215 -25 -18 -1 0 -18 0 0 -8 -18 0 -20 0 -29 -18 -24 -45 0 0 -57 0 -11 0 232 0 -24 0 -2 -6 -25 -38 -31 0 -12
-44 -35 -24 0 0 -34 0 -13 0 0 0 -11 0 0 -38 -45 292 -45 -6 0 -17 0 -24 -4 -24 0 -4 -12 0 -17 -12 -18 0 -24 -2 253 -27 -21 0 -48 -38 -16 0
-25 -18 0 -19 0 -5 -17 -24 -18 0 0 0 -29 -7 -17 -11 -13 -8 0 0 309 0 -41 0 -6 0 0 -41 -6 0 0 -28 -8 0 0 -37 0 -33 0 -50 -18 -10 -32
-24 156 -12 -9 -25 0 -32 -62 -22 -48 0 -9 -21 0 0 -60 0 -25 -34 0 0 0 0 -48 -23 0 -6 -7 -49 -55 -13 -52 0 0 0 0 0 0 0 -39 -11 0 0
0 -15 -22 -16 -27 -25 0 -8 -2 -13 -27 -10 -26 0 -12 -18 0 277 0 -12 -16 -35 -28 -24 0 0 0 -7 0 -4 0 301 -12 -23 0 0 0 -12 -38 -39 0 -46 -29
0 -16 -36 -16 268 0 -17 -25 -21 0 -19 -38 0 -29 0 -22 203 -16 -9 0 -14 -16 -35 -47 0 -12 -4 -41 -23 -28 -45 -21 -15 -12 0 -21 -4 0 -16 0 -29 0 0
