75 72
-6 0 -4 -3 -4 234 -10 -14 -14 0 -30 215 -11 0 0 -19 0 -23 0 -16 -23 -46 0 -40 -6 0 -19 0 -24 0 -34 -23 -13 -7 -12 -3 -49 -19 0 -21 0 -17 0 -34 -17 -17 -60 -20 0 -12 -16 -15 0 -35 -24 0 -4 -35 0 295 275 -20 -29 -19 -19 0 -21 342 -3 -19 -31 -4
0 -1 -40 -7 328 0 0 -11 -21 -18 -13 0 0 -21 0 0 -45 -37 -23 -10 0 -15 -9 -25 0 -13 0 0 -68 -1 0 0 0 206 -5 0 0 0 -16 -21 -40 0 -35 -24 0 0 -50 0 0 -16 -4 -16 -19 -19 -36 -18 -20 -42 0 -19 -6 0 -6 0 -18 -19 -16 139 -3 0 -48 0
-24 0 -46 -9 -1 0 -24 -19 291 0 0 0 0 -17 -17 -19 0 -15 -18 0 -19 -24 0 178 0 -4 0 -6 -37 -48 0 -53 0 0 0 0 0 0 -39 -24 -38 0 0 0 -20 -32 -32 0 -38 -38 -24 -30 -14 -24 0 0 0 -14 0 -6 0 -2 0 -13 -10 0 0 -21 -16 0 -1 -22
0 -18 -16 -14 -4 -10 -22 -39 -4 -4 -1 -16 -37 -21 -17 -6 -23 -25 -20 -7 -20 -38 -9 0 0 0 -18 -12 -13 -3 0 0 0 0 -31 -21 0 -32 0 0 0 -34 -14 0 -11 0 0 -13 0 0 0 0 -27 -20 -30 -13 -31 -5 0 -8 -26 -36 -18 0 -7 0 0 0 0 -31 -3 0
-34 -24 -8 0 -21 0 -32 0 0 0 0 0 -5 -18 -23 0 -5 -53 286 -23 0 0 0 0 -33 229 0 -24 -35 242 0 0 0 -47 0 -4 -14 -5 -16 -25 -12 0 -13 -20 0 -56 0 -65 0 -22 211 0 0 -17 -9 0 0 -58 0 0 0 -15 -14 -44 -19 -7 0 0 0 220 -20 -17
0 -11 -22 0 -5 -37 -49 -19 0 -24 -38 -19 0 0 0 -6 0 -6 0 -15 241 0 -23 -24 -28 -13 0 0 0 0 0 -16 -11 -34 -14 0 0 -6 -47 185 -19 -18 0 0 -9 0 271 -32 192 -36 0 0 0 -31 -18 -46 -8 0 -1 -12 -5 0 -8 -7 -6 0 -23 0 214 -24 -2 0
-16 0 -8 -37 -6 -24 -10 -24 0 -23 -35 -22 -16 -10 -6 0 -60 -10 0 -16 -11 0 0 -12 -7 -2 0 0 -18 -47 -12 0 -19 -19 -2 -6 -12 -9 -4 -1 -8 -23 -8 -43 -22 0 -22 -30 -18 -20 0 0 -33 -16 -25 -14 0 -19 -1 -42 -3 0 -23 0 -22 -16 -23 -26 -11 -3 -9 -10
0 0 -34 312 -43 -22 -44 -46 -10 0 0 -20 -12 -23 -46 0 -11 0 -16 -28 -5 -5 -2 223 -4 0 -6 214 -23 -33 0 -5 0 0 -9 -3 0 -4 -11 0 -5 -57 -31 -24 -10 0 -7 -1 0 -27 0 -8 -11 -40 0 -4 -9 -13 -22 -6 -7 -30 0 0 0 -20 -18 -5 0 -33 -6 -21
-28 0 -24 0 -28 0 0 -14 0 -10 0 -20 -11 0 -55 0 -25 0 -45 -11 -2 0 -25 0 0 0 -29 189 0 -1 0 0 0 0 -18 237 234 0 0 -36 0 -1 -19 0 -13 -18 -39 -3 0 0 -18 0 -17 -7 -6 0 -14 0 -5 -4 -27 -20 -19 -30 -18 0 0 0 -10 -30 -44 -29
-6 -1 -29 0 -3 -9 -29 -3 -3 0 -3 -10 0 0 -25 -17 255 -18 -17 0 -27 0 0 0 0 0 -34 -30 -11 -57 -13 -17 0 283 -13 -12 -39 -18 0 179 -15 0 0 -20 0 -7 0 -11 -19 -8 -10 -12 -39 -13 0 -12 159 -14 -1 -66 0 0 0 -16 -46 223 0 -23 0 -41 -20 0
-3 -4 -1 0 0 -23 -23 0 -13 -21 0 0 298 -17 0 0 -25 -18 -22 0 -2 0 -5 0 0 -7 0 -21 -22 -48 -20 0 0 -4 0 -20 -35 348 -25 0 0 -5 0 0 -23 -17 0 -6 0 0 -22 -24 0 -11 -10 0 -22 -17 -53 0 -8 0 -8 0 -24 -27 -4 -10 -11 -12 241 0
-24 -24 -7 0 -9 -20 -4 0 -7 -14 0 0 -14 0 0 -4 -21 0 -2 0 -22 0 -4 -13 0 -24 0 0 -23 -17 -3 0 0 0 -25 0 -3 0 -37 -10 -17 -46 0 -5 -5 -49 -5 -19 0 0 -22 0 -32 175 -8 -7 0 -2 0 -18 -19 -6 258 -14 -62 -3 -31 0 -41 -40 -39 -17
-21 150 -18 285 -7 -31 -42 -33 0 0 317 -18 0 0 0 -2 0 -25 -16 0 -18 0 -10 0 -28 -30 0 0 0 -16 0 -7 0 0 0 0 -44 -23 -36 -49 0 0 0 0 -26 -2 -10 0 -3 0 -21 -20 -36 -20 0 -10 -10 -16 -34 0 -24 -18 -25 0 0 -23 -37 -16 0 426 -12 -10
-11 -44 340 0 0 0 -21 -13 -16 -7 -5 -22 0 -15 0 -44 -1 -30 -9 -46 191 -33 330 -24 -47 -23 0 0 0 -13 0 -36 -22 -17 0 -46 -39 0 0 -5 0 -16 -18 -24 -68 -12 -37 -10 0 -3 -36 -14 -14 -24 -3 -17 0 -33 -20 0 -98 0 -1 0 -5 0 0 -15 -45 -13 -2 -15
0 0 188 -15 0 -37 -15 0 0 0 -18 0 -2 -32 0 0 0 -9 0 -37 -31 0 0 0 -2 -25 0 0 -4 292 -23 -2 -5 0 -6 -24 -15 0 -16 -12 -34 0 -8 -12 0 0 -20 -37 -9 -7 0 -13 -23 0 0 0 -28 0 -20 -12 0 -47 0 -3 -45 0 -41 -5 0 0 -15 -15
-15 0 -19 -17 0 -14 -3 -3 -14 -4 0 -18 -30 -28 0 0 0 -24 -20 0 -12 0 -15 -39 -6 0 0 0 204 -17 0 233 -58 0 0 121 -14 -39 -66 0 370 0 -10 -21 0 0 -3 0 -16 -19 280 -15 0 0 0 0 -28 228 -12 -25 -12 0 0 0 -97 0 -6 -54 0 0 -12 0
-22 0 0 0 0 0 -7 -22 -14 -11 0 -18 0 0 -19 -42 -7 0 -29 -95 0 -6 411 -17 197 -22 -17 298 0 0 -44 278 -17 0 0 0 -17 -39 -28 -45 0 -47 -10 320 -20 288 -22 -19 0 -43 -11 0 216 -44 -23 -21 0 -3 -10 -3 -9 0 0 -42 0 0 -21 -3 -52 -16 0 -33
0 -24 0 0 0 -15 0 -18 -18 -29 0 -13 -20 -13 0 0 0 -2 -40 0 0 -11 -22 -33 0 -1 0 -15 -19 304 -13 0 -16 0 -16 -3 0 0 0 -11 -11 -16 -29 0 0 -20 0 -12 0 -2 -46 0 -4 -4 0 -15 0 -4 0 -12 0 -4 0 -39 -47 -18 141 -24 -27 0 -7 -28
-10 0 0 0 -28 0 -20 0 309 -12 0 0 -24 0 -14 -10 0 -10 -7 0 0 0 -27 0 -44 -52 -22 -29 -18 -4 -48 -33 0 -12 -16 0 -11 0 -8 -11 0 -29 -25 -23 283 -7 -10 0 -26 0 -42 0 271 -24 -19 0 -7 -21 0 -34 0 0 -8 284 -30 -38 -18 0 88 -20 0 -13
-42 -3 -1 -68 -22 -5 -12 0 -39 0 -41 -36 0 0 -45 -24 -23 0 -39 0 -22 0 0 -40 -13 -33 0 -33 -6 -9 -22 -37 0 0 0 -8 -7 0 0 0 0 -21 0 -6 -28 -50 -33 0 -45 -11 -5 0 260 0 -9 -9 0 -1 0 -19 0 -21 0 0 0 -15 0 -21 -10 -40 -11 -21
-41 234 244 -5 0 0 -25 -19 0 255 -6 0 -18 0 -20 -18 -25 317 -8 -25 0 0 -10 0 -18 -13 0 -15 -2 -23 -37 0 -31 -11 -4 -21 -32 -6 -21 0 -22 0 -9 -15 -12 -16 -45 -6 -18 -2 331 0 0 0 -18 0 -14 0 -24 -18 -16 0 -19 0 0 0 0 -51 -22 0 0 0
-24 -14 -5 -25 -13 0 0 -11 -28 -28 0 0 -15 -24 0 0 -22 -8 0 249 211 -27 0 -2 0 0 -23 -18 -13 0 -27 -4 -43 0 -2 0 -5 -24 -38 -26 -11 -18 0 0 0 0 0 -19 -9 0 0 -2 -22 -10 0 342 0 -5 0 -23 -31 -6 -14 -69 -12 -12 0 0 -34 -36 -11 0
-66 -14 -9 0 -2 0 -20 0 -15 0 0 -15 0 -53 -7 308 0 -47 -5 339 0 -6 -37 -17 0 -5 -10 -38 269 361 -17 0 -25 -38 151 -11 0 -22 0 0 -33 -7 -16 0 150 0 -34 0 0 -9 -12 -3 0 -22 0 -24 0 0 0 0 -25 -15 -1 -5 -36 0 -24 -8 -18 0 -8 -17
0 -15 -7 0 -9 -37 -24 0 -22 -4 -13 -47 0 -5 -1 -20 -8 0 348 0 -6 0 0 0 0 0 -8 -38 0 -5 -27 -46 -22 0 -22 0 0 -23 -23 -25 -13 -6 -43 0 -19 -2 0 -1 -31 -14 0 0 -17 -6 -8 -3 -22 -35 0 -9 -60 0 -12 0 -22 -32 -10 -21 0 -18 0 -11
-19 -11 -17 -22 -14 0 -40 0 0 -6 -43 224 -20 245 -52 -36 -2 0 -27 -16 -49 0 -22 -1 -19 -39 -27 0 0 -16 -4 -4 -14 0 288 132 0 -30 0 -25 0 -6 -24 -13 0 -3 -14 -4 -21 0 0 0 -44 0 -28 -23 0 0 0 -27 197 0 -41 0 -10 -19 -25 -23 0 -58 -32 -20
0 -7 0 -29 -2 0 -13 -9 -9 -23 -22 -11 -12 -38 0 -11 -18 0 0 -27 -13 0 228 -24 201 -22 -14 -25 0 -46 -1 0 -12 -5 0 -13 -54 -24 -24 -18 -6 0 191 -16 0 0 -7 -9 -12 0 257 -23 0 -1 -21 -14 -11 -61 -17 -39 -22 299 -41 0 214 -22 0 -18 -6 -62 -14 0
-18 -33 -22 -38 0 -9 -43 0 -11 -14 -15 0 0 -22 0 -4 -7 -6 -8 -25 0 0 -3 0 0 -37 -20 -11 -27 0 -42 -5 -7 -8 0 0 -7 0 -32 -11 -23 0 -12 -27 -8 -20 0 -7 -18 -35 -22 -12 -30 -18 -31 -44 0 0 0 0 0 347 -63 0 -41 -39 0 0 0 0 0 -6
-43 -4 -11 -39 -26 0 0 0 -30 -16 0 -21 -21 -37 0 0 0 -22 212 0 -32 -14 -36 -25 -43 0 -17 -29 0 0 -11 -6 -3 -18 261 0 -4 0 0 -54 0 0 -22 -1 0 -5 -4 -11 -19 -5 -12 0 0 -14 -32 -58 0 0 -14 0 -13 -38 0 0 -9 -22 0 0 -17 0 0 0
0 0 -19 -6 -29 0 -30 -9 122 -15 -22 0 142 -6 -39 -17 0 0 0 -18 -33 189 0 0 -21 -7 -3 -13 -1 0 -34 0 0 -31 -21 0 0 0 0 -24 -20 -25 -17 0 0 -27 -9 -17 0 0 -21 0 -40 -21 256 -19 0 0 -29 -25 -27 -26 0 0 -65 -23 -39 -61 -1 0 0 0
-17 0 -23 -35 316 -3 -28 0 -31 -10 -22 -2 0 0 -16 -7 0 -10 -3 0 -36 0 -12 0 -36 0 -19 -17 -39 -1 0 -62 -21 -55 -12 145 -3 -10 -9 -12 -16 0 -7 -26 0 -56 -21 0 -7 0 -8 0 0 -16 -12 -23 -1 -50 321 -16 -6 -3 239 -6 -41 0 -21 -6 0 0 65 0
0 362 -23 -25 -18 0 0 -77 0 0 0 -22 316 0 -31 -17 326 -23 0 -41 -3 -21 -11 -16 -4 -25 -21 -9 -14 -7 -11 -40 -3 -24 -28 -8 -40 -11 0 -3 0 -17 -41 0 0 0 0 0 -19 0 0 -75 0 0 0 -3 -2 -22 0 -9 0 -5 -25 -6 0 -25 0 0 -12 -11 -18 -34
0 0 -11 226 -1 -17 -24 -21 0 0 0 0 0 -17 -27 -22 -8 -46 -22 380 229 -11 -6 -1 -36 -18 -14 -7 0 -6 -30 -11 0 -12 0 0 -35 -24 0 -19 247 0 -11 0 -18 -34 240 0 -25 -4 -63 0 0 0 -1 0 -12 0 -34 -42 0 0 -14 -4 -21 0 -47 -38 332 0 -23 -10
-3 -18 -35 -20 -12 -18 -21 -12 0 -10 -13 -37 -17 -7 101 -17 0 0 0 -19 0 -15 -16 0 -4 -31 -15 -24 -29 -95 0 -10 0 -57 -23 -37 0 0 0 -15 0 -6 0 -39 0 0 -37 -8 -50 -5 0 -17 -24 -38 -30 -25 -5 -18 0 -18 0 -36 270 0 -6 0 -14 -17 -25 -21 0 0
0 -13 -56 0 -8 -21 -5 -3 -13 -18 -30 -13 -13 -6 0 -46 -2 0 -73 0 0 -24 123 -10 -21 0 -22 0 0 0 -41 -41 0 -8 -11 0 -21 -20 -23 -21 -11 173 -7 -16 -45 0 0 0 -9 -21 -23 0 0 0 0 -41 0 166 0 -24 0 0 -29 -19 -23 -18 0 0 0 -21 -25 -4
-10 0 -4 -13 0 0 0 0 -40 -6 0 -11 -39 0 -8 -17 0 0 0 -46 -19 -2 0 -12 0 248 0 0 -11 -20 0 -43 0 -14 0 0 -43 -28 -7 248 0 -23 0 -16 357 0 0 155 -24 0 0 -8 -17 296 0 172 -11 0 -12 0 -22 -19 0 -34 -6 -5 -18 -24 153 -23 -3 -7
0 -37 -28 0 0 -12 -23 0 -41 -16 -3 0 -6 -39 -9 -16 407 -39 259 -25 0 -15 -1 -20 0 -11 -18 -34 -16 -11 0 -17 -22 -47 -7 0 -15 0 0 0 195 -33 0 -25 -21 -4 0 0 -5 0 -20 0 -6 0 -34 -66 0 239 201 0 -61 0 -33 -19 -12 -36 -35 -18 0 0 -42 0
-42 -24 0 -55 -19 -25 -16 0 0 -25 0 -37 0 0 -2 -4 0 -24 0 0 -9 -32 0 -22 0 0 -20 -17 -20 -37 -29 0 -21 0 -12 -41 0 -7 0 0 0 -21 -14 -1 -22 -12 -22 -9 0 -35 -5 0 -13 -4 -5 -17 -19 -20 0 -3 0 0 0 0 0 0 -24 -2 0 -3 -25 0
-6 -15 370 0 -24 0 0 -20 0 -41 -11 -8 -21 -18 -15 -22 0 -71 0 0 406 0 0 -20 183 -45 -21 0 -18 0 308 -18 -4 0 -20 0 -14 0 -6 -16 -41 0 -20 0 -13 0 -34 -8 0 0 -12 256 -25 -2 -15 0 -51 -13 0 -25 -15 -13 0 -35 0 274 -7 -26 -3 -20 -30 -17
-17 0 -29 0 -12 0 -6 -5 -1 -15 -7 -19 -25 0 -2 0 -1 191 -18 -24 0 0 -5 0 -25 0 0 -11 0 0 -47 262 -3 -26 -22 -6 -14 0 0 0 -18 0 -58 -23 -4 -24 -8 -32 -30 -40 -3 -7 0 -5 251 -4 -25 0 -14 -5 -20 -3 -18 -16 0 0 0 -24 -22 -21 0 0
0 -32 -10 -12 -23 0 -31 -8 -6 -24 0 -1 0 0 0 -11 -21 -3 228 -8 -32 -28 -42 -17 -13 -24 0 -8 -28 -14 -10 -14 -12 -2 0 0 -37 -54 -12 0 0 -47 0 -54 -12 -15 -17 0 0 0 0 -43 -8 -5 -22 -13 0 -29 -12 -9 -24 -22 0 -5 240 -3 0 0 0 -21 -8 0
-10 0 -33 -9 -6 -5 -22 0 0 0 -60 -12 -24 0 0 -12 0 -15 -10 0 -11 0 0 -18 0 0 -14 -14 0 235 0 -9 226 -41 -29 -26 249 -25 0 0 -2 -21 -12 -14 0 0 0 0 -20 -24 -4 -18 0 -16 -26 0 0 -42 0 -4 -14 0 -14 0 -16 -19 0 0 0 -41 0 -5
210 0 0 -8 -12 -17 -19 -20 -32 -31 -18 -7 0 -22 -48 -4 0 0 280 -15 -24 -27 0 -14 0 -13 -5 0 -7 0 -8 0 0 -19 -24 0 0 0 -11 -9 -7 -8 396 0 -42 0 313 -19 -6 0 -12 -7 -32 -36 0 -18 0 -13 0 0 0 0 -47 0 0 0 0 0 264 -2 0 0
0 -9 0 0 0 0 0 -2 -45 0 -10 0 -15 0 -22 0 0 -15 -24 0 0 313 0 0 -2 -19 0 0 -24 0 0 -33 -25 -41 0 -21 -54 0 0 -23 0 -20 -21 -16 -3 -2 -14 0 -36 -13 -17 -9 -30 -7 -1 -13 -12 -59 -22 0 138 274 -38 -24 0 -25 -25 0 0 0 0 0
-15 0 0 0 0 0 0 -25 0 -40 -6 -58 283 0 -41 0 0 -24 -43 0 -43 -12 0 -20 -13 0 -4 -6 -16 -14 -6 -14 -17 0 0 -36 -3 0 269 -20 207 -25 -13 -38 -11 -10 0 -48 0 293 -10 0 -47 0 -15 0 216 0 -17 -19 0 0 0 -33 -8 -47 -1 -26 -32 -40 -18 -48
0 0 -25 -30 167 0 0 0 -50 318 -16 -40 0 0 -25 -1 0 -31 -23 -46 -1 -15 -47 -24 -5 0 384 -3 0 0 -10 -20 -10 -12 -22 -25 0 0 -18 -19 -5 -25 -23 -32 0 -2 0 -21 -21 142 -4 -22 -15 0 -18 0 339 0 208 -21 0 -16 0 0 162 -10 -6 -22 -24 -48 0 -25
-18 -11 0 -22 -21 -52 -31 -7 231 245 -27 217 -11 -6 -18 -3 -39 -51 0 -55 0 -4 -22 0 -22 0 276 0 -40 0 -19 0 0 -22 -4 0 -12 -22 0 0 0 0 -44 0 -10 -19 0 0 -17 -29 -20 0 -25 -25 -42 0 -44 0 -27 -25 0 -25 206 0 -6 -15 -25 0 0 -20 -11 0
0 0 0 -11 0 0 -41 -8 -33 -4 -18 -19 -1 -4 -12 -6 0 -47 -20 -31 0 -2 -25 -6 -48 0 -8 -24 -14 -9 -1 -7 -13 0 -3 0 -6 -30 -8 -51 -23 257 0 -15 -55 -33 -3 -12 -34 136 -15 0 0 0 0 0 -43 0 0 0 -34 0 0 -5 -60 -49 -9 -16 0 -20 0 -5
0 0 -17 -7 0 -53 -7 0 -59 -12 -25 -4 0 -37 -15 0 -17 0 -20 0 -1 -10 0 -12 -36 -19 0 0 0 -32 0 -22 -20 -4 -27 0 -36 0 0 -10 -9 -25 -4 -15 -15 -3 -36 -12 -1 0 -18 0 243 -30 -4 0 -10 0 0 0 0 -16 -17 -18 -15 -11 0 -18 -9 -42 -24 -21
269 -18 -25 -10 0 0 -20 -47 -18 -4 -37 -6 -33 162 -39 -24 -8 -23 -14 0 -10 -3 -12 334 0 -31 0 200 280 -10 -26 -22 -17 -5 0 -11 -22 0 -11 -15 -24 -1 -44 -22 0 -13 -25 200 -21 -21 0 0 0 257 -31 0 -46 -29 -28 -16 -11 -14 0 -18 -57 0 0 0 0 0 -6 0
-9 -36 -18 -17 -21 0 0 0 0 -2 -10 -35 -65 -14 -7 0 0 -46 -7 -15 -5 -8 -76 -19 -11 0 -25 0 0 -18 -13 0 0 0 -82 -22 -17 0 -5 -15 210 -7 -22 -11 0 -38 0 -10 -6 0 -8 0 -16 0 -3 -24 0 0 -16 0 -25 -24 -21 -12 305 0 0 -15 -17 0 345 0
-25 -8 0 -18 -21 -45 -17 -17 0 -7 218 -26 0 -25 -24 -25 -27 -18 -12 0 -8 -13 -25 -47 -18 -31 -14 -15 -17 0 0 -4 -3 -47 -25 -2 196 0 -23 268 0 -17 -28 -24 -21 -13 -24 -21 -25 -35 0 -26 -14 -35 0 0 0 0 0 0 -5 -32 0 -49 -35 -34 -26 -7 0 0 0 -25
-46 -22 -72 -21 -14 0 249 -6 -38 -3 -24 0 -11 0 -21 0 0 -35 0 -15 -11 -17 -21 -16 -21 -15 -3 -21 -6 0 -5 0 -17 0 0 -6 -25 0 0 -5 -11 0 -20 0 92 0 0 -21 -17 -22 -20 -23 338 -16 -11 -13 -23 351 -3 128 0 -14 -7 0 0 0 245 -2 0 0 0 -3
188 -21 -23 -2 235 -12 -24 0 -26 -8 -13 0 -22 0 -20 -23 -24 -16 -37 197 0 0 0 -23 0 0 0 -22 0 -18 -19 -23 -16 0 -8 -57 -25 -10 0 -11 0 -4 -26 0 -9 -5 0 0 -13 -42 195 -43 -22 -22 -7 -14 0 -71 -40 -22 268 -29 -22 195 0 -18 -7 -3 -31 -43 -2 275
-19 -14 0 -15 223 0 -45 -22 -21 0 -35 0 -73 -32 -26 232 0 -19 -24 -33 0 -25 -9 -3 -37 -34 -23 -25 0 -2 -16 0 0 -54 -25 0 0 -3 -7 0 -25 0 0 0 0 -45 0 -36 0 -13 0 0 -17 -23 -25 0 -13 -7 -45 0 -36 -13 0 0 -1 -27 -13 381 0 0 -19 263
-4 -37 -37 0 0 -49 -25 0 0 0 -26 0 -19 -21 0 -25 -20 -8 -24 -60 0 0 0 -21 -54 0 0 -44 -29 -30 -2 0 -17 -17 -18 0 0 0 -24 253 0 -4 0 0 0 -15 -8 0 -5 149 0 -22 -7 -10 -17 -1 -22 -28 -31 -26 -24 0 -17 -2 -11 0 0 -1 -39 -32 0 -16
-43 -12 0 -34 0 0 0 -24 -5 -21 0 0 -25 0 0 -15 -59 -29 0 0 -17 -42 0 0 -34 0 0 -32 -55 0 0 0 302 -29 -45 0 -43 0 0 -24 -22 -16 -25 0 0 0 0 -28 0 -44 -41 237 0 -17 0 -21 -58 -30 -20 -22 -18 -16 0 -17 -27 -8 243 0 -13 -34 0 -77
-40 -45 -48 0 -11 -19 0 -19 -12 -20 0 -2 208 -61 -5 -30 0 -11 205 258 -16 150 0 0 0 -22 223 0 -12 -2 -2 -1 0 0 -13 0 85 -22 -29 0 -9 -21 0 0 -20 0 0 -15 -14 0 -30 -38 0 0 -5 -27 0 0 -25 -3 -7 -7 -32 -10 -22 -12 0 0 -1 0 -11 0
0 190 -13 0 -2 -42 -35 -25 -27 0 -12 -5 0 -18 -18 -22 -35 0 0 -4 -8 -18 -14 0 -34 -2 -2 -42 -23 -20 -6 -11 -7 0 0 -24 -7 -27 0 -44 -13 -27 -7 -2 0 -10 -5 0 0 0 -23 -6 -10 -15 -5 -22 0 0 0 0 -30 -6 -44 -21 -17 0 -20 -15 0 -3 0 -11
-15 0 -23 0 0 0 -41 231 -24 -61 -24 0 0 287 0 -5 374 180 -1 -9 -22 -28 -14 -34 -3 0 0 0 0 0 -21 -12 0 -23 -13 0 -24 -22 0 -8 0 -39 -40 -28 -43 0 -13 0 0 -19 -19 -17 0 0 -23 -5 -19 -34 -19 0 -15 -27 -23 0 -20 0 -2 -16 0 0 -32 0
0 -5 0 0 0 -30 -17 -23 -8 0 0 0 -48 -13 -64 0 0 -23 -13 -32 0 -22 -18 -21 -3 0 -18 0 -11 -9 -27 0 0 -16 -5 0 0 -1 0 0 0 0 -13 -14 0 0 -25 0 -37 -79 0 -12 -20 -1 -4 0 0 -22 -17 0 -22 -20 -14 0 0 0 -22 -14 -31 -16 -10 -24
-2 -13 -16 263 0 -22 -18 -8 244 0 0 248 -9 -7 0 -24 -16 0 -11 -25 0 -3 -10 -7 0 -21 0 0 -17 0 -11 0 0 -22 -17 -31 -48 0 0 -46 0 0 -6 0 0 -30 -2 0 -42 -25 -33 -15 256 0 -50 -13 -8 -26 0 -12 -4 -29 -24 0 0 -1 -2 -18 0 -32 0 -24
-16 -17 -21 -13 -42 -33 0 -22 -20 -11 -20 -4 -4 0 0 -24 -23 0 -28 0 0 0 -19 277 0 0 0 251 0 -30 -5 -34 -7 0 0 -19 0 -34 -24 0 -10 -40 0 313 -10 0 0 -38 -11 -22 0 0 263 -25 0 0 -27 239 0 -13 -25 0 -7 0 167 -19 -11 -8 -14 -25 -15 145
-12 0 -24 289 0 -39 0 -12 -4 137 0 -7 0 -14 0 0 0 -17 -9 0 -25 -2 -8 -31 151 -22 0 -33 0 0 0 0 -33 -8 0 0 -11 175 0 0 -6 -29 0 -40 0 0 -43 0 -7 -18 -13 0 0 0 0 0 -26 0 -18 0 -9 0 -15 0 0 0 -24 0 -20 -6 -25 -25
0 0 -25 -29 -2 -33 0 -18 0 -16 -9 -23 -54 0 0 -9 -7 -16 0 -1 194 0 0 -36 0 -20 0 0 -8 -34 -5 -25 0 -17 -18 -18 -6 0 169 0 -19 0 0 0 0 -14 0 -18 0 0 -27 -3 0 0 0 0 -41 -23 -17 -31 0 -17 0 -24 -14 -55 -19 -21 -23 -34 -41 -34
0 0 -2 0 0 -27 -22 128 -11 -21 0 0 -13 -9 0 -29 -9 0 0 -16 -23 -14 -26 -47 -13 -10 -48 -24 -15 0 -1 357 -7 -1 0 0 -28 0 0 -30 -8 -14 0 -15 -19 -14 -25 255 -33 -50 -30 0 0 0 -46 0 0 0 0 -16 -21 0 0 -16 -29 -10 -19 0 -14 -29 -23 0
-31 -23 -42 -13 -22 0 -31 0 -23 0 -25 -22 0 -22 -54 -31 -7 -7 -10 -38 -24 -17 -6 -13 -39 0 0 0 0 -6 218 0 0 -21 -9 -39 0 -1 -13 -55 -40 -41 -23 -3 -32 -12 -3 -4 -15 0 0 -19 0 -7 -16 0 -39 0 -15 -12 -2 176 0 -9 -20 0 -30 -15 0 -44 -17 -30
0 -14 0 -12 -32 0 -22 -52 0 -18 -58 -25 264 0 -35 -4 -6 255 0 -57 -3 0 -10 0 0 0 -37 0 0 -77 -8 -14 -7 300 229 -9 -47 -21 0 -17 -39 0 0 -3 0 -18 -7 -1 -20 0 -15 280 -5 -9 -16 0 0 -32 -10 -10 -22 -25 0 0 -6 -9 0 -14 273 -52 -34 -3
-33 0 0 -41 -10 -5 -15 -27 -42 0 -25 -11 0 -38 0 -24 -17 -15 -35 -9 271 -36 0 -16 -41 0 0 -40 -58 0 -2 0 -21 -43 -11 -8 0 -20 0 0 -17 0 0 -43 -47 -9 -20 0 0 -3 0 -12 -11 -2 -2 0 -25 -18 -31 0 0 0 0 -15 0 -11 -29 0 -1 -35 262 0
-34 -43 -23 -17 -22 -46 0 -51 0 0 -12 -15 -18 -6 0 0 -20 0 0 0 0 0 -17 -25 -21 0 208 -7 0 -23 -20 -27 -8 -81 0 0 0 -40 0 -42 0 -23 -3 -7 -1 -13 0 -3 -18 -48 0 -13 0 0 -22 0 252 -24 -7 -14 -39 -18 0 0 0 0 -33 0 0 -4 -17 0
-42 -23 0 0 -23 -17 0 0 0 -25 0 0 -64 -25 -51 -7 -45 -35 -29 0 0 -8 0 -49 -30 -21 -30 -12 -19 -8 -19 0 0 -10 -79 -14 -30 0 -20 0 -30 -14 -31 324 -4 0 0 -48 0 -3 -23 -40 0 0 0 -35 -32 0 -43 -21 -21 -29 0 -11 -9 -27 -11 -10 -4 0 -14 -62
-4 0 -2 0 -1 -2 0 0 0 0 0 -23 -22 0 -26 -20 -1 -32 0 -26 0 0 -40 -23 0 -10 -36 -23 -11 -25 -27 420 331 0 0 -8 0 -9 -20 -21 -2 -18 -59 -9 -42 -4 -20 -1 0 -46 0 -6 -7 -15 -19 0 0 -29 0 0 0 0 -19 -22 -14 -20 -16 0 0 -7 -21 -49
0 -20 -24 0 0 -7 -19 0 -21 -36 0 -23 0 -19 0 283 0 -20 -20 -15 -23 -9 -42 -39 0 0 0 -7 -23 -30 0 -8 0 0 -24 -45 -19 0 0 0 0 0 -23 -17 -12 -32 261 -22 -44 -4 -15 -13 -24 -25 0 0 -6 -64 241 0 0 0 -25 -8 0 -11 -23 0 0 -22 -3 0
-16 0 -44 -21 -8 -19 -22 -4 -3 0 -17 -13 0 -23 0 0 304 0 0 -32 -25 -2 347 117 0 0 -24 -24 -24 0 -17 -69 0 0 -32 -17 406 0 0 -1 0 -21 0 -15 -3 0 -23 -4 -48 0 -15 -19 0 183 -25 0 0 0 -13 -23 -5 0 -39 -22 0 -18 -32 -23 -25 0 -7 0
0 -43 -19 -7 0 264 -17 0 -12 175 -46 0 -1 0 0 -53 -47 -25 -18 -19 0 -30 -32 -20 0 -31 0 -48 -33 0 -50 -40 -13 0 -17 0 0 -57 -5 -29 -38 -29 0 -5 0 -45 -2 -22 -1 -24 0 0 0 -18 0 -30 -46 -5 -22 0 0 0 -22 -17 -20 -10 -23 -25 0 -17 0 -16
-1 -16 299 165 0 0 -32 -13 -22 -11 0 -11 -18 -24 -22 -32 -28 0 0 0 -33 254 0 -51 0 275 -41 -24 0 -3 -18 0 -22 -32 0 -19 0 -1 -5 -4 -23 -18 -21 -31 0 -17 -62 343 -4 -21 245 -22 -67 -11 -24 -11 301 0 0 0 -3 -40 -24 -14 -32 -8 -11 -34 -14 -16 -18 0
