35 29
0 0 -39 0 0 0 -113 -51 332 0 0 0 -36 -89 0 -19 -97 0 -27 0 -135 131 -117 183 330 189 0 -122 0
-264 0 250 0 0 0 -6 0 -99 0 -72 -107 -157 0 264 -139 -71 -60 -247 -216 77 -16 -116 -109 0 -51 0 309 -122
0 335 -182 -78 -44 0 0 179 0 -134 0 -114 -55 -81 0 53 -3 574 0 0 -95 0 0 -367 223 -84 0 -11 268
0 14 -17 0 333 108 139 -100 80 -126 411 0 593 96 0 -27 0 -89 0 293 -353 -69 -36 -43 -52 -187 207 184 0
501 -65 -44 -4 306 0 0 -14 0 0 -68 400 0 0 147 -54 0 416 0 -145 173 -173 0 -95 -86 -222 0 0 -38
-112 -106 399 0 -28 -167 -175 -41 0 0 274 178 0 -27 0 -102 416 241 0 -4 0 0 -136 263 -56 0 -194 275 -114
0 -57 -139 -39 238 0 0 0 -71 301 315 -62 0 -214 -2 -93 -110 0 303 -46 0 -7 0 -89 -103 0 302 -123 0
243 186 195 -257 -213 -106 0 137 225 0 167 70 0 0 435 -75 -51 -54 -72 -79 -154 0 -84 397 69 -216 -83 -76 329
25 -60 -177 -116 -1 -120 123 -51 -46 -118 0 -180 0 0 15 -101 -40 0 -116 -7 -126 -127 81 0 -26 119 -91 432 -208
-102 236 -122 0 0 0 0 0 -116 0 -58 -22 0 -54 156 -186 -100 -116 0 491 -99 39 8 0 -74 0 187 -203 0
362 0 46 -92 -52 -13 -123 0 -4 0 0 -164 -110 -119 -139 0 -23 258 0 0 119 456 0 0 -95 0 -168 -188 -83
82 -96 0 -89 -30 140 0 -101 0 -69 0 -46 -18 -217 78 0 -75 197 -14 89 -137 -116 -210 -74 -17 -96 163 -82 -116
-31 -53 0 -91 -69 -81 -96 431 248 -141 -13 0 -180 -126 350 0 0 -53 -48 0 0 -285 -177 -57 0 -97 -202 195 0
-108 0 90 -22 -38 -66 0 9 106 0 -72 -117 -95 345 0 -32 257 -1 -183 -68 -113 243 -42 -81 0 -32 0 0 0
475 126 213 -11 113 0 251 137 0 -74 -130 -25 -87 0 196 -94 -114 192 -76 0 -146 -78 239 -86 40 420 0 -109 -49
-125 -175 38 -14 293 14 -148 244 269 0 0 -207 175 -2 0 0 0 77 -104 -417 0 0 120 -84 0 -23 -117 -133 -89
0 409 -90 -115 175 0 -136 98 0 0 -16 192 0 -60 -159 -24 0 0 0 -42 -239 -35 0 -112 7 -95 -104 38 -81
0 0 7 -89 -156 0 0 -254 372 -77 0 370 0 132 -122 -58 349 -92 -82 0 -83 -135 -170 -79 0 0 -69 205 0
-69 88 -5 -79 -106 -72 82 0 -57 -104 150 -31 0 -72 -36 -119 -39 0 421 0 435 -119 -104 0 0 0 -50 213 0
268 83 -13 503 262 0 0 0 236 0 -105 -132 0 -93 0 -117 15 0 -151 0 113 155 263 -65 -220 155 -151 148 0
-107 0 285 0 -22 0 -64 -122 -105 407 -100 0 0 -95 -124 -25 -18 0 -82 0 -175 0 0 0 -227 -168 -68 -137 0
-111 187 -35 85 -32 0 -37 -153 65 -61 51 -87 -3 -127 -293 -11 184 475 293 -181 0 -40 -20 -11 -108 0 -195 -22 0
-169 -121 -31 -6 -75 400 -4 339 -44 0 0 148 -140 0 -18 0 -29 -45 -117 -64 -40 -27 -300 -2 335 482 -112 209 -186
442 -88 -69 129 0 -65 -11 0 0 280 0 -43 0 0 0 -3 78 0 -46 0 0 0 -55 -121 -96 -201 -130 -158 -184
-175 142 -103 108 -101 -7 0 0 259 -13 0 -117 -186 -32 172 -103 0 -45 172 431 149 0 102 281 125 -176 -73 0 -231
-152 -91 -152 317 139 0 192 -118 0 -111 -35 -129 -145 450 0 -76 -116 -68 0 0 0 -29 -163 342 -115 -25 0 89 -183
-76 -90 -267 -67 41 -173 121 -37 0 -138 344 -2 -306 -29 209 131 0 0 -36 -172 -40 0 81 -60 -56 -141 -297 -72 0
243 0 0 0 -150 -53 -199 0 -14 0 -92 -67 0 -174 0 -64 -42 -265 -71 0 67 0 -117 -79 -20 0 0 -88 272
-117 -9 -170 -215 0 -139 -180 244 -170 0 104 -145 0 -184 295 201 0 83 -186 81 0 0 -129 -71 -109 -37 -79 295 -263
0 -172 489 -118 321 -111 -130 -108 -96 74 0 232 0 -90 603 -129 315 -57 -15 -103 -93 -116 -94 -69 0 12 -81 -35 -51
0 -80 0 174 0 -163 40 -85 -16 -123 156 -152 -72 0 -41 -59 -69 0 0 479 -199 0 -132 0 -176 -33 -101 0 361
113 47 -453 -43 -33 -78 0 85 0 0 -115 -104 -164 108 0 125 -15 211 -140 -116 529 62 -17 -49 194 209 0 -34 0
-226 -109 0 0 -70 124 0 -93 81 -205 -147 116 -44 -150 423 -124 -55 -85 -124 -26 -119 263 0 -177 -50 162 -47 67 0
-101 -161 0 0 56 -213 -45 -16 -114 115 0 0 0 0 -127 -189 139 0 192 0 -5 324 42 402 0 0 -149 0 -246
-86 -70 147 -104 205 256 372 0 -89 -115 0 -21 0 -116 64 -116 239 -69 0 0 5 -75 0 0 -137 115 100 87 -63
