100 89
-95 1000 -87 -148 -503 -47 406 -331 -13 -64 6 233 -649 -115 -45 0 129 -602 -651 0 -96 54 337 483 -592 318 -100 164 0 -27 316 140 -59 -156 1000 -557 262 0 712 30 411 -35 324 -852 453 0 -333 -302 17 -394 -223 247 -762 0 394 0 266 -367 -666 -267 -202 175 964 0 254 272 325 -1 85 393 0 478 34 283 87 8 398 468 151 212 536 0 -276 134 -120 -249 45 181 242
287 -15 0 231 -51 36 294 -290 270 501 -369 47 -303 -375 -39 0 438 0 193 630 -229 0 0 0 -342 -336 281 548 -278 583 189 0 -353 0 281 92 273 269 0 504 254 154 0 -743 -184 46 15 105 -372 -194 -146 157 -92 -382 -210 -724 -603 -877 -420 0 714 0 -338 0 0 -1000 20 -481 -333 0 -35 -104 -388 424 80 -157 272 -35 159 271 -49 -390 9 122 47 145 252 -366 704
-221 0 111 -583 134 -41 0 -21 0 1000 0 -1000 0 11 -307 130 -129 -621 -262 433 -169 262 179 425 739 154 -211 -128 43 0 -20 65 -206 65 0 -118 0 91 253 -320 524 0 391 59 -519 -213 -193 438 0 -302 -390 0 341 -25 330 98 6 63 0 270 -630 -311 137 0 14 -146 0 0 218 -50 390 -76 -372 -513 -578 -32 287 430 1000 154 346 -580 -176 0 242 0 117 -214 -162
138 -9 -30 -133 -290 24 -532 -739 -588 -59 -122 449 0 394 771 72 0 191 291 -438 -795 -300 344 -349 395 323 432 236 -163 -122 0 337 -254 0 -426 74 -313 214 -16 200 0 208 226 151 -512 413 -300 -308 -587 -255 546 272 433 -62 -264 0 0 759 0 0 -58 0 307 70 -126 158 0 -134 -423 0 -637 -257 -295 1 356 -793 93 721 -366 255 0 -514 693 386 -178 -601 649 -202 0
-109 -89 -390 0 187 232 -302 -868 55 29 231 -293 -148 319 566 -285 0 -213 0 -159 0 137 0 -374 103 113 16 -423 -781 186 -322 592 -334 -123 151 -358 172 -18 0 -741 126 44 -314 0 30 -370 -555 -245 586 -54 -502 -136 -89 -299 329 208 619 -422 -438 326 48 -7 463 879 -656 -13 377 286 365 0 -429 0 323 270 0 0 16 543 -469 261 -326 392 -755 -433 -247 296 -1000 -220 553
-145 -123 -629 -528 22 249 0 52 178 -694 128 -199 -252 -257 0 0 0 -52 55 -357 880 -190 -1000 -275 853 -201 45 34 384 454 716 -65 0 -244 0 147 191 0 -825 31 214 -190 -131 142 -864 212 -2 -181 244 100 0 -145 -33 488 0 417 577 -53 -182 21 634 86 104 -274 0 180 309 168 321 282 102 0 0 418 -130 0 -188 -86 166 816 241 0 380 -456 -384 -419 -69 -45 526
203 373 -531 -21 0 -1000 6 -165 631 67 0 -90 -75 292 274 -442 87 -478 0 320 500 93 -47 0 0 -40 0 0 -209 0 0 403 435 457 486 -364 154 0 360 151 -492 -591 62 187 947 -162 163 -5 610 -360 -715 -625 -526 0 -77 -622 0 0 99 151 -263 0 -187 166 242 221 -890 212 166 200 -494 0 129 210 -340 361 817 208 0 539 -53 131 -109 162 -901 -417 875 -146 -63
489 527 419 -60 99 202 21 419 0 404 -39 656 564 504 0 173 75 320 43 -74 -111 402 -264 0 166 143 -126 3 -11 -432 0 94 556 190 153 -1 -461 -355 -174 -193 -87 379 44 0 498 202 -646 -60 13 259 455 138 68 0 161 0 0 536 -174 -1000 -318 -370 0 46 0 0 0 95 -485 290 0 511 -308 0 617 0 308 399 274 -283 0 445 0 -259 357 -304 -14 -412 0
341 333 -157 0 141 0 -335 -481 -377 4 130 239 -18 233 -1 -491 426 113 -4 233 275 -503 -423 268 275 29 -603 -244 49 -843 0 431 289 0 -301 222 341 387 195 199 300 -1000 0 -55 0 -1000 -7 5 0 0 0 -139 248 382 189 -725 -266 205 190 0 279 -334 -47 72 65 690 306 -421 868 189 0 -109 200 -234 0 -137 -345 68 0 528 -353 -193 -319 57 -276 242 -135 -140 -81
-353 0 -140 -81 -343 -57 -304 183 -173 49 -256 423 -399 309 407 44 378 415 -258 -268 -418 -18 -530 -370 0 0 252 -393 345 -1 -309 275 395 -192 69 -397 -294 0 0 -32 0 0 40 538 -406 299 -331 259 -127 513 0 567 -259 -116 218 0 -354 -331 0 -12 343 107 178 -135 -248 -181 -464 -210 0 149 0 -642 0 12 272 -466 315 -330 -523 -77 -63 14 278 -395 -58 0 183 49 -294
-310 -242 0 0 -421 -678 0 0 0 269 755 -17 -25 -34 -410 0 0 486 231 -43 0 384 646 286 -448 -421 406 691 569 -342 -525 -506 210 104 644 -763 190 -198 529 -237 333 -190 -403 -153 -275 -627 -273 -312 0 205 0 -634 0 -134 -83 -97 -1 824 -477 -257 -231 -41 -121 -801 118 -440 -950 0 422 -258 618 -284 109 -83 0 -416 -180 236 76 232 0 -1 235 0 580 140 5 -129 -204
344 -21 144 20 0 18 66 400 178 0 -86 -495 -759 -870 84 -24 204 56 94 -487 920 -314 -119 -106 38 363 -180 -397 115 611 0 -105 0 0 -12 -387 0 308 186 129 389 784 0 42 -313 181 0 -50 0 643 0 -352 0 0 -465 -258 -132 377 -46 -856 -330 698 1000 461 -151 -129 0 0 79 0 0 -204 -660 209 -365 -145 -284 0 263 0 43 -201 -26 0 309 -113 0 374 368
-49 -84 -35 114 96 0 351 -531 207 0 -811 68 -266 0 -355 -27 62 -734 0 50 708 730 786 -341 90 71 66 -92 -377 0 -158 -265 -600 -141 237 295 84 400 49 393 334 149 -308 -103 107 0 -543 -33 -899 -595 463 0 341 676 150 123 595 565 345 386 574 0 139 418 90 546 211 0 -197 -292 0 0 0 509 -380 -219 -274 -105 -419 -586 186 -269 -127 0 -303 -12 -466 411 236
-134 0 -313 0 56 -176 -214 126 437 216 -395 -870 -154 376 455 -180 219 0 -889 0 -370 419 556 444 278 -271 220 -4 -845 0 667 -411 0 -433 -90 0 0 767 -280 -295 21 -59 -14 -209 0 -141 -549 -52 -444 380 574 166 0 -447 407 -251 255 122 364 -63 0 435 -103 0 0 -510 159 117 99 283 -127 -86 -303 -203 159 221 490 0 -252 51 319 -294 -477 -326 178 -291 -331 964 0
-376 163 0 569 0 292 0 57 909 -281 -699 476 41 -419 -380 365 163 -219 -386 0 0 0 -160 82 -466 0 248 -11 0 174 393 563 -45 -111 17 323 0 49 -709 261 -190 -238 224 400 0 719 260 262 -195 -240 -153 -675 314 -99 0 724 0 130 -19 -372 -897 392 0 -31 -315 -517 402 0 412 -415 -532 -129 -92 426 -125 -392 243 754 -275 -192 -248 -102 0 -694 -260 -328 -353 -293 8
560 -194 0 -678 -173 -116 196 470 737 461 370 445 57 -115 46 1 0 219 123 403 524 625 -111 0 -183 -82 -182 -450 -73 -264 134 -420 334 -389 -734 0 226 0 0 399 1000 -283 -248 432 -122 -256 -16 0 -445 208 250 179 572 341 -7 636 464 7 168 251 120 217 -293 129 407 -5 410 -748 -302 -348 -373 47 -730 -3 -297 -548 412 508 -90 579 316 -419 -987 0 -90 264 0 242 -310
-159 -646 38 0 143 0 -175 0 -77 477 36 395 373 -273 -76 0 -308 -144 328 -432 104 68 0 0 -537 423 1000 -41 0 0 -331 -543 174 525 -649 257 221 261 0 -354 305 -286 -20 85 0 -190 325 20 15 1000 297 313 230 0 -70 166 211 43 -356 -10 -136 49 315 -182 0 -21 -184 332 70 -16 342 -381 1000 18 -998 141 601 39 -88 -285 -20 -168 358 -333 -422 -365 -78 -131 -402
-481 -171 -788 223 -201 321 0 143 0 0 0 -124 -738 232 185 78 379 527 1000 -8 -587 -414 0 133 -255 -137 0 -302 -365 -380 486 -162 87 -425 0 328 645 310 327 0 -1000 0 -223 -98 -96 -5 240 0 -278 -172 409 -336 -142 -63 268 -186 505 -476 13 822 223 -254 74 0 390 -23 -174 0 -819 -200 -511 318 -31 180 375 -213 89 -200 0 -172 699 326 -17 41 0 -667 259 176 -143
446 0 -21 0 187 -371 -398 -55 356 111 0 267 -342 300 -296 -43 351 -28 0 505 689 -266 961 -79 679 -688 673 -208 -409 -448 -208 -510 354 -18 -245 -305 308 -68 -337 564 262 -290 391 1000 -302 62 -59 -396 -392 542 268 -52 276 -124 959 -405 381 -344 0 162 92 880 0 0 -570 16 -108 -198 0 -187 -143 -430 339 0 -620 31 147 293 241 -556 762 -495 -459 0 0 -420 -311 49 -226
0 -225 328 -89 -250 -242 -194 -399 367 278 -840 559 -346 164 -359 -486 66 126 325 30 -383 0 0 -459 -777 -185 410 108 -187 256 314 0 33 153 78 27 0 106 0 278 -345 -320 208 -290 -73 -17 -604 -108 0 -447 -289 19 0 16 421 0 3 -322 -192 57 0 154 0 -192 0 -759 353 153 0 25 7 727 -112 187 785 -186 408 74 318 -294 24 18 -958 108 0 18 0 827 541
-416 -214 0 739 -264 0 0 189 -199 -803 -12 -224 122 190 -449 -191 -28 0 0 75 -257 -301 282 253 -462 0 -357 -1000 -413 0 0 490 -318 415 -403 76 95 0 0 -49 -101 0 643 -163 0 -51 86 -650 127 -135 -29 -93 313 -145 801 0 263 227 -237 -123 0 357 0 319 605 -324 345 -130 -418 -530 -441 -284 -657 338 -175 324 -405 0 0 -517 -177 -162 250 473 0 -558 -145 -280 -349
-247 8 206 0 66 0 -92 372 92 578 330 550 0 0 369 -274 1000 126 -398 68 0 -315 -12 -239 102 0 -421 -236 18 -297 -201 -237 -271 388 397 232 765 -555 -792 16 -300 -187 -278 -190 0 609 -13 52 329 -5 -49 -1000 -188 174 -769 98 70 -232 -228 -103 -309 229 0 223 -41 289 198 77 -550 -157 412 358 -333 -297 -542 -407 398 -637 -168 385 -249 0 203 474 -91 -242 -62 -167 177
93 0 -552 -171 248 409 128 229 149 -118 260 -256 376 -33 356 217 384 0 -137 651 -150 0 0 0 0 0 -593 -163 57 0 -466 0 43 36 0 180 790 -408 0 -303 -157 197 -130 -210 -86 -80 143 -298 -458 0 -54 0 -137 148 207 -90 90 -574 39 511 0 167 0 146 301 150 172 133 52 -136 -349 0 166 0 -414 583 -424 86 696 0 -70 201 -110 -856 1000 132 53 221 243
168 -24 0 -78 -323 -422 0 -248 -462 70 -381 223 -56 -400 98 -410 -341 -331 73 -215 837 647 53 934 825 -150 0 -82 0 0 293 683 -321 -398 -85 -59 15 0 733 649 0 533 0 113 -478 0 630 -369 -517 147 82 80 6 -494 -37 235 542 139 -217 -179 731 584 -1 168 233 0 0 -772 -52 487 158 0 434 388 -424 0 194 0 -769 273 0 0 43 -565 137 -867 444 477 40
0 0 -67 0 355 21 0 -158 0 -414 193 -419 63 0 -178 -359 171 -167 669 -399 195 406 -279 -16 0 0 -400 226 -400 -250 225 -290 -152 92 59 920 0 -526 -275 0 0 -322 -134 450 196 104 -538 -106 1000 -112 260 -41 0 -829 350 -91 -141 -559 292 -372 0 64 378 -148 74 0 74 252 79 0 -611 -172 -349 -328 239 -10 -68 -174 -457 174 0 -413 719 458 -611 -198 -190 445 -135
0 105 198 -705 -4 305 -127 175 0 -187 0 119 -130 0 -322 -410 258 0 -200 -803 -46 -246 -130 -591 -104 -341 -323 0 317 -141 78 177 0 440 581 -930 -225 76 -182 -144 -6 0 0 -122 12 -130 -298 -534 -367 154 106 -342 20 -608 209 737 0 202 -546 -259 0 280 -237 193 -210 -511 405 -262 -278 -679 -304 530 145 -60 420 341 -135 -234 -219 28 -198 0 118 -99 411 -104 -1000 -61 262
1000 110 0 222 -124 166 526 -80 -166 523 0 0 555 437 82 -146 -390 -505 103 496 549 531 -642 -804 -762 -678 400 653 197 389 541 -307 97 0 158 -171 280 356 369 -2 224 196 423 129 -225 52 283 -55 321 619 498 -347 0 -73 37 0 611 254 -956 0 97 296 241 0 0 -32 498 -1000 -704 -245 443 141 0 -843 163 225 -362 0 -344 657 0 -456 -54 -380 -603 -396 -300 -101 -89
-190 761 885 119 50 -562 -408 0 -405 -205 0 202 -404 -466 -121 -336 74 -13 52 -88 0 60 412 0 -396 -659 13 -333 -65 -757 545 955 362 -2 -104 0 -102 0 -695 143 -114 281 174 389 -138 -344 -59 138 -74 592 4 88 -243 0 313 -95 -103 100 130 567 -201 562 -434 130 -61 105 853 -613 116 -933 -213 249 357 271 710 618 -56 562 222 566 0 1000 0 705 0 -711 512 -118 279
1000 42 -245 -172 -105 -302 191 0 -423 412 -50 0 -161 -219 -164 -42 437 198 -86 -158 10 858 -345 20 305 57 -627 823 33 0 449 278 212 0 -480 269 614 399 216 -398 0 -225 411 0 -498 -343 503 -316 -414 46 289 0 -347 -227 0 161 1000 -18 -57 -10 0 0 50 0 112 -254 -231 -213 -554 -110 0 0 0 -394 412 0 -368 0 -663 -571 0 -338 -117 -5 -105 176 558 180 686
-154 356 0 18 -37 -1000 -1000 -443 -558 249 -229 0 52 46 366 73 838 369 468 991 -589 0 -514 379 506 129 -12 -16 34 0 -335 -12 7 -709 -351 113 165 729 -17 -35 -127 -574 44 -207 0 0 -305 296 -536 151 71 102 0 -248 -95 -175 45 66 -345 0 -321 -637 -112 109 0 90 340 0 -935 130 -309 206 -565 247 0 -250 0 44 -335 -5 -366 338 -130 0 -129 567 -575 1000 -524
-505 63 -164 -273 119 -163 -169 -522 -239 65 30 -493 836 196 71 0 0 324 326 393 155 34 129 -322 0 557 3 -530 642 0 538 0 241 -394 -492 246 -461 0 197 -186 -176 -22 -350 0 -166 -248 404 304 -267 -214 179 -360 0 -53 -272 0 -96 222 -22 -16 -268 211 0 -185 369 93 0 531 -175 112 273 -74 162 -321 166 -361 -269 -496 62 333 128 170 -708 -350 618 697 241 -737 -57
0 436 50 115 193 -107 170 0 0 647 127 96 281 -248 0 0 -380 295 -244 62 1000 -17 60 324 -265 641 614 171 421 -245 -211 151 -508 399 -137 104 367 20 -475 0 151 -383 -177 -30 533 -622 1000 152 -64 -203 -137 334 242 0 -355 -590 -947 -521 73 -73 402 589 0 -483 -146 -5 -9 648 -114 0 -362 -111 -478 30 -527 337 571 239 652 -229 400 -362 41 -467 -242 -144 -10 0 -278
-184 -196 -384 -779 762 554 -739 488 -99 89 -666 0 -112 0 -772 24 -294 -776 -769 17 -3 420 -88 0 550 526 261 -651 0 -180 206 -462 -6 0 -14 578 155 -130 0 257 0 476 -36 309 -317 -254 94 30 76 -442 487 1 170 -186 30 676 -278 -304 -91 477 0 31 603 542 0 99 1000 0 -139 0 768 8 -158 -13 0 -330 648 -65 75 685 -173 364 -566 -81 -240 159 -270 -313 344
-678 -550 549 -366 275 900 472 -191 566 -265 -241 93 101 71 0 -194 -996 0 -47 186 25 -120 -185 -28 -276 56 221 -330 471 0 0 473 534 93 115 -88 91 0 0 6 198 -391 -286 436 309 362 468 679 336 473 732 0 -448 -601 1000 110 388 1000 -663 -188 264 -551 -379 -421 0 645 929 -174 -350 56 544 -60 59 -175 -187 -312 -714 940 -295 377 0 -80 0 -195 -697 232 -114 0 -116
-145 0 0 92 0 -16 0 120 -198 -46 400 328 0 244 89 -853 159 27 331 -98 -426 74 -768 -510 0 -33 256 153 409 -34 0 0 -411 -445 -230 -88 -591 120 242 -127 -645 19 -198 -312 0 -39 -337 0 205 36 -174 -83 94 724 0 -53 -498 312 521 -203 617 -54 -396 -340 178 -263 -71 -124 132 -530 11 111 -311 363 -247 -203 0 -1000 127 176 223 -352 -287 884 -294 -70 0 460 -740
295 -675 200 -830 -306 1000 -93 698 -435 -303 0 -24 360 -181 135 0 159 0 787 43 -3 659 68 0 -483 30 -65 215 -61 0 -939 -38 -708 -83 629 0 -506 0 439 0 171 329 0 0 300 0 0 0 0 -247 579 -94 275 -118 -500 574 -24 76 31 -272 -32 448 419 422 637 0 -246 -419 -706 -210 -310 -276 -406 380 0 211 282 0 1000 0 -728 314 0 0 -973 -18 -676 274 751
0 262 -176 106 -468 0 -254 -700 -74 0 -447 350 -85 -395 -57 0 350 259 0 404 425 -334 389 -481 -271 -462 349 0 228 -236 -222 0 -87 -166 330 503 0 71 0 -138 0 65 -182 -757 0 -13 -572 65 743 0 506 0 273 -11 -414 753 291 -675 -291 -548 19 978 -177 180 206 -92 -113 224 0 0 52 -166 -90 -50 -107 -12 -90 337 -450 819 233 0 -303 386 0 -361 74 -317 -285
-157 -255 -274 -32 -10 -454 67 -317 -264 256 -405 170 0 342 0 -69 54 -137 385 528 -467 297 -320 -673 137 -375 275 376 -80 -161 288 197 -973 521 12 -251 0 0 321 580 -291 863 -242 -369 0 -195 0 148 -620 -520 -324 -519 -1000 -333 -396 115 0 -23 -503 -47 83 -93 -275 150 -153 -780 -32 -50 0 0 -10 -29 861 562 -8 -446 -193 401 212 673 -487 17 412 176 -209 240 -267 -35 568
205 -55 -94 -326 104 69 -117 0 0 359 -367 -196 -421 -227 458 -43 0 473 0 -287 -341 0 -320 -678 -88 414 202 -451 0 237 250 557 159 4 -611 -35 394 204 478 132 239 252 -281 -30 0 0 -94 374 -893 71 75 0 0 -16 -357 -229 266 -233 252 105 -536 0 0 -121 233 447 -192 -570 129 295 -237 -74 2 -92 109 713 155 -684 -451 638 749 161 259 280 237 0 0 297 26
-546 -216 -52 -83 107 431 0 -239 11 -504 144 3 312 391 92 -165 0 615 0 257 415 347 421 -378 0 0 615 0 -407 0 166 -31 0 424 -96 -75 0 -66 -29 0 -54 0 -153 235 -513 -229 -186 116 568 96 -138 545 350 -259 174 0 -634 -41 -381 -306 22 -179 -629 397 0 235 -287 111 -237 -68 35 0 -298 497 -187 542 -358 260 0 916 -4 0 -624 -30 37 142 -513 -201 0
650 139 -172 130 -298 -15 249 -190 -267 -1000 471 -88 215 -122 -335 314 -234 139 17 333 -210 291 363 117 -34 -265 -653 204 -97 -218 0 -495 929 -227 -165 0 -230 -482 348 0 501 523 239 -754 46 576 388 108 0 347 -719 -26 -529 345 -598 -9 263 44 62 697 -175 0 0 -389 46 501 -88 -247 -192 -360 -232 141 960 0 0 -272 399 345 0 260 0 -119 302 -225 65 -163 72 0 16
0 -1000 0 159 522 -10 322 296 -104 -582 -322 -361 330 694 -589 -331 -231 -117 92 -752 58 -491 194 -22 0 -223 240 -353 -382 577 135 0 -543 109 43 -453 368 122 301 -683 -147 0 19 -131 -493 283 0 -228 0 664 -428 0 -183 -330 -122 346 -522 679 -379 -109 548 0 -131 -542 -191 89 -198 -27 -185 878 -302 -217 -184 -192 0 -237 524 43 168 569 -20 0 0 -402 -17 191 269 267 90
0 85 -318 -433 -232 -566 69 0 217 685 0 -406 -479 161 -288 -62 -366 -219 490 179 717 20 -128 -109 -222 -124 -229 -25 0 -403 -6 -149 707 -460 163 360 -570 -160 -68 -56 697 224 0 597 331 -394 189 -501 -795 -558 160 -99 367 -365 -100 -52 409 -181 728 78 486 177 -222 -25 812 -430 -207 0 -15 244 278 285 -463 0 612 -253 -152 86 -65 -558 0 25 110 442 -117 -224 442 0 190
149 321 0 -254 192 53 519 -276 62 194 -167 301 945 195 257 -253 -578 311 0 -113 94 -234 531 0 -223 -774 0 302 751 -559 -293 187 372 -521 343 525 -663 -20 277 183 0 0 414 -651 -424 -288 -671 -192 -50 0 -446 13 -13 -343 -52 740 304 -410 2 -68 -271 165 402 -332 -696 -181 -307 -115 -70 129 297 -431 -281 155 895 -233 0 -159 -247 -178 -97 -404 661 0 1000 0 299 -423 75
-6 -94 172 166 -234 -868 -316 295 0 -93 104 -139 862 -906 267 165 -672 0 630 255 -954 -328 479 0 201 -345 842 354 246 392 258 -821 509 184 364 -64 258 0 -342 0 337 -305 110 -601 0 -740 0 -99 -1 600 340 -287 -99 119 -79 417 -234 291 333 375 190 0 901 309 -385 -596 536 313 -410 -319 -279 -54 350 350 162 503 -51 0 -406 497 323 314 0 200 328 955 70 401 -102
745 -86 533 -862 172 293 -104 -232 297 -199 214 281 -269 295 193 336 25 -241 -262 943 175 -25 -602 0 -266 -179 -209 -64 -275 38 239 157 231 0 584 -106 0 -188 -386 0 40 -270 -475 0 -604 667 -478 0 0 1000 33 373 -568 0 -141 18 -146 0 386 316 0 622 -675 392 -342 57 634 550 0 -159 156 0 -265 419 -694 467 0 -781 718 0 -123 -154 495 1000 -571 -524 0 219 -72
-144 -313 -221 293 -299 469 218 -585 -379 374 0 -395 937 -826 73 329 -69 -745 0 -8 -257 -652 0 -411 -101 460 28 -465 0 -213 0 -288 0 0 -228 87 306 -6 891 -406 207 -347 641 -489 603 24 862 -513 95 -374 712 183 346 159 -80 -509 162 357 460 339 291 -37 0 44 645 1000 295 -641 -199 -655 102 53 0 -356 344 -63 -304 -389 71 -681 96 0 -481 -219 48 -155 392 -166 -791
0 -28 0 -319 0 0 0 -27 -300 -521 290 8 -268 0 21 -95 -344 247 -514 80 414 241 -57 205 1000 676 -635 -429 14 716 0 108 43 -5 -855 -373 728 442 209 -386 422 0 429 28 -320 123 452 92 -386 51 0 -685 22 -137 -491 798 -520 -622 275 -131 -101 -144 0 10 -242 973 0 -109 -191 336 -103 0 -294 0 0 -171 0 403 -242 0 -458 70 82 -130 -263 267 -316 -42 0
-519 -302 316 -676 -222 -320 -321 -2 -183 -823 149 -69 -751 0 48 -58 -274 -98 -301 -228 -473 424 93 -74 0 437 444 -72 -21 0 364 0 236 -92 145 272 0 130 0 467 0 322 -760 199 -152 0 54 41 0 11 457 672 -423 -312 266 -149 -524 416 702 842 -150 -2 -443 549 -357 -109 -298 0 0 199 0 -472 -600 50 -16 -365 -403 464 83 -495 832 403 227 -417 -309 393 362 69 -371
-99 341 -340 -408 -28 101 -154 -138 -82 -687 -102 -369 -87 -371 -206 202 48 139 -276 698 -830 -98 129 -564 0 0 -207 0 415 -405 310 330 790 -138 -280 -208 -87 0 122 64 0 83 0 0 -154 -49 113 -494 85 849 414 -208 -17 -441 0 0 -210 -158 362 -223 -245 0 341 -99 182 454 -513 166 -107 -268 0 -206 -32 233 0 -854 -495 -779 94 -856 169 -62 546 -313 -199 -565 -1000 618 -1000
175 158 0 -235 101 56 5 269 567 1000 51 0 -49 -425 480 0 -1000 473 201 -409 -11 0 -301 -104 0 51 -5 -133 234 -492 772 -496 -83 -225 470 157 658 0 -972 -147 55 -143 -228 0 457 227 520 358 -188 0 139 -196 -820 256 -68 0 -11 350 292 -364 -185 3 729 307 -402 334 -16 347 -629 -762 0 0 -61 393 -301 -80 -242 -769 105 85 203 -247 -96 -453 -283 -64 -13 0 105
189 381 -209 0 76 0 -375 0 -765 -402 170 -172 0 172 -550 35 -8 648 -184 -333 145 -503 495 225 -621 0 930 -557 -543 -216 -292 0 -218 -121 0 718 297 -133 -558 -72 386 0 -39 79 -95 266 330 -309 -330 -148 -831 -320 -273 -376 96 -296 0 0 176 551 -626 -268 114 484 -717 0 370 0 416 -277 -184 -367 -163 -270 -383 0 0 0 -306 64 49 -217 173 -338 130 872 105 313 1000
-33 411 0 -323 80 -20 458 206 639 -609 346 -75 -732 480 205 -164 -116 -380 846 -49 268 -310 -260 -234 198 -212 87 -149 555 0 550 0 388 -337 1000 0 482 401 272 271 -16 -229 558 0 647 -61 329 100 322 -54 749 224 211 900 -721 -110 313 199 -320 177 -419 365 551 -331 600 -113 -189 -501 -233 601 -179 0 1000 -564 1000 0 -548 -125 138 0 232 -18 329 -123 -273 95 438 -229 -450
116 0 0 395 -175 295 -384 336 -372 399 -17 -287 264 -77 0 -183 0 341 -13 -977 -139 0 261 0 0 75 29 -176 50 -224 -369 21 593 -132 243 0 -429 186 -70 1000 -236 521 247 -421 -193 635 -290 494 689 159 -130 -376 -365 -178 223 -259 -17 0 -394 -653 408 663 -271 0 -21 -207 318 512 0 0 716 382 594 606 -374 0 -241 26 -307 93 19 491 78 0 -353 318 4 -382 55
-174 17 325 161 0 219 -289 317 -568 -266 -359 353 -66 946 330 -21 62 -603 162 201 228 -500 0 319 147 217 0 -571 289 566 -323 193 -199 -280 81 -108 308 -161 0 -155 -374 385 313 200 -579 -479 -337 423 0 0 -719 -374 25 132 -72 109 177 985 -1 -447 0 -242 89 -489 425 -855 0 287 974 129 -388 127 277 661 0 -568 -77 0 349 446 -45 25 312 -426 130 -243 166 0 335
0 0 -793 -174 0 -189 13 -245 -214 -87 140 -3 0 884 -80 -59 400 580 0 -50 292 516 -162 458 -884 369 -410 -321 26 -270 -28 -137 411 267 492 68 602 -514 -389 136 0 86 113 165 42 -183 -482 257 -456 -188 -117 318 0 0 -8 63 -704 -596 -459 286 673 -453 -350 -30 -154 -157 381 676 -394 -317 0 -437 377 210 266 -143 -21 -268 -171 555 -382 283 463 426 -25 -327 220 0 -195
-51 0 -839 529 410 165 -36 573 152 -453 -220 907 298 -491 -226 0 266 200 -240 258 262 126 -313 -1000 80 -397 -2 -291 494 259 -132 -223 -16 -222 281 216 0 -48 -63 283 370 574 121 158 -58 -83 386 678 95 -469 -219 -466 252 393 197 414 150 -578 0 77 -30 -254 0 367 257 -176 -191 -135 428 0 -164 0 -401 -148 514 408 -369 241 0 -566 0 -531 -112 777 61 531 289 413 201
-413 -743 -85 -166 -152 -541 291 0 -739 0 -398 0 64 -507 378 -638 -441 665 0 72 -216 -188 -138 380 -54 271 167 -128 700 605 9 -196 -278 629 0 -288 2 -183 0 -325 415 -47 576 -101 -827 -527 649 -457 0 169 461 188 -303 1000 324 -279 507 288 488 -123 -237 -91 -594 -283 -167 64 118 215 118 -533 -6 -268 0 -804 -120 418 353 399 166 -106 0 209 0 -274 -215 21 197 0 422
-329 -539 0 0 694 -48 109 -12 676 -334 655 0 0 778 0 250 324 628 20 0 -753 -384 -147 0 473 -348 0 -309 -398 -7 0 540 -1000 -32 -1 -358 445 -54 0 109 -114 389 209 610 417 -602 186 310 0 -8 0 289 -622 -133 193 559 -277 -185 0 -227 209 297 -55 327 90 -535 -6 269 -286 -43 200 -20 623 388 48 429 -819 -445 201 -350 -34 -576 0 -351 111 -287 265 -311 -369
-32 173 0 -138 50 208 -231 -287 -286 359 -262 827 233 -357 684 -448 0 -788 331 0 0 636 705 0 0 752 212 0 80 555 -407 510 -201 -302 0 -242 -391 -164 -310 -449 0 -557 -149 171 -109 -95 263 0 170 1000 89 -352 -189 0 -242 0 332 73 152 674 0 965 162 0 -197 -156 202 -247 0 -29 417 0 0 -273 -214 -195 313 44 0 271 871 0 -852 11 211 -26 -596 545 -325
-527 -172 0 -582 -156 307 1 196 898 192 120 105 -342 -129 169 -97 0 326 -98 -258 814 -458 -204 -645 -180 -30 282 -74 0 -1000 420 365 -117 -421 410 0 571 -16 -263 -325 -369 -738 31 714 -42 487 -833 -326 -8 125 -405 19 0 0 156 111 -140 -582 0 255 0 -820 -392 -423 -359 0 -423 452 -355 -236 252 639 389 -501 0 0 -61 0 -179 297 877 -348 -385 904 -279 957 -436 168 -43
-335 1000 -389 -103 0 521 231 -216 -213 264 369 344 -191 -486 -233 -652 778 -133 -44 384 -571 -463 371 -51 790 -130 69 191 -349 437 642 -818 -74 0 -317 0 354 0 -585 -45 360 339 -632 -65 169 27 -452 198 -223 -354 0 575 -348 265 206 -91 -520 3 702 -343 177 0 334 -529 -272 0 -1000 29 0 -241 512 559 -283 -728 -71 -161 30 351 -373 328 0 -459 264 -237 -341 423 173 -62 0
58 -432 -113 122 326 -93 0 -307 0 -149 -14 0 217 208 163 430 184 -789 -554 408 577 421 -130 -264 -164 -1000 0 357 0 0 -627 -202 0 139 -106 178 550 -133 0 -211 -231 41 448 164 -167 0 85 0 -137 -331 72 316 -419 -525 -748 284 -403 23 -222 0 78 -288 0 -132 248 77 -382 -355 0 293 -150 97 352 140 0 0 394 123 462 -2 451 -322 -302 0 -54 -66 -209 228 648
-554 639 0 0 192 222 369 -246 0 -73 0 224 -217 0 -173 77 195 -60 16 -561 300 270 0 -191 179 44 234 239 -373 -8 -77 -661 192 0 323 -337 325 0 -939 124 414 724 5 0 -673 -542 -576 60 62 -153 0 -150 -104 -211 368 -534 -309 -165 53 -29 192 0 604 -232 -107 417 -1 -308 -373 380 -67 -355 436 -205 0 135 83 451 0 31 402 -269 159 -131 -416 -107 441 149 -75
-591 0 -352 0 0 -402 54 267 0 -5 148 -130 -698 0 -391 206 -398 484 -77 -324 -227 497 -317 -440 -147 337 -187 -415 0 -381 -404 -130 213 92 275 -211 0 -521 157 -150 247 0 -33 622 360 392 0 499 362 -168 0 -585 -399 0 588 0 -114 209 0 0 -348 271 298 -442 437 619 -96 726 -436 405 168 -162 -311 -377 -347 -37 -415 -240 225 -455 536 18 27 193 -197 620 -199 -128 0
-10 755 -687 -118 136 -392 -110 -3 37 -243 335 -506 -224 0 -905 -226 -390 374 325 -166 -394 -719 -617 -1000 279 -367 -286 -69 -191 69 98 -421 336 260 -1000 0 144 -52 -46 -544 28 0 0 840 -411 -48 -486 557 -6 264 -530 94 877 -9 -207 -325 -950 -200 132 0 -178 1000 292 425 399 0 -285 0 767 -187 526 0 -227 -373 0 0 0 0 0 0 472 0 -18 132 151 -316 -26 93 0
-205 -243 -835 -249 380 569 -641 -113 -197 118 0 201 -786 -347 362 -20 497 73 28 172 -433 -421 204 -482 173 229 -374 0 107 61 255 -448 108 0 0 -7 0 58 0 -111 -55 120 306 -55 -181 419 0 0 -24 524 250 -35 -250 199 90 433 813 156 0 283 -222 55 -107 -588 -817 -265 161 354 273 590 -579 -231 219 -167 0 -260 0 -248 95 89 720 136 398 -376 76 -379 722 -57 316
111 -373 377 598 -120 -44 189 -138 -523 -442 -317 278 -26 299 423 833 -653 -263 532 -448 -127 97 -719 0 -247 650 -305 67 -228 121 670 205 -94 27 46 0 0 -138 26 -225 0 22 10 0 0 -544 -163 0 100 -811 -46 -271 -326 -23 -187 487 -386 -392 407 0 367 -82 -325 217 266 0 -52 -108 0 306 -644 -305 69 -61 337 0 612 335 0 0 610 305 -285 728 106 -168 397 -59 186
-128 353 -71 -511 -149 -264 0 166 282 344 -299 -114 0 -109 378 0 -823 -5 -27 -53 -140 -642 297 40 -242 -302 143 -183 -414 -309 -761 327 -824 0 0 97 0 -105 583 0 -149 -516 -137 165 312 81 80 -90 327 -303 -302 -419 330 -50 -215 0 404 232 0 58 218 406 225 -171 609 -46 -31 123 247 -230 65 -414 911 -39 940 708 290 0 584 -373 498 -103 614 0 519 102 281 -326 -266
-211 60 0 0 -63 -31 435 -85 81 682 289 0 -335 -186 0 465 -525 -418 471 -194 160 214 0 -569 0 129 0 667 -133 -281 471 -25 350 -93 -348 0 263 -314 168 131 0 -74 340 -193 442 -331 -480 711 97 -340 470 -414 0 261 92 225 -216 -482 -128 -941 0 0 -562 -423 -110 454 461 -385 -444 213 -418 0 88 289 26 854 0 0 -242 -414 353 -374 340 267 0 -587 -429 -176 -97
-20 -227 -100 -185 -383 -440 296 154 -132 -149 220 -46 -251 354 -149 -403 361 -928 -543 -700 -117 -363 51 -532 -486 297 -144 121 97 -268 -329 -35 -182 -627 357 566 -415 743 -52 -119 -154 42 -482 -56 0 0 -2 -235 667 164 -279 -50 0 -279 -3 0 -93 -375 6 522 344 186 789 177 -325 93 275 278 -44 711 20 431 103 -26 -236 0 114 0 -338 -265 -318 -26 -373 402 773 -407 394 759 -282
524 0 536 -1000 799 71 -165 434 -393 -253 0 0 71 -82 0 -170 638 514 -116 0 248 -105 301 -72 -543 10 -118 484 109 310 -22 -337 -328 -877 311 -14 0 -420 406 0 192 -352 784 -93 -549 -84 -408 -230 -290 -35 343 -614 125 272 -459 -402 323 1 -314 0 164 -68 -295 -501 366 -751 -146 -39 10 -225 -300 -354 628 125 19 -644 786 -120 -43 317 -347 61 394 236 102 -25 262 0 195
0 -227 253 -217 -728 -329 686 -4 -455 422 -185 -336 0 485 38 293 291 -432 0 -203 132 0 -327 61 -276 197 323 0 -237 -413 529 203 -50 0 123 58 6 275 -84 233 374 -171 0 74 0 -201 -292 334 370 847 -268 0 165 0 231 -397 -367 -231 -47 -56 -43 160 247 -614 0 -486 0 246 -380 250 138 -421 135 -702 470 -659 0 0 591 -393 -268 250 172 676 -371 -275 -19 672 -734
0 49 -259 0 438 -86 -372 348 0 0 0 441 515 -181 0 1000 -318 319 0 -657 0 255 61 -244 277 0 -243 0 293 -377 -694 -511 0 257 0 481 -137 443 390 -233 0 109 -129 -343 -794 553 0 -57 -890 -605 -368 0 309 303 463 0 -75 -346 103 -269 177 0 -4 -606 -101 403 213 -643 -416 11 192 0 -502 0 -24 -291 79 41 110 1000 75 -136 388 -1000 616 374 -353 340 -71
-187 -29 -216 278 329 183 -728 440 0 -113 -679 205 -318 1000 -569 -21 445 0 0 380 -681 -266 60 773 188 -329 0 399 -81 379 -150 166 520 -91 -392 1000 -601 171 331 322 -244 0 -387 -296 588 -270 -369 -354 63 0 667 0 0 280 -16 19 -279 411 0 443 152 -93 0 107 89 -476 79 -1000 -6 -514 -568 -684 -197 462 -65 -334 0 -24 -475 72 473 0 318 -324 -175 0 51 -333 0
-697 -423 662 218 -156 420 0 0 105 0 19 0 -89 -539 399 0 0 -803 396 -36 0 221 -413 490 0 0 -574 -198 -159 -286 343 593 90 -144 -699 137 -104 282 0 -165 -104 -190 0 -573 -48 -305 0 -143 0 -249 230 -313 -86 412 -72 136 -540 0 0 420 157 -65 -173 -371 -382 -360 11 0 -336 89 134 -139 -256 7 -7 -396 353 -374 363 53 -458 -29 264 -784 0 0 188 -57 404
194 173 -133 0 758 97 -36 0 -203 0 -233 -70 539 0 -122 -630 71 364 -5 -69 0 736 -494 -228 -360 0 0 234 -904 461 555 -181 385 -349 381 -18 41 634 -155 64 -354 361 -37 -673 332 -368 0 -160 0 -222 -108 -182 -313 36 -581 374 -357 354 59 0 -125 -424 -138 -281 225 242 0 339 120 409 -6 31 -64 255 0 418 107 733 -163 424 0 43 446 -388 582 131 231 62 0
0 -85 -473 369 260 1000 -271 701 338 0 -401 0 0 0 0 345 159 -657 -174 0 535 37 -32 387 -556 -217 -70 -192 -171 -492 -378 -13 111 0 301 -118 -29 87 460 -228 251 191 -89 -275 -362 72 -37 -411 66 0 127 -122 107 318 -821 962 28 -306 0 0 538 -93 -570 351 -306 0 177 399 -321 131 -508 0 59 -665 0 -217 0 -703 0 -199 962 -408 -793 -238 -709 -97 85 71 216
386 -555 0 -51 -81 163 -33 -225 216 109 -188 -363 -77 1000 10 -140 -266 -236 -124 405 -44 -6 144 387 667 -110 -277 -165 -353 228 -1000 219 0 34 266 -52 -660 386 698 0 0 -257 301 853 488 428 0 -156 0 -174 226 0 -727 351 0 -61 451 48 388 -155 52 -590 150 30 67 -320 272 0 -584 -132 158 883 332 -689 -405 0 -215 73 75 -424 0 54 34 0 -57 51 0 -355 -358
125 0 0 -473 199 0 541 0 0 -589 -354 -150 0 -439 162 0 -430 419 -276 -610 0 0 -217 0 -95 -617 -76 -66 0 186 159 -20 18 -54 -176 172 721 -198 -235 -15 0 -540 -152 0 410 107 251 446 -86 -61 360 -40 -442 285 0 -568 -230 -14 134 -271 54 347 -575 -400 103 -331 -560 -615 -78 605 259 -290 0 0 -153 -417 446 910 0 25 490 267 192 0 432 -453 896 -391 656
-50 334 -74 478 534 158 -189 -21 -286 0 -2 0 433 -326 0 -400 0 -191 7 -228 -529 -86 -626 128 -237 -293 -16 352 -119 -333 930 162 -344 -20 93 -336 -155 0 -551 313 118 108 153 330 578 -55 104 0 0 0 326 352 -110 -107 238 -165 -340 307 -86 250 -130 -198 -177 -406 0 -271 255 -176 -65 707 -55 409 -23 0 473 -108 344 116 504 295 312 -390 78 724 590 303 -150 -341 352
33 710 -328 -55 74 0 0 648 0 -44 -313 -387 -131 -270 458 -74 -410 -169 213 -17 -286 118 -79 -357 792 663 204 437 -383 87 -113 -564 -307 0 368 -211 -589 76 -324 -352 -458 68 447 -765 -141 196 192 -239 0 -501 558 0 -326 80 -209 394 21 -45 -163 -57 -180 575 0 0 599 531 -427 682 592 -517 -881 -126 0 -21 0 54 -67 52 -390 143 -14 -8 45 -70 -379 160 407 190 25
124 -356 -838 0 331 -255 0 -28 -462 287 155 -399 275 3 336 0 0 178 0 0 -488 224 0 184 0 -246 -311 -78 -67 0 192 -835 -264 -311 345 -79 244 401 -384 -290 -227 -188 144 132 0 277 -304 47 -125 -713 0 0 332 -123 -121 0 518 84 92 501 330 -528 -332 -291 -419 0 244 186 1000 411 0 -101 18 -488 -495 38 0 -14 232 -546 -397 544 0 75 -178 361 1000 159 0
0 -407 -752 -124 388 -492 0 -16 -334 413 46 -285 642 0 -793 0 0 -327 -19 -372 87 67 -333 604 0 -203 341 -294 -606 -383 -184 -353 260 0 -407 -14 454 419 115 -391 533 160 577 -55 402 40 105 656 348 171 77 -206 17 -253 -42 734 -110 476 0 146 0 -189 -31 -96 -315 -543 532 -129 314 0 -216 -410 -183 9 -336 693 23 -361 -519 -63 -379 -204 126 569 30 99 -42 -761 -110
0 0 -134 6 393 510 -203 0 -124 -491 345 274 0 -394 159 0 -350 244 359 176 0 255 -183 95 678 -46 0 234 -289 -730 414 -752 -221 287 43 -362 295 26 82 -121 -373 55 -130 -311 552 0 -299 -322 -515 0 169 0 384 0 140 30 212 -37 0 0 371 142 403 -243 274 -405 102 0 322 -208 84 799 -627 364 -122 167 -294 167 0 -217 0 -679 -270 452 -375 0 484 0 -330
-635 696 106 -59 -274 -86 -306 -691 -131 -159 -98 -176 381 742 241 -565 161 -284 16 36 -60 -184 -53 68 -163 0 83 -66 205 113 318 -117 0 -321 0 -146 552 -471 -25 0 307 797 188 414 -172 284 163 0 -199 207 -444 277 0 -249 -273 0 0 630 0 251 -137 -380 3 515 0 -390 104 0 -125 0 0 81 -288 460 -402 -237 225 45 -121 0 0 226 -95 412 -196 0 489 217 -561
-387 0 344 -380 -181 208 725 13 288 -404 -302 115 -262 0 -684 229 135 821 298 -218 -202 160 258 352 252 -2 -115 -165 0 -242 253 241 419 358 885 91 279 147 329 -433 -55 -49 741 -216 178 -368 314 350 -346 -74 -285 0 287 446 -91 -731 131 -741 71 -78 -869 -1000 549 -261 -351 0 -394 340 -161 76 -219 93 -265 687 -513 265 589 297 0 469 163 -100 -150 192 -78 357 0 -594 -449
0 0 0 0 0 425 -220 -224 30 -73 -625 -806 381 -214 -675 0 374 404 -204 -30 -442 -41 -576 -365 755 -580 0 -209 -309 -130 0 -418 -55 378 -183 187 0 -144 -1000 389 -334 0 -313 -463 0 -269 0 133 -371 291 0 249 330 -798 0 78 332 -270 0 -270 -199 0 -11 0 131 254 -312 352 -456 0 -842 0 218 -1000 0 0 304 185 30 401 -183 -811 -248 258 812 -228 45 0 -248
-363 0 -17 0 440 0 -156 -364 -103 -36 675 130 -381 -690 78 -98 852 0 115 121 -133 -241 -357 0 -252 0 -80 33 336 30 159 435 341 0 -205 -170 0 -263 -1000 0 397 147 260 245 -238 -463 95 -351 0 14 23 -186 310 -208 -229 -27 99 -317 -96 -63 151 0 372 355 49 91 117 64 352 -219 -112 -208 -361 275 0 260 -121 0 0 -213 137 0 498 -13 -332 0 380 -955 -296
-21 309 255 -193 -99 -338 -257 -215 791 183 0 -329 -300 0 -661 434 0 -285 371 177 0 433 79 -224 334 0 -186 -414 -65 -240 -328 -320 301 -339 380 0 1000 -267 -81 -332 0 -89 -439 -196 230 -330 24 -231 41 -254 430 0 0 57 -101 128 -109 0 -85 125 -284 -779 -308 52 419 212 13 337 913 -4 385 756 68 -1000 -192 229 -31 0 324 61 0 0 -264 385 5 0 -229 309 391
230 580 968 641 0 -220 355 -1000 715 0 271 230 -235 0 249 248 155 282 112 23 -22 122 1000 -114 249 -324 478 -192 495 484 530 0 -694 0 604 291 -708 -24 583 -334 0 513 -284 -698 588 -129 -393 -35 202 831 -74 -233 376 92 -179 -228 -22 182 0 0 -179 115 -312 0 0 82 0 -421 -453 -117 740 167 -227 -361 187 0 -364 0 -152 -106 86 62 -425 -200 11 947 0 -43 399
288 38 -267 -522 240 0 825 -69 0 0 158 124 0 -278 -246 -387 6 536 424 62 -536 -1000 -21 0 -352 -356 0 60 0 522 666 404 -201 94 -761 0 -292 -303 -105 -104 323 -254 0 -37 277 -127 0 -383 546 804 -51 518 0 0 -130 -76 565 317 334 127 0 0 -28 -583 308 13 790 -137 270 -610 -90 -572 -498 46 -346 -786 294 107 196 -690 417 -382 -55 0 -466 -229 -324 0 169
1000 518 -127 102 172 102 -389 0 467 336 -20 -370 263 -248 -21 122 -287 367 550 636 28 -106 -52 364 -200 -211 -115 0 -231 51 23 -62 77 634 78 -407 120 257 252 -300 -198 -67 -259 -80 -275 -316 65 -25 122 -230 207 489 -219 -585 74 -424 -411 50 -224 271 0 107 109 -163 488 14 -762 -281 463 402 601 0 -739 -245 -178 277 -408 322 0 -364 621 -61 -454 14 -250 219 -580 -198 289
-71 -170 -138 40 192 -403 -44 -728 457 -365 -185 277 0 -282 206 -495 0 288 751 -296 -499 0 445 54 -167 428 174 -153 0 -1000 -395 626 177 193 33 -223 0 426 629 -372 221 -48 99 32 -299 211 0 398 353 251 -109 0 45 453 -737 603 138 -69 87 0 367 -662 -501 -291 286 294 -313 18 61 -475 560 746 -105 -294 -415 346 30 -220 -763 1 -761 104 -200 0 187 -198 -255 -264 -6
96 -114 -99 0 -518 -821 179 229 0 0 -97 166 -134 0 -94 -63 548 -897 213 0 -144 -94 0 -83 742 0 748 -170 17 -453 47 -335 -644 49 828 149 -726 0 457 -48 -457 -176 498 210 0 0 0 97 51 -402 326 0 0 588 198 0 254 -250 -348 0 0 1000 1000 783 -271 499 -224 -507 0 -28 -289 -216 -195 -109 0 0 -63 -67 -316 246 725 689 -95 0 364 1000 -365 -138 542
253 -122 -125 373 213 334 408 0 -183 709 -544 0 -745 413 -232 -248 -307 829 -336 0 -352 0 -222 0 -192 -255 193 -421 131 947 154 595 306 81 -498 351 -365 81 -463 338 454 381 -247 -324 4 0 -9 -604 -155 0 -117 1000 -49 0 -92 -270 0 0 -300 239 -401 -331 -376 95 148 239 -423 374 -158 -346 -803 0 -453 210 0 97 175 -384 0 -172 1000 0 0 -694 254 -362 -255 92 0
18 -28 -298 268 55 116 688 -248 411 -43 249 -311 212 66 270 -30 314 -29 231 4 586 0 48 446 0 9 -173 0 35 471 0 410 0 248 -15 -388 -332 -334 -276 -35 -284 0 846 1000 -200 0 451 -118 -182 140 0 -79 772 -214 62 -243 150 1000 0 -889 309 -219 -203 362 -671 210 -311 -96 -760 413 742 0 -633 -257 375 112 -594 -87 -206 -859 0 534 0 211 -26 199 -84 -234 -347
-267 -498 -61 -593 425 542 115 708 -30 -145 -67 318 0 -391 768 474 213 -590 0 -309 -611 22 -7 374 260 257 -65 -39 93 258 -349 81 168 -112 -50 0 521 0 -473 223 -162 332 -799 -1000 386 342 592 367 -201 751 -41 361 -60 -851 0 0 -195 459 300 208 655 -507 -107 572 -235 181 473 371 -130 -100 -369 404 0 375 -620 74 54 363 -37 0 -41 214 338 0 -153 75 85 461 -124
0 688 -351 0 -275 889 74 206 0 -211 926 -141 119 513 90 477 741 515 427 0 0 607 327 7 -16 126 365 174 26 -83 252 353 823 -393 387 -169 347 28 -291 86 -226 -92 78 228 -85 -72 -396 359 -248 -202 0 639 0 -132 -400 731 0 988 0 0 0 0 245 0 -11 -693 -528 -310 635 255 -185 168 380 -462 -195 -268 -77 0 -94 0 0 -278 -97 167 607 77 244 50 -435
278 692 0 385 -282 -133 -716 0 52 -128 -1000 -354 795 -149 -290 -100 59 155 341 -458 0 0 586 -297 260 884 0 316 1000 -352 0 0 -342 0 78 -796 0 0 -469 -182 708 -258 518 281 -48 682 0 -373 982 243 604 -328 0 -412 -228 -298 -395 237 37 -276 454 609 0 0 -330 520 35 -97 0 -43 -109 731 335 -57 -93 -36 242 -697 -381 -93 261 -10 1000 -1000 320 268 264 655 926
