35 32
127 0 -998 -377 0 0 276 0 -401 118 -158 961 420 151 -391 330 0 -291 273 -278 160 -531 0 -753 53 101 0 0 -125 -64 0 81
-641 -249 0 -255 -472 0 0 -328 0 232 160 -159 0 -39 -335 -194 -158 -185 0 -186 122 -83 168 -151 -13 -420 352 0 39 -415 285 453
343 -237 401 -319 303 179 -681 774 -266 111 -27 261 -215 162 215 37 336 -133 -568 28 -170 736 573 185 -350 299 -53 -442 269 73 437 191
-82 0 -28 -388 102 240 -483 278 0 -25 -60 271 -1000 747 -88 78 253 -1 -326 181 122 -384 640 662 -30 -346 -314 -597 0 274 -138 56
4 406 -30 0 -101 -372 -315 -716 -500 0 0 11 325 273 28 -293 -369 216 -318 -258 -493 0 393 -288 -684 158 596 -955 288 382 -157 -1000
324 132 0 -514 -305 285 0 -231 -263 595 0 103 0 431 0 335 654 0 158 -577 255 -320 -735 -62 -903 237 -274 -399 0 0 395 1000
0 355 -216 218 424 794 205 -247 385 -7 395 -442 0 0 -278 20 0 625 273 -130 0 -341 486 170 271 370 14 372 401 4 -643 -475
-35 237 682 -841 303 0 0 -429 396 476 499 -133 -78 1000 646 -484 0 0 156 -269 -47 0 -685 -57 419 -537 -272 124 -300 -23 182 -238
-315 -352 408 334 -738 125 -269 180 0 -309 185 345 149 137 -26 131 893 -72 0 378 -68 202 -266 581 692 -222 -144 -332 231 -30 137 0
-45 616 450 86 -34 398 -517 807 198 -459 386 -273 -569 0 0 326 0 0 0 -530 268 144 -184 426 -539 -85 233 -738 139 178 -15 83
988 16 0 -818 190 -160 955 579 -59 323 538 367 -376 -167 207 0 -778 243 -222 -123 -4 236 41 -618 -65 -346 -79 -119 -138 106 0 0
560 -566 5 340 0 772 -31 -585 -434 0 995 0 0 785 -522 0 480 0 170 -463 -527 -55 719 0 -539 -81 -343 0 -87 -639 -60 296
-372 227 -188 740 282 174 0 -6 0 -750 -105 677 375 98 -371 0 -1000 720 331 136 -135 -712 -335 0 537 392 0 354 453 356 -507 -469
0 -289 -326 441 197 0 122 291 -358 -149 -98 -77 187 331 -152 -231 -96 0 608 516 0 0 -21 386 0 232 296 -636 237 255 -98 0
-192 311 712 -461 0 -396 0 -307 -336 0 551 471 -23 -65 0 167 766 5 -116 -366 0 424 297 0 -14 -143 195 -891 145 267 -491 -335
-202 -265 -92 -220 195 36 -477 0 -1000 0 0 -26 -145 192 -87 -711 -51 -383 45 427 110 -25 -823 -406 266 -854 0 -95 95 66 0 40
104 -179 -186 -332 -409 0 -93 -408 0 0 0 0 -331 -165 -314 -177 135 -349 0 194 1000 145 10 224 40 63 76 645 3 322 63 162
0 -274 112 -328 1000 -115 -550 149 -108 -256 -135 -593 1 -359 520 87 -225 159 -225 0 0 -412 -742 -69 0 96 22 215 -50 0 -628 0
345 104 -479 973 0 -352 -206 0 -376 -695 335 -344 -521 682 389 76 -884 -351 105 -92 394 594 350 468 189 -949 109 0 -777 -388 225 207
-51 148 -8 -188 -452 0 -90 -39 582 -63 0 644 446 233 481 -297 -152 -302 0 0 1000 0 44 0 0 -594 -411 82 618 82 174 0
235 97 0 615 -386 641 -397 -412 -57 72 0 610 0 867 56 -116 -25 548 55 -95 22 -111 -464 319 506 135 12 -468 -216 0 260 0
-59 -95 -467 59 0 0 -107 431 645 447 91 -169 0 -223 271 -271 -444 -321 0 62 0 -428 232 -321 0 -357 753 -301 -125 44 -39 576
638 143 494 604 0 9 297 -433 0 313 -156 134 -157 -155 680 149 -260 11 -149 -412 571 -360 -646 -404 10 -411 0 607 0 0 66 -341
0 166 1000 468 700 141 180 -259 -97 126 122 316 7 0 0 -324 -229 -264 0 -223 572 258 0 0 99 37 117 0 -628 0 301 -483
-112 0 85 -85 -208 862 -330 -275 -397 342 -181 185 651 -11 225 760 -405 584 -481 213 -355 502 -273 145 -596 448 0 49 14 0 -568 0
198 190 152 -587 -79 -162 247 -294 6 -577 -617 0 0 -646 0 226 -233 -307 -367 -54 0 -110 -207 -288 -316 0 147 -411 162 -320 -34 -221
350 666 -144 -460 -353 -76 -766 0 0 -690 -286 -41 -305 -18 -13 125 537 0 0 394 952 -151 540 53 -379 -31 770 102 539 134 1000 122
0 243 0 63 0 357 0 533 65 470 -40 -66 -445 152 -156 -379 -364 -389 -151 0 -214 94 0 -610 -122 -145 -395 611 -405 -1000 610 -172
-98 130 -228 -126 241 230 -94 0 0 139 34 -152 183 -339 618 158 -118 103 0 -320 -187 233 0 -107 27 0 -215 -263 124 -682 330 0
0 -27 1000 0 -244 -310 338 376 -903 -722 408 0 245 144 51 -32 235 -432 241 -9 137 58 0 723 -347 262 -197 202 376 -148 211 305
16 349 306 399 -391 0 0 45 -386 0 188 263 140 358 -215 1000 -652 53 -240 569 -190 -237 223 234 15 -106 362 0 -324 -37 129 -452
-488 -37 -263 -56 385 69 -109 222 0 0 -725 0 0 504 -33 477 1000 0 0 405 89 0 -722 248 -283 0 -173 -177 -154 277 313 -606
-561 29 400 -236 0 121 -69 0 -185 -230 17 110 -46 0 123 -211 -197 -364 205 538 254 -235 0 120 110 0 0 -91 148 884 -408 235
208 107 -219 -573 746 -279 192 -709 301 -365 -4 -150 -641 -111 57 -259 561 0 -61 -210 -303 0 -225 -87 376 136 64 173 -265 -208 -680 -702
0 504 91 0 0 -166 10 -1 -251 -224 -547 229 0 78 157 477 0 -995 -454 -473 -4 -40 -202 -168 652 231 -8 -262 284 179 -13 -648
