15 14
0 -25 -15 -29 -2 -20 -21 109 0 -8 -69 -4 0 0
-48 -2 280 -15 -5 0 -8 -13 0 0 -20 -25 -16 0
0 0 -8 -22 0 0 -28 -20 -22 -21 -18 -13 -24 0
0 -4 -29 -8 -5 -6 -6 263 257 0 -2 -23 -14 -45
-21 0 0 -73 -19 -23 -5 -20 -24 -23 -17 -39 0 -39
-8 0 215 -45 0 -49 -35 -17 -42 0 -13 -35 -18 -14
246 0 385 -62 -46 -16 0 0 -21 -36 0 -2 -16 -24
-21 -37 0 191 213 0 -2 -26 -47 -33 -7 0 -21 -14
0 -26 0 -22 -16 0 0 -16 -6 0 -27 -37 0 -25
-15 -31 0 -13 0 0 0 -5 -5 -24 0 0 0 -18
0 -27 0 -29 0 0 -29 -24 0 -37 0 0 -9 -3
-20 0 -8 0 -10 0 -13 -14 -31 -4 0 0 -24 -7
-17 -22 0 0 -18 0 0 0 -24 -31 -4 0 -1 0
0 -7 -46 -65 -47 294 -20 0 -5 0 0 -4 -22 -35
0 0 -30 0 -32 0 -7 -25 0 -9 -43 -3 338 -26
