20 20 2
0 0 0 0 0 0 1 0 0 1 0 0 0 0 0 0 0 0 0 0
0 0 0 0 0 0 1 0 1 0 1 0 0 0 0 0 0 0 0 0
1 0 0 0 0 1 1 0 0 1 0 0 1 0 0 0 0 0 0 0
1 1 0 0 0 1 0 0 0 1 1 0 1 1 0 0 1 0 0 0
1 1 1 0 0 0 0 1 1 1 1 0 1 0 0 1 1 0 0 0
1 0 0 1 0 0 0 0 1 1 1 1 0 0 0 1 1 0 0 0
1 1 0 0 0 0 1 1 1 0 1 1 1 1 1 0 0 0 0 0
0 0 1 0 0 1 1 0 0 0 0 1 0 1 1 1 0 0 1 0
0 0 1 0 1 0 1 1 0 1 0 1 0 0 0 0 1 1 0 0
0 0 0 0 0 1 0 0 0 0 0 0 0 0 0 0 0 0 0 0
1 1 1 0 0 1 1 0 1 0 0 0 0 1 1 1 1 0 1 0
1 0 1 1 0 1 0 1 0 1 0 1 0 1 0 0 0 1 0 0
1 1 0 0 0 1 0 0 1 0 0 0 1 0 1 1 1 1 1 0
0 0 1 0 0 0 1 1 1 0 0 0 0 1 0 0 1 0 0 0
1 0 1 0 0 0 1 1 1 0 0 0 0 0 0 0 1 1 1 1
0 0 0 0 0 1 1 0 0 1 0 0 1 1 0 0 0 0 0 1
0 0 0 0 0 1 0 0 1 1 1 0 1 0 1 1 1 1 1 1
0 0 0 1 0 0 1 1 0 1 1 1 0 1 1 1 1 1 0 1
0 0 0 0 1 1 1 0 0 1 0 1 1 0 1 0 1 0 0 1
0 0 0 0 1 0 0 0 1 0 0 0 0 1 1 1 1 1 1 0
30
6 4
1 0 1 0
1 1 0 1
0 0 0 0
0 0 0 1
1 1 0 1
0 0 1 1
5 6
1 0 1 0 1 1
0 0 1 0 0 1
1 1 1 0 1 1
1 0 0 1 1 1
1 0 1 0 1 1
6 5
0 1 0 0 1
0 1 0 1 1
1 1 0 0 0
1 0 0 0 1
0 1 1 1 0
1 0 1 1 0
6 5
1 0 1 0 1
1 0 1 0 1
1 1 1 0 1
0 0 1 1 1
0 0 0 0 1
1 0 0 0 1
5 4
1 0 0 0
1 1 0 0
1 1 1 0
1 1 0 1
1 0 0 1
5 4
1 0 1 0
1 1 1 0
1 1 0 1
1 0 0 0
1 1 1 0
4 4
0 1 0 1
0 1 1 1
0 1 0 0
0 0 1 1
4 4
0 0 1 0
0 0 0 0
0 1 1 0
0 1 0 1
6 4
0 0 0 0
1 1 0 1
1 0 1 1
1 0 1 0
1 1 0 0
0 1 1 1
5 5
1 1 1 0 1
1 0 1 0 1
1 1 0 0 1
0 0 1 0 1
1 0 1 1 0
4 6
1 0 0 1 0 1
1 1 1 1 1 0
0 0 0 1 1 1
1 1 1 1 0 0
6 5
0 1 0 1 1
1 1 0 1 0
0 1 1 0 0
1 0 0 0 1
0 0 0 1 0
1 1 0 0 0
4 6
1 1 0 1 0 0
1 0 0 0 0 0
0 1 0 0 1 0
0 1 0 1 0 0
6 5
0 0 0 0 1
1 1 1 1 0
1 1 0 0 0
0 0 0 0 1
1 1 1 1 0
1 0 1 1 1
6 5
0 1 1 0 1
1 0 1 0 0
0 0 0 0 0
1 1 1 1 0
1 1 1 0 0
1 0 0 0 1
6 6
0 1 1 1 1 1
0 1 0 1 1 1
1 1 1 1 0 1
0 1 1 0 1 1
1 1 0 1 1 1
0 1 1 0 0 0
4 5
0 0 0 0 1
1 0 1 1 0
0 1 0 0 1
0 0 0 0 1
4 5
1 1 1 1 1
1 1 0 1 1
0 1 0 0 1
0 0 0 1 0
5 5
0 0 0 0 1
0 1 1 0 0
1 1 0 0 1
1 0 1 1 0
1 1 1 1 1
6 6
0 1 1 1 1 0
1 1 0 1 1 1
1 1 1 0 1 1
0 0 1 0 0 0
0 0 1 0 1 0
0 1 0 1 0 0
4 4
1 0 0 1
1 1 0 1
0 1 0 0
0 0 1 1
5 4
0 1 1 0
1 1 0 1
0 0 1 1
0 1 0 1
1 0 0 1
4 6
0 1 0 0 1 1
0 1 0 0 0 0
1 0 1 1 0 0
1 1 0 1 1 0
5 5
0 1 1 1 1
0 0 0 0 1
1 0 0 1 0
0 0 1 1 1
0 0 1 0 1
6 6
1 1 1 1 1 1
1 1 0 0 1 0
1 1 1 0 1 0
0 0 1 1 0 1
1 0 0 1 0 1
1 1 1 0 0 1
4 5
1 0 0 0 0
1 1 1 1 1
1 1 0 1 1
0 1 0 1 0
5 4
0 1 0 1
1 1 0 1
1 1 1 0
0 0 1 0
0 0 1 0
5 4
0 1 1 0
1 1 0 1
1 0 1 0
1 1 0 0
0 0 1 0
5 6
0 0 0 0 0 0
1 1 0 1 0 1
0 1 0 0 0 0
0 0 0 0 0 1
0 1 1 1 0 0
6 4
1 1 0 0
1 0 0 1
1 0 0 1
0 1 1 1
1 0 0 0
0 0 1 1
