30 30 3
0 0 0 0 0 0 0 0 0 0 0 0 0 0 0 0 0 0 0 0 0 1 2 2 2 1 1 1 2 0
0 0 0 0 0 0 0 0 0 0 0 0 0 0 0 0 0 0 0 0 2 1 1 0 2 1 2 1 0 0
0 0 0 0 0 0 0 0 1 2 1 0 2 1 2 0 1 1 1 0 2 0 2 0 1 0 2 0 0 2
0 0 0 0 0 0 0 0 1 2 2 2 0 2 2 0 0 1 2 0 2 2 0 1 1 1 0 0 0 2
0 0 0 0 0 0 0 0 1 0 0 2 0 0 1 0 0 0 0 1 2 0 2 0 2 0 0 0 2 1
0 0 0 0 0 0 0 0 1 0 2 0 0 1 1 2 0 1 2 0 1 0 1 2 1 0 1 1 0 2
0 0 0 0 0 0 0 2 0 2 2 0 2 2 1 1 2 1 1 0 1 1 0 1 1 0 1 2 0 2
0 0 0 0 0 1 2 2 2 1 0 0 0 1 2 1 0 0 1 0 1 0 1 0 2 1 2 0 1 2
0 0 0 1 1 1 0 0 2 0 2 2 0 0 0 0 0 1 2 1 2 1 1 1 0 0 0 2 1 0
0 0 0 0 1 2 2 2 1 0 2 2 0 0 2 0 2 2 2 2 0 0 2 2 2 1 2 0 0 0
2 1 2 2 1 0 0 2 1 2 2 2 0 0 0 1 0 2 0 2 1 2 1 0 1 2 2 0 0 1
1 2 0 0 0 1 1 0 2 1 1 0 0 0 2 2 2 2 2 1 2 2 0 0 0 1 0 1 1 1
2 1 0 2 1 2 0 0 0 1 0 2 1 0 1 1 2 1 1 1 0 2 2 0 2 2 1 1 2 0
0 0 1 1 0 1 0 2 2 1 0 2 1 1 0 2 1 1 2 1 1 1 0 0 0 1 2 1 1 1
0 2 2 2 0 1 1 1 2 2 0 2 1 0 0 1 2 1 0 2 0 0 0 0 0 2 2 2 2 1
1 2 1 0 2 1 0 2 1 1 2 1 2 2 0 2 1 2 1 2 2 0 2 1 0 0 2 2 2 2
2 1 1 0 2 0 0 0 2 0 0 2 1 2 2 1 2 2 1 2 0 2 0 2 2 0 0 0 0 0
0 0 1 1 1 1 0 0 0 0 0 2 0 2 1 0 2 2 2 0 0 2 1 2 2 0 0 0 0 0
0 2 2 2 1 0 1 2 0 0 2 2 2 2 2 1 2 0 0 1 0 0 2 2 1 1 1 1 1 1
0 1 1 0 1 1 2 0 2 2 2 1 2 2 2 1 2 0 1 1 2 2 2 0 2 0 0 1 1 2
0 1 2 0 2 2 0 2 0 2 1 2 2 0 2 1 1 0 0 0 0 1 0 1 1 2 2 2 0 1
0 0 0 1 1 0 0 1 0 2 1 1 1 1 2 0 1 2 0 0 2 0 0 0 2 0 2 1 0 2
2 2 2 2 1 1 0 2 0 0 0 2 2 2 1 2 2 0 2 1 1 1 0 1 1 1 2 0 1 2
0 1 1 1 2 0 2 0 0 0 1 1 2 0 1 1 2 0 1 0 2 0 1 0 0 1 1 0 1 2
0 1 0 1 2 2 0 1 0 0 2 2 1 0 1 1 0 1 2 2 2 1 1 0 1 1 0 2 0 0
2 0 1 1 2 1 1 2 0 0 0 2 2 0 1 0 2 0 2 1 1 0 1 1 1 2 1 1 0 0
1 0 2 0 1 0 0 1 2 1 2 2 1 0 1 0 1 2 0 2 0 0 1 0 1 0 0 0 0 0
0 0 1 1 0 0 0 1 2 2 0 1 0 1 0 0 0 0 0 1 1 2 0 0 1 0 1 0 0 0
2 0 0 2 2 0 0 2 0 2 1 0 2 2 1 0 0 0 0 1 2 1 1 0 0 0 0 0 0 0
2 1 1 2 1 0 0 0 1 2 2 0 0 0 0 0 0 0 0 0 1 0 1 0 0 0 0 0 0 0
50
4 5
0 1 1 2 2
2 2 1 2 1
1 1 0 2 2
2 1 0 0 0
7 8
1 1 0 0 2 2 2 0
1 0 0 0 2 2 1 1
0 2 1 0 1 2 1 2
0 2 2 1 0 2 2 2
2 2 0 1 0 0 0 1
2 0 1 2 0 1 2 2
2 0 0 1 0 2 0 2
8 8
1 0 0 2 2 1 1 2
1 2 0 1 0 1 2 1
0 0 2 1 0 2 0 0
2 0 1 0 0 1 0 0
1 2 0 0 1 1 1 1
0 2 2 1 0 2 0 2
2 0 1 0 2 0 1 0
2 0 2 1 2 1 0 0
7 8
1 0 0 0 2 0 2 1
1 2 0 0 0 0 2 2
2 0 1 2 2 0 2 0
0 2 1 0 1 2 1 0
2 2 0 0 2 0 2 0
1 1 2 1 1 1 2 0
2 2 2 1 0 1 1 0
8 7
1 2 1 1 2 2 2
1 2 2 2 2 1 2
1 2 0 2 2 0 1
0 0 1 1 2 2 2
2 1 2 0 0 2 0
1 0 1 0 1 2 1
2 1 0 1 1 2 0
0 0 2 2 2 0 0
8 6
2 1 1 2 0 0
1 2 2 1 0 1
1 1 2 2 0 0
0 1 2 1 0 0
0 1 0 2 1 1
0 1 0 0 2 2
1 2 1 0 1 1
2 2 1 2 0 0
8 4
2 0 2 1
2 2 2 2
1 0 0 0
2 2 2 1
2 1 1 2
0 2 1 2
0 1 2 0
0 2 1 0
6 6
1 0 2 1 1 0
2 1 1 0 1 2
2 1 0 1 0 1
0 2 0 2 2 1
0 2 1 2 2 0
0 0 2 0 2 0
8 5
2 2 2 0 1
1 0 2 2 0
1 2 1 2 2
0 2 0 1 2
2 2 2 1 0
2 0 1 1 0
2 2 2 1 0
2 2 0 1 1
4 7
1 0 1 0 0 2 0
1 0 2 2 2 0 0
2 1 2 2 2 2 2
1 1 2 0 1 1 1
5 7
0 1 2 2 1 0 0
2 2 1 2 1 2 2
1 1 1 0 0 1 1
0 0 1 0 0 0 1
2 2 2 1 1 0 2
4 6
2 1 2 0 1 1
2 1 1 1 0 0
2 0 0 1 1 1
2 0 1 0 0 2
7 6
1 2 2 1 1 0
2 0 0 0 0 0
1 2 1 2 1 2
2 2 2 0 1 2
2 1 2 2 1 0
2 1 0 0 1 1
0 2 0 1 1 2
8 5
2 2 2 2 2
0 0 2 2 1
1 1 1 0 2
0 1 2 0 1
2 1 0 2 1
2 2 0 2 1
0 2 1 0 0
0 2 2 0 0
8 5
1 0 1 1 0
0 1 0 0 0
0 1 1 1 1
1 0 1 1 1
1 0 2 1 1
0 1 0 0 0
1 2 1 1 0
0 0 0 0 1
8 8
2 1 1 2 1 0 2 2
2 2 2 0 0 2 2 2
1 2 0 2 2 1 2 0
2 2 0 1 2 2 0 2
0 2 0 2 1 0 1 2
1 0 1 0 1 0 2 0
0 2 1 0 2 2 1 2
2 2 0 0 2 1 0 2
5 8
2 0 0 1 0 0 0 2
2 1 2 1 0 1 1 0
2 1 1 0 2 0 2 0
1 0 1 2 0 1 1 2
0 2 1 1 0 0 0 0
6 7
1 2 0 2 0 1 2
2 0 1 2 1 1 1
2 1 2 1 2 0 2
2 1 1 0 0 1 0
2 0 0 2 0 1 0
2 1 1 0 2 1 1
5 8
0 2 2 1 1 0 2 2
2 0 1 2 1 0 2 0
1 2 2 0 0 1 0 2
2 1 1 0 0 0 0 0
0 1 1 2 0 1 0 0
4 8
1 1 0 1 2 1 2 1
2 2 1 1 0 2 1 2
2 0 0 1 1 2 1 1
2 0 1 0 1 0 0 2
4 7
1 2 0 2 1 0 0
1 2 0 2 1 0 0
0 2 1 0 0 1 2
1 2 1 2 0 2 2
5 6
1 0 2 0 0 1
1 2 0 2 1 2
2 0 1 1 2 0
2 0 0 0 2 0
0 0 1 1 0 1
4 5
2 0 0 0 2
2 1 2 0 0
1 0 0 1 1
1 2 2 1 2
8 6
0 0 0 1 2 2
2 2 0 2 2 1
1 0 2 0 1 2
0 1 1 1 1 1
1 2 0 2 0 2
0 1 1 0 0 2
0 1 0 0 2 0
2 2 0 0 1 0
8 7
0 0 2 1 1 0 2
2 2 2 0 0 0 2
0 2 0 2 1 1 1
1 0 2 1 2 1 0
2 1 0 2 0 1 1
2 1 0 2 1 1 1
1 2 0 2 1 0 0
0 2 2 0 2 1 2
8 7
0 1 1 0 2 0 2
2 0 0 2 1 1 1
2 2 1 0 0 1 1
1 1 2 1 2 1 2
1 0 2 0 1 1 0
2 2 2 2 2 2 2
2 1 0 1 0 0 1
2 2 1 1 1 0 0
7 5
1 0 0 0 0
1 0 1 0 2
1 0 2 2 1
0 2 2 1 1
0 1 1 2 2
1 1 2 0 2
1 0 1 2 0
8 4
2 0 0 0
2 2 2 0
2 2 1 2
1 2 1 1
2 2 2 0
2 2 1 1
2 1 1 0
0 1 2 1
4 8
1 2 0 1 2 2 2 0
1 0 0 2 2 2 2 0
1 1 0 2 2 2 1 2
2 2 0 2 1 1 2 2
8 4
0 0 1 0
0 1 0 0
1 1 2 2
0 2 0 2
0 2 1 0
1 0 1 1
0 0 1 0
1 2 0 2
4 6
0 1 2 2 1 0
0 0 2 1 1 1
1 1 2 1 1 0
2 1 1 0 2 2
4 7
2 1 2 2 1 0 2
2 1 1 1 1 2 1
1 2 0 0 2 2 2
1 2 0 0 1 0 0
6 5
1 2 0 0 2
2 1 2 2 2
1 2 1 2 0
2 1 1 0 0
2 2 2 0 0
2 2 2 2 1
7 8
0 1 1 0 2 2 1 2
0 1 1 0 0 2 0 2
2 2 2 0 0 0 2 0
0 0 2 1 0 2 1 1
1 1 2 2 1 2 0 1
0 2 1 2 0 1 1 1
0 0 0 0 2 2 0 1
5 5
0 2 1 1 0
2 0 0 1 1
0 1 0 1 0
2 2 0 2 1
2 0 0 0 1
5 7
0 0 0 0 2 2 0
0 0 1 1 1 1 2
1 0 0 1 2 2 1
2 1 2 1 1 2 1
2 0 0 2 2 0 1
5 8
1 1 0 0 2 1 2 1
1 1 2 0 0 2 1 1
1 2 1 2 2 0 2 0
0 0 1 0 1 2 2 0
2 1 2 2 2 2 1 0
8 5
2 0 2 1 0
0 1 1 2 0
1 0 1 0 2
0 0 2 2 2
2 0 1 0 0
1 2 0 0 2
1 0 0 0 2
1 2 1 1 1
8 4
0 2 2 0
1 1 0 1
1 2 0 2
1 1 0 0
0 0 0 1
1 2 0 0
0 1 1 0
1 0 1 2
7 8
0 1 2 2 1 0 1 0
0 0 2 1 0 0 2 1
2 1 2 1 2 0 2 0
2 2 1 0 2 2 2 0
0 1 2 2 2 2 0 0
1 2 0 1 0 1 0 1
0 2 1 1 1 0 1 0
8 5
1 0 1 2 0
2 2 1 2 0
1 1 2 2 2
0 2 2 2 0
0 2 2 1 0
2 0 2 1 2
1 1 2 2 2
0 1 1 2 2
4 8
2 0 1 1 0 2 0 1
0 1 1 1 0 1 0 2
0 0 1 0 1 1 0 2
2 2 1 0 2 0 0 1
6 7
2 0 2 0 1 0 1
1 2 1 1 2 2 0
0 1 0 0 0 2 2
1 0 0 0 0 0 1
1 1 1 0 0 0 0
2 1 2 2 0 0 0
4 6
0 0 1 2 0 0
1 2 1 1 2 0
0 1 1 1 0 2
1 1 1 2 2 2
8 5
0 2 0 1 0
0 2 0 0 1
1 1 2 2 1
2 1 1 1 0
2 0 2 1 2
1 0 0 0 1
0 0 1 1 0
2 2 2 1 2
6 4
0 0 1 2
1 0 2 0
0 2 1 1
1 1 0 1
1 1 1 1
0 2 1 1
5 5
0 1 1 1 2
0 2 0 0 2
1 0 0 2 1
1 0 2 2 0
2 2 2 1 2
4 6
2 1 1 1 1 0
2 0 0 1 1 2
1 2 0 2 0 2
2 0 1 2 2 1
4 8
2 2 2 0 0 1 0 1
2 0 0 2 2 1 2 1
2 1 2 2 1 1 2 1
1 1 1 0 0 0 1 1
4 7
0 1 0 1 1 2 1
0 2 0 1 2 1 0
2 0 0 2 2 0 0
2 2 1 2 2 0 2
