30 30 2
1 1 1 1 0 0 0 0 0 1 0 0 1 1 1 0 0 1 1 0 0 0 0 1 0 0 1 0 1 0
1 0 0 0 1 1 0 0 0 1 1 0 0 0 1 0 0 0 1 1 0 0 0 1 0 0 1 1 1 0
0 0 0 1 1 0 1 1 1 1 0 0 0 1 0 0 1 0 0 0 0 0 0 1 1 1 1 1 0 0
0 0 0 0 0 1 0 0 1 0 0 1 1 1 0 0 1 0 1 1 1 1 0 0 1 1 0 0 0 0
0 0 1 1 0 1 1 0 0 0 1 1 1 1 0 1 1 0 0 0 0 0 0 0 0 0 1 1 0 0
0 0 1 0 1 1 0 1 0 0 0 0 1 1 1 0 0 1 1 0 0 1 0 1 0 0 1 0 1 1
0 1 1 0 0 1 0 0 1 0 0 0 1 1 0 0 0 1 1 1 1 1 0 0 0 0 1 0 0 0
0 1 1 0 0 0 1 0 0 0 0 0 1 0 0 0 1 1 1 1 0 0 1 0 0 0 1 1 1 1
0 0 0 0 0 1 0 0 0 0 0 0 1 1 1 1 0 0 0 0 0 1 0 0 0 0 1 0 1 0
0 0 0 0 0 0 1 1 1 0 0 0 0 0 0 0 0 1 1 1 0 1 1 0 0 1 1 1 0 0
0 1 1 1 1 1 0 0 1 1 0 1 1 1 1 0 0 0 0 1 1 1 1 0 1 1 0 0 0 0
1 1 1 0 1 1 1 0 0 0 1 0 1 0 1 1 1 1 0 1 1 0 0 1 0 1 0 0 0 0
0 1 0 0 1 0 0 0 0 0 1 0 0 0 1 1 0 1 0 0 0 0 1 1 1 0 1 1 0 0
1 0 1 0 1 1 1 1 1 1 0 0 0 0 0 0 1 1 1 1 0 1 0 1 1 0 0 1 0 0
1 1 1 0 0 0 0 1 0 0 0 1 0 0 1 0 1 1 0 0 1 0 1 0 0 1 0 1 0 0
0 1 0 0 0 1 0 1 0 0 0 1 0 1 0 0 0 0 1 1 1 1 0 1 1 0 0 0 0 0
0 0 0 1 0 0 1 1 1 1 0 1 0 0 0 1 1 0 0 0 0 1 1 1 1 1 1 1 1 0
0 0 0 1 0 1 1 1 1 1 0 0 1 1 1 0 0 0 0 1 0 0 1 0 1 1 1 0 0 0
0 0 0 0 1 0 0 1 0 1 0 0 0 1 1 0 1 0 1 0 0 1 0 0 1 1 0 0 0 0
0 1 0 1 1 1 1 1 0 1 0 0 1 1 0 1 1 1 0 0 1 0 1 1 0 1 0 0 0 0
1 0 0 0 0 0 1 0 1 0 0 0 0 0 0 1 0 0 0 0 0 1 0 1 1 1 0 0 0 0
0 1 0 1 1 1 0 1 0 0 0 0 0 0 1 0 1 0 1 1 0 0 0 0 0 0 0 0 0 0
1 0 1 1 0 1 0 1 1 0 0 0 0 1 0 0 0 0 1 0 0 1 0 0 0 0 0 0 0 0
1 0 0 0 0 0 0 0 1 0 0 0 0 0 1 0 1 0 1 0 1 1 1 1 0 1 1 0 0 0
0 1 1 1 0 1 0 0 1 0 0 0 1 1 1 1 0 1 1 0 1 1 1 1 0 0 0 0 0 0
0 0 1 1 1 0 0 0 0 1 0 1 0 1 1 1 1 1 1 0 1 0 1 1 1 0 0 1 0 0
0 1 1 0 1 0 1 0 1 0 1 0 0 0 0 1 0 1 0 1 1 0 1 0 1 0 1 1 0 0
0 1 0 0 1 1 1 1 0 0 1 0 0 0 1 0 0 0 1 0 0 1 0 0 1 1 1 0 0 0
0 1 0 0 0 1 1 0 0 1 0 0 0 0 1 0 0 0 0 1 0 1 0 1 0 0 1 0 0 0
0 0 0 1 0 1 0 0 1 1 1 1 0 0 0 1 0 0 0 0 0 0 0 1 0 1 0 1 0 0
50
7 6
1 1 0 0 0 0
0 0 1 0 0 0
0 0 1 0 1 0
1 1 0 1 1 0
0 1 0 0 1 0
0 0 1 0 0 1
1 1 0 0 0 0
8 4
1 0 0 1
1 1 0 0
1 1 0 0
1 1 1 1
1 0 0 0
0 0 0 0
1 0 1 1
1 1 0 0
6 7
0 1 1 0 1 0 1
0 0 1 0 1 1 1
0 1 1 1 0 0 0
1 0 1 0 0 1 1
0 0 1 1 0 1 1
0 1 0 0 0 0 0
4 5
1 0 1 1 0
1 1 1 1 0
1 0 0 0 1
0 1 1 1 1
6 8
1 1 0 1 0 0 0 1
1 0 1 0 0 0 1 1
1 0 0 1 0 1 1 1
1 1 1 1 0 0 1 1
1 0 0 1 0 1 0 1
1 0 1 0 1 0 0 0
4 7
0 1 0 0 0 1 0
1 1 1 1 0 0 1
1 0 0 1 0 1 1
0 0 1 0 0 0 1
5 4
0 0 0 1
0 1 0 1
1 1 0 1
1 1 1 1
1 1 1 0
5 6
1 1 0 1 0 1
1 1 0 1 1 1
1 0 0 1 1 0
1 1 1 1 0 0
0 0 1 0 1 0
5 5
0 0 1 0 1
0 1 1 1 1
0 0 0 1 0
0 1 0 1 0
1 0 1 0 1
4 6
1 1 1 0 1 1
1 1 1 1 1 0
0 0 0 1 1 1
0 1 0 1 0 0
5 7
1 1 0 0 0 1 0
1 1 1 0 0 1 0
1 0 0 0 0 1 0
0 1 1 0 0 0 0
0 1 0 0 1 0 1
6 8
1 1 1 0 1 0 1 1
0 0 1 1 0 0 0 0
1 0 0 0 1 0 1 1
1 1 0 0 1 0 0 0
1 0 0 1 1 1 1 0
0 0 1 1 0 1 1 0
4 5
1 0 1 1 1
0 1 0 0 0
0 1 1 1 1
0 1 0 1 0
6 7
1 0 1 1 0 0 0
1 0 1 1 1 1 0
1 0 0 1 1 0 0
0 1 1 1 0 0 0
0 0 1 0 1 1 1
0 0 0 0 0 1 0
4 6
1 1 1 1 0 0
1 0 0 0 1 1
0 1 1 1 1 0
0 1 1 0 0 0
7 8
1 0 0 0 1 1 1 0
1 0 0 0 1 1 1 1
1 1 0 0 0 0 1 1
1 1 1 1 0 1 0 0
0 0 1 0 1 1 1 0
0 0 1 1 0 0 0 0
0 1 1 1 1 1 1 0
4 4
0 1 0 0
0 1 0 1
1 0 0 0
1 1 1 0
4 4
0 1 0 1
1 1 0 0
1 1 0 0
0 1 0 1
7 4
0 0 0 0
0 0 0 1
0 0 0 1
1 1 1 1
0 0 1 0
1 0 1 0
0 1 0 0
5 7
0 0 0 0 0 0 0
0 0 0 0 0 0 1
0 1 1 0 1 1 1
0 1 0 0 1 1 1
0 1 1 0 0 1 1
6 7
0 0 1 0 1 0 0
1 0 1 1 1 0 0
0 0 1 0 0 0 0
0 0 1 0 0 0 1
0 1 0 1 1 0 1
1 0 0 0 0 1 0
7 5
0 1 1 0 1
1 0 0 0 1
0 1 1 0 0
1 1 1 1 0
1 0 1 1 1
0 1 0 0 0
0 0 1 1 0
5 4
1 0 0 1
0 0 0 0
0 0 0 0
0 0 0 0
0 0 1 1
5 4
0 1 1 0
1 1 0 0
0 1 1 0
0 1 0 0
0 1 1 1
6 4
0 1 0 0
0 0 0 1
1 0 0 1
0 1 0 0
1 0 0 0
1 0 1 0
6 7
1 1 0 0 1 1 1
0 0 1 1 1 1 0
1 1 0 0 0 1 0
1 0 0 1 0 1 1
0 1 0 0 1 1 1
0 0 1 1 1 0 1
6 4
1 0 0 0
1 0 0 0
1 1 0 0
1 0 1 0
0 1 1 0
1 1 1 1
6 4
1 0 0 1
1 1 0 0
1 1 0 0
1 1 0 0
1 1 1 0
0 1 1 1
4 7
0 0 1 1 1 0 1
0 0 1 0 0 0 0
1 1 1 1 0 1 0
1 1 0 1 1 0 0
4 5
0 1 0 0 0
1 0 0 0 0
1 0 0 0 1
0 1 0 0 0
5 7
1 0 0 0 1 0 1
1 0 1 0 0 1 0
1 1 0 1 0 1 1
1 1 0 1 0 0 1
0 0 1 0 0 0 1
5 7
0 1 0 1 0 1 1
1 0 0 1 1 1 0
1 0 0 1 1 1 1
1 1 0 0 1 0 1
1 0 1 1 0 0 1
7 8
0 1 0 0 1 0 1 0
1 1 0 1 0 0 0 1
0 1 1 0 1 0 0 0
0 0 0 0 0 1 1 1
0 1 1 1 0 0 0 0
1 0 1 0 1 1 0 1
1 1 0 1 1 0 0 0
8 7
1 1 1 0 0 1 1
0 0 1 0 0 0 0
1 0 1 0 0 1 0
1 1 1 1 0 0 0
0 1 0 1 0 1 0
0 0 1 0 1 0 1
1 1 0 0 1 1 0
0 1 0 0 1 0 1
5 7
1 1 0 1 1 1 0
0 1 0 1 0 1 1
1 0 0 0 1 0 0
0 1 0 1 0 0 1
1 0 0 0 1 0 0
7 5
1 0 1 0 0
0 1 1 1 1
1 0 1 1 1
1 0 1 1 1
0 1 1 1 1
1 0 1 1 0
1 0 0 1 0
5 5
1 1 1 1 1
0 1 1 1 0
1 0 1 0 0
1 1 1 0 0
1 0 0 0 0
4 4
0 0 0 1
0 0 1 1
1 0 0 1
1 0 1 0
6 4
0 1 1 0
0 0 0 1
1 1 0 0
1 1 0 0
1 1 0 1
1 1 0 1
7 4
0 1 0 1
1 0 0 1
0 1 1 0
0 0 0 1
0 0 0 0
0 0 0 0
1 1 1 1
5 7
0 0 1 1 1 1 0
0 1 0 1 1 0 1
1 0 1 1 0 0 1
1 1 1 0 0 1 0
0 1 0 0 0 0 1
7 5
0 1 0 0 1
0 0 0 1 0
0 0 1 1 0
0 1 1 1 0
1 1 1 1 1
1 1 0 0 0
0 1 1 0 1
8 7
0 0 1 1 0 1 0
0 0 0 1 0 1 0
0 0 1 0 0 1 0
0 0 0 1 1 0 1
1 0 0 0 1 0 1
0 1 1 1 0 1 0
1 0 0 0 0 0 0
1 0 1 1 0 1 0
6 8
1 1 0 0 0 1 1 1
0 1 0 1 1 0 0 1
0 1 1 0 0 1 0 1
0 1 0 1 0 1 1 0
1 1 0 0 0 1 0 1
1 1 1 1 1 0 1 0
6 5
0 0 0 0 0
0 1 0 1 1
1 1 1 0 0
0 1 1 1 0
0 0 0 1 0
0 0 0 0 1
8 6
0 1 0 1 1 0
0 0 1 0 1 0
1 1 1 0 0 0
0 1 0 1 0 0
1 0 1 0 0 0
0 1 1 0 0 1
1 1 1 1 1 0
0 0 1 1 1 0
8 4
0 1 0 0
1 1 0 0
0 0 0 0
0 1 0 0
1 0 0 0
1 0 0 0
0 1 1 1
0 1 0 0
4 7
1 1 0 0 1 1 0
0 1 0 0 0 1 1
1 0 0 1 1 0 0
0 0 0 0 1 0 0
7 5
0 1 1 1 1
1 1 1 0 1
0 1 1 1 0
1 1 1 0 1
0 0 0 0 0
1 0 1 1 1
0 1 1 0 0
8 5
1 0 1 1 0
1 1 1 1 1
1 1 0 0 0
1 1 0 1 1
1 1 1 1 1
0 1 0 1 1
0 0 1 0 0
1 1 1 0 1
