37
0 1 2 14 7
60 2 3 14 16
120 2 4 17 22
180 2 5 22 26
200 1 2 23 9
240 2 6 28 29
240 1 8 9 25
260 2 7 30 7
300 2 9 34 35
300 2 10 12 33
320 2 11 38 8
360 2 12 34 41
360 2 13 13 38
380 2 14 47 10
400 1 2 35 23
420 2 15 41 47
420 2 16 11 47
440 2 17 54 5
440 1 8 26 44
460 2 18 42 25
480 2 19 45 52
480 2 20 9 56
480 1 24 48 41
500 2 21 54 14
500 2 22 22 52
520 2 23 46 21
540 2 25 50 55
540 2 26 18 54
540 2 27 49 37
560 2 28 54 23
560 2 29 30 55
580 2 30 45 22
600 2 31 57 55
600 2 32 26 57
600 2 33 56 32
600 1 2 36 59
640 1 8 60 55
