1-100,100 1.54
1-10,10 63875 0.00
1-15,15 97168 0.04
1-20,19 168129 0.26
1-3,3 1371 0.00
1-35,34 595217 13.79
1-5,5 8052 0.00
1-7,7 20961 0.00
2.1-10,10 148373 0.00
2.1-15,15 461935 0.03
2.1-20,20 1037145 0.30
2.1-3,3 3336 0.00
2.1-35,34 5703879 10.62
2.1-5,5 23413 0.00
2.1-7,7 49169 0.00
3-10,10 64217 0.00
3-15,15 95811 0.04
3-20,20 210086 0.33
3-3,3 3264 0.00
3-35,33 574367 11.29
3-5,5 9256 0.00
3-7,7 17874 0.00
4-0.050-10,9 4184 0.00
4-0.050-15,14 10784 0.01
4-0.050-20,17 15718 0.03
4-0.050-3,3 227 0.00
4-0.050-35,30 55902 1.15
4-0.050-5,5 1288 0.00
4-0.050-7,7 2222 0.00
4-0.100-10,10 6137 0.00
4-0.100-15,13 14482 0.01
4-0.100-20,18 28642 0.06
4-0.100-3,3 519 0.00
4-0.100-35,35 101803 3.48
4-0.100-5,5 1875 0.00
4-0.100-7,7 3194 0.00
4-0.250-10,9 19496 0.00
4-0.250-15,14 30902 0.02
4-0.250-20,18 40351 0.11
4-0.250-3,3 543 0.00
4-0.250-35,29 151705 4.83
4-0.250-5,5 1870 0.00
4-0.250-7,7 3464 0.00
4-0.500-10,10 16853 0.00
4-0.500-15,14 44244 0.03
4-0.500-20,17 66700 0.11
4-0.500-3,3 1021 0.00
4-0.500-35,33 244447 8.43
4-0.500-5,5 3614 0.00
4-0.500-7,7 8101 0.00
4-0.850-10,9 26490 0.00
4-0.850-15,15 51269 0.03
4-0.850-20,19 95092 0.25
4-0.850-3,3 4160 0.00
4-0.850-35,32 339568 10.17
4-0.850-5,5 3496 0.00
4-0.850-7,7 11423 0.00
