5 10
32
01111 1101011000
01011 0101011100
01101 0101011100
01010 0100111100
00001 1111010100
10100 0100011011
00000 1110111100
11100 1100011011
01110 0110011100
10000 0000000101
00100 1011110100
11000 1000101111
10111 0111001110
01001 0111111100
10001 0001110111
11101 1101101011
00011 1101111100
00010 1100011100
01100 0000111000
11010 1100001111
01000 0110011100
11011 1101111111
11110 1110111111
10010 0000101111
00101 1011010000
10101 0101100011
11111 0101001111
11001 1101011111
00111 0001011100
00110 1000011000
10011 0011011110
10110 0100111111
