5 20
32
11001 10011011100011010111
10100 10111010111111100111
11100 10010011111111000110
00110 10011111011011010111
10011 10011111100111010011
10111 11110111011111010011
01000 11010010100101000110
01110 10110111011011010110
10110 11110111011011010011
00101 11011011111010010011
11000 11010010100100000110
11010 11011101000001010110
10010 11111101100000011111
01001 10011011100010010011
01100 10110011111111000110
01010 01110101100001010110
10101 11011011111010010011
01101 11011011111010010011
01111 11111111011110010011
10001 00010011100010010011
11101 11011011111011010111
00100 11011011111111000111
11111 11010111011110010111
00000 11010010101111101111
11011 10010111100110010111
00001 10010011101010010011
00111 11011111011110010011
00010 11010101100011010111
10000 01010011100111001111
01011 00011101100110010011
00011 10010101100110010011
11110 10011111011011010010
