6 10
32
110100 1100110111
111111 1101000111
101111 1101110111
101001 1100110011
001111 1111010011
101101 1100110111
000010 1101010011
111101 1100100011
011101 1110100001
011011 1111100001
100011 1101110011
110000 1100100011
010001 1100100010
000100 1100000011
011110 1101100001
111110 1101100111
001101 1110010011
001000 1100010011
010100 1100110000
110110 1100010110
100000 1100110011
011001 1110100011
100111 1100110111
001001 1110110011
111010 1101100011
101110 1101111011
011100 1100100001
011010 1101100011
101000 1100110011
000111 1100110011
111001 1100100011
000001 1100010011
