6 10
64
100100 1010100000
111001 1110000001
011111 1010000001
011110 1010100000
101100 1010000000
111010 1110010000
001111 1010000001
101011 1110010001
110000 1010110000
100101 1110000010
110100 1110100000
100110 1110110000
001100 1110000000
110010 1110110000
010011 1010000010
111000 1010010000
100001 1110000011
101110 1110010000
000100 1110110010
001000 1110010000
011100 1110000000
000111 1010000011
010111 1010000011
011010 1010100000
111101 1110010000
111110 1110010000
011011 1010000000
000001 1010000000
100011 1110010011
111011 1110010001
100010 1110010000
000011 1010000010
001110 1010100000
010000 1110100010
000010 1010000000
000110 1010100000
010110 1010100000
110111 1110010010
001011 1010000000
010101 1010000001
101010 1110010000
110001 1110000011
001010 1010000000
101000 1010010000
110101 1110000010
000101 1010000001
000000 1010000010
010001 1010000000
100000 1110000000
011000 1110000000
110011 1110010011
011001 1010000000
111100 1010000000
001001 1010000000
100111 1110010010
010010 1010100000
011101 1010000001
111111 1110000000
001101 1010000001
101001 1110010001
110110 1110110000
010100 1010110010
101111 1110000000
101101 1110010000
