6 1
64
011111 1
010010 0
010011 0
111011 1
110000 1
000000 0
111101 1
110111 0
101100 1
111000 1
001100 1
100011 0
010000 0
010100 1
000100 1
110100 0
011110 1
001110 1
101110 0
111010 1
100010 0
101000 1
101001 1
011000 1
010110 0
110010 0
100100 0
011001 1
101010 1
101101 1
110001 1
000111 0
001111 1
001010 0
001011 0
101111 0
001101 1
110101 0
001000 1
000011 0
000001 0
100111 0
100000 1
101011 1
100001 1
110011 1
111110 0
110110 0
011101 1
000010 0
000101 1
011010 0
111111 0
111100 1
001001 1
011100 1
100101 0
111001 1
011011 0
010111 1
100110 0
010001 0
010101 1
000110 0
