6 20
32
110100 01111110110100100011
011010 00100000010100000110
101100 01100000010100100101
011100 01100000110000100001
011001 00101000110100110010
001001 00100000010000110111
010100 01111100110000100111
110000 10101100110100100001
100101 01101000110100110101
111100 01100010110100100101
011000 00100000110100100010
111110 01100010010100000101
111011 01101000010100010111
100100 01111000000100100011
110010 11101100010100000101
100001 00101000110000110011
000011 00101000110000010111
001100 01100000000100100001
010001 00101000110100110111
110101 11101110110000110001
000110 01111100100100000111
100010 00101100100000000000
001110 00110000100100000001
110011 00101100110100010011
000001 00101000110000110010
001000 00100000000000100111
000000 00101000010000100001
001111 01111000110100010001
111000 00100000110100100111
100011 00101100110000010010
101111 01101000110100010101
111010 00100000010100000011
