6 20
64
011101 01111101011001100000
010101 11100111011000000000
000111 01000011001100001000
100001 01000100111000001110
001011 01100010011000011000
111000 11010101011001000111
101101 00100001001101101100
100101 01100001001100001110
101011 01100100011000000010
000100 00000100001010001001
011000 11011001011001110111
001101 00100111001101100010
110001 11000111111000001010
011011 10000011011000110010
001111 00100101001100001000
100000 00000010111001000011
111111 01000011011000100100
000110 00000011001000000000
111011 00000111011000100100
110101 11100011011000001110
000000 11000000111001011111
010001 11000011111000010100
101110 01000100001000001110
110011 11000111111000000010
010111 11000001011000001000
011111 11000111011000101010
010110 11010011011000000000
000001 01000010111001010100
110111 11000001011000000110
110110 11010011011000001110
010000 00010000111001011111
001000 11000111011001011111
010010 10010001111000010110
101010 11000010001000001110
101000 01000101011001000011
010100 11010110011011001001
110010 00010101111000001110
000010 01000111111001010110
000101 01100101001100000000
101100 01000011001011100101
111101 10100001011001101110
011001 00010011011001010100
001010 01000000011000010010
111110 01010010001000101000
111001 10010111011001000010
111010 11010100001000100010
101001 00000101011101001100
001001 01000011011001010110
100100 00000100001011000111
011010 11010000011000010010
100010 11000101111000001010
011110 11010110011000100010
100111 01100001011100000110
011100 01011111011011101001
111100 11010011011011100111
100011 01100101111000000110
001110 01000100001000000000
110100 10010010011011000111
000011 01000011111000011100
010011 11000011111000011100
101111 00100001011000000010
001100 01000011001011101011
110000 10010100111001000111
100110 00000011001000001110
