6 2
64
010110 00
111101 00
101010 00
001001 00
001010 00
101011 00
000100 01
001101 10
111111 00
111001 00
011011 00
100100 00
101111 10
110111 01
000000 00
001100 11
000011 00
110000 00
011001 00
101110 01
011100 00
010010 00
011110 00
001110 11
010011 00
100001 00
100101 00
000110 01
110100 00
001111 00
010001 00
100110 01
110101 01
101101 00
100011 00
111110 00
100111 01
101000 00
110010 00
100000 00
010101 01
000001 00
101001 00
011101 00
001011 00
000010 00
010100 00
011111 00
010111 01
011010 10
100010 00
000101 01
111100 00
111000 00
110011 00
010000 00
101100 01
011000 00
110110 01
110001 00
000111 01
111010 00
111011 10
001000 00
