6 5
64
000111 00110
100100 00101
111010 01100
100001 10101
100111 00101
101110 01111
010000 00101
101111 01101
000110 00111
111111 01100
001011 01101
010101 10111
110001 10100
010001 10101
100000 00101
110011 10100
110110 00111
001000 01111
001100 01111
000001 00101
011010 01111
011011 01101
101101 01101
111100 01001
000011 10101
011111 01111
001110 01111
011000 11101
101000 01101
111110 01111
111001 01100
010100 10111
110111 00100
010111 00111
011001 01101
000000 00101
101010 01101
010011 10101
001101 01111
000101 00111
001001 11111
100101 00101
101011 11101
111101 11101
101100 01101
011101 11111
011110 01011
101001 11101
001111 01110
111011 01100
000010 00111
011100 01011
111000 11100
000100 00111
001010 01111
010010 00111
010110 00111
110101 10101
100011 10101
110100 10101
100110 00111
110010 00100
100010 00101
110000 00100
