8 10
256
11010010 1101100101
00111011 1101110011
00111001 1100010001
10101001 1000010011
11001100 1000000111
11100101 1001000011
01000100 1000000001
11110001 1100010001
10011000 0100010001
11011011 0101110001
11111001 1101010001
10110110 1111100001
01110101 1101000011
10100100 1000000011
01110010 1101110001
11000110 0000100111
00111101 1100000011
10010011 0101110011
10001000 0000010011
00001100 1000000101
00011001 0100010011
11110000 1101000001
01011100 1100000001
11001000 0000010111
01110011 1101110011
10101101 1000000010
11001101 0001000010
11011110 1110100101
00100101 1000000000
01010111 0111100001
11110010 1101100001
00001111 0010101010
11001011 0000110011
01000101 0000000000
01101110 1001100011
11101000 1000010011
01001011 0001110011
10000100 0000000011
11010100 0100000101
00010011 0100110001
01111111 1101100001
10000110 1000100011
10111100 1100000011
11010101 0100000001
10110000 1101010001
10001010 1000110011
11000011 0001110011
10111001 1100010011
01011111 0111100011
00010100 0100000101
10111111 1111100011
00001001 0000010011
00111010 1101110001
11111110 1111100001
10001011 0000110011
00010000 1100010011
00010001 0100010011
00001011 0000110001
10010010 1101110011
11111101 1100000001
11011100 0100000111
00000010 1001110001
00101010 1000110001
00101101 1000000001
10001001 0000010011
01001101 0000000001
11010000 0101000101
11101010 1001110011
01010101 0101000001
01110110 1111100001
11101001 1000010011
10000101 0000000011
11000100 1000000111
01000000 0001010001
01010001 0100010001
00110011 1101110011
01100111 1011100001
11010001 0100010001
00111000 1100010011
10010001 0101010001
00011110 1110100011
01000110 1010100001
11100111 1011100010
10101000 1000010011
00101011 1000110001
00010111 0110100001
00110101 1100000001
11111100 1100000011
01101010 1000110011
00110110 1111100001
00000100 0000000101
01111100 1100000001
01101001 1001010001
00000110 0010101001
00110100 1100000001
00100011 1001110001
10101110 1011100011
01011011 0100110011
00110010 1101110001
11010110 1110100101
11001110 0000100111
11100001 1001010011
00011011 0100110001
00100110 1011100001
10011110 1110100001
11000111 0011101010
00111100 1100000001
10111010 1101110011
11110110 1111100001
10010101 0100000001
11010011 0100110001
10011011 0100110011
01010110 0110100001
10101010 1001110011
00011000 0100010011
11110100 1100000001
01010100 0100000001
11011010 1100110101
01101101 1000000001
01100011 1000110001
00000000 1001010011
10000111 0010101010
01001100 1000000001
01000001 0001010001
00101110 1001100011
11011101 0100000011
10011101 0100000011
01011110 1110100011
01111001 1100010011
01100110 1011100001
01111000 1100010001
00111111 1101100001
00100100 1000000001
11001010 1000110111
10000011 0000110011
00000111 0010101001
10000001 0000010011
10010000 0101010001
11011111 0100100001
11110101 1100000001
11100110 1001100011
01011101 0101000001
00110111 1111100001
11101110 1011100011
10110100 1100000001
10010110 1110100001
00011111 0110100011
01001110 1010100011
01010011 0100110001
10000010 1000110011
01100100 1000000001
01101100 1000000001
10101011 1001110011
11000001 0001010011
11010111 0100100001
10100010 1001110011
00100000 1001010011
10110111 1101100001
10011100 0100000011
00101111 1011100010
10110001 1101010011
10101111 1011100011
11100011 1000110011
01100001 1001010001
00101001 1000010011
01001001 0001010001
00011100 1100000101
01010000 1100010001
10011010 1100110011
11111010 1101110001
10011001 0100010001
11111000 1100010011
11110011 1101110001
01111110 1111100011
01011001 0100010001
01000010 0001110001
01100101 1000000000
11111011 1101110011
01001010 0000110011
00010010 1100110001
11000010 1000100111
00011010 0100110001
10000000 0000010011
11111111 1111100011
11100100 1000000011
11101111 1011100011
00100010 1001110001
10001110 1000100011
01001000 0000010001
10010111 0100100001
10100000 1000010011
11011001 0101010011
11110111 1101100001
00000001 0001010011
10101100 1000000011
10111011 1101110001
11001001 0000010011
00100001 1001010011
00001010 0000110001
10100011 1001110011
10110011 1101110001
10001111 0010101011
10110101 1100000001
01011000 0100010001
01101111 1011100010
00111110 1111100011
11001111 0011101011
01111010 1101110011
01100010 1001110001
11101100 1000000011
00110001 1100010001
00101000 1000010011
10010100 0100000001
10111000 1100010001
11101101 1001000010
10100101 1000000011
01111011 1101110001
01001111 0010101010
11011000 0100010111
11101011 1001110011
11100000 1000000011
00010110 0110100001
00101100 1000000001
10100110 1001100011
10100001 1000010011
00001000 0000010011
10111101 1100000001
10100111 1011100010
01111101 1101000011
01000011 0001110001
01000111 0010101001
00110000 1100010011
01010010 1100110001
11000101 0001000011
00000101 0000000100
11100010 1001100011
10111110 1111100001
00000011 0001110001
10001101 0000000010
01110000 1100010001
01101000 1000010001
01100000 1001010001
00010101 0100000101
00011101 0100000101
01110001 1100010011
00001110 1010101011
01101011 1000110011
10001100 0000000011
01110100 1100000001
00001101 0000000101
10011111 0100100001
10110010 1101110011
00100111 1011100001
11000000 0000000111
01011010 0100110011
01110111 1111100011
