8 10
32
11111011 1111010110
11100000 0110000110
11010011 1101010100
10100000 1011000110
11100101 0111100110
11010001 0101010100
01111101 0101100110
11110101 0101110110
01111010 0100011100
11010010 1100110110
00110011 0110000110
01001011 1011100000
00001100 1011110111
11011111 1101110111
10110001 1101010100
01111111 0111110100
01110101 1111100100
00010001 1110000001
10100011 0110000110
01000101 0111101101
00110111 0100110110
11001000 0111010110
01000100 0110111101
00001110 1011111101
10001011 0111110101
11111101 0101110110
10001111 0111110101
01101101 0101100110
00100001 1110001110
11100100 0010100110
01111011 0101000110
01000011 1111100100
