8 10
128
01011111 1000001111
10101110 1000101100
00000110 0100111100
10011000 0010100100
01001000 1110110100
10111100 1000011100
11100111 1100101110
01001100 1110011100
10010000 0110000100
01110110 1100001000
01011011 1010000110
00111101 1000101110
00101100 1100111100
11111110 1000101100
01010100 1100001100
00010111 0110101001
11000111 1110111110
11010010 1010000100
10010100 0100001100
11000110 1000111100
10100000 1110000100
00111010 1010000100
10001001 0110111100
11000100 1000111100
01110101 1100001110
00110111 1100101011
00011100 0010101100
11000000 1110010100
11110011 1010010000
10000000 0110110100
00101110 1000111100
00100010 1110010100
01100110 1100011100
11111001 1010011110
00001110 0010111100
01011010 1000000100
01001110 1010001100
11111111 1000101100
10101101 1100001100
10001110 0010111100
10100100 1100001100
00101101 1100111100
01110001 1110001010
00110001 1110101010
01111110 1000001100
10100010 1100100100
00000011 0010011100
01011100 1010001100
11000101 1010011100
00001010 0010010100
11010101 1010101100
10011011 0010100100
01101010 1010110100
00100100 1100111100
00010110 0100101100
01011000 1000100100
11011101 1000001100
11110100 1000011100
10110110 1100111000
01000101 1010011100
01010001 1100100000
11110010 1010110100
01010101 1110001100
11110001 1010111010
01100001 1000011000
11110000 1010010100
11100010 1000000100
00000101 0010111100
00101011 1010011100
11000011 1110011110
10101011 1000100100
11111000 1010110100
00011011 0010000100
01101001 1100011100
10001100 0110011100
10001010 0010110100
00001001 0100011100
00000000 0100010100
10110001 1110011010
11101100 1000001100
10011111 0000101100
00000100 0100111100
10101000 1110000100
11010111 1010101010
10010111 0110001001
01000011 1100011110
11001100 1010011100
01110000 1110000100
10111110 1000011100
00100011 1110011100
01101111 1000001110
11101001 1010101100
10000100 0100011100
11011001 1010000100
11101011 1000000110
01100000 1100010100
00111011 1010000110
00001100 0110111100
01101110 1000001100
10110101 1100011110
11011000 1000000100
01101100 1100011100
10000001 0010011100
10001101 0100011100
11001011 1000111110
01111010 1010100100
00101001 1100111100
11101010 1000100100
00001101 0100111100
00010000 0110000100
10000011 0110111100
01010110 1100001000
11110101 1000111110
11100001 1010001000
01101011 1010111110
01010000 1010100100
11010001 1000000000
11001101 1000111100
11100100 1000101100
00100101 1000111100
01000010 1110010100
01111111 1000001100
11001010 1010010100
11001000 1000010100
10110100 1100011100
11001111 1000101110
11011100 1010101100
11011110 1010101100
