8 10
64
10010101 1111011001
01011000 1011010010
11011111 1011001101
01000101 0011010011
01001100 0011010111
00010101 1111001011
00101011 1001001110
10011100 1011001001
10111001 1011000010
00101101 1001000010
10110000 1011010010
11010101 1011011001
01010101 1011011011
01010011 1011001110
01110111 1011000111
10000011 0111011100
01100001 1101000010
01101111 1001001111
11111001 1011000010
11110001 1011000010
10111100 1011010011
11010111 1111010101
00111100 1011010111
10000110 1011011101
10100010 1111001110
10010011 1011011100
00100000 1111010010
01011011 1011001110
11000101 0111010001
00001100 0011000110
00010000 1011000010
00101110 1001001111
10101110 1011011111
11011100 1011011001
01110000 1011000010
01101001 1011000010
01101000 1001000010
00010111 1111010111
00001101 1011000010
11001001 1001010000
01001110 1011000111
11101010 1011011110
01011101 1011010011
00110101 1011001011
01111011 1001001110
10010000 1011000000
01110001 1001000010
00100111 1001001111
10110111 1111000111
00001111 1011011110
01100100 1011000111
11000001 0111010100
10111111 1011001111
10001011 1001011100
11101110 1011011111
11001101 1001010101
10011110 1011010100
00111110 1011001111
10001001 1001000000
10101100 1011010010
01001111 1011001111
11111010 1011011110
01000100 1111010111
00110110 1011000111
