8 1
64
01101100 0
00101001 1
11001110 1
00001001 0
10000101 1
00011010 0
11011110 0
10100001 1
11100110 1
11110011 1
11011101 1
01001000 1
01111111 0
11010100 0
10000110 1
11100001 1
00111101 1
01100001 1
00011001 0
00000001 0
10100110 0
00101000 0
10111110 0
11001101 1
01011001 0
10011111 1
10011100 0
00000100 0
11111111 0
01010100 0
01010101 1
01111000 0
01100000 0
11000110 1
11101000 0
10100111 1
00100001 1
00000011 0
00010011 0
11101100 0
11110010 1
10101100 1
11000001 0
10011011 0
11011000 1
11010101 1
01101101 0
00001000 1
01011011 0
00110001 1
00000101 1
11001010 0
00001010 0
01100101 0
10011001 0
11000101 1
01011101 1
00111011 0
01110110 1
10101111 1
10001000 1
10000000 1
10001110 1
00110101 1
