8 1
128
10101001 1
01101001 1
00001110 1
00100110 1
01010101 1
10111110 1
00001010 1
00110101 1
11100011 1
00001111 1
01110010 1
00000100 1
00000101 1
10010011 1
10100000 1
11001011 1
11001000 1
01110100 1
01100000 1
01001010 1
01000111 1
11101101 1
00011001 1
10110000 1
11010011 1
11111101 1
10110100 1
00000001 1
01010110 1
00001101 1
10100100 1
11010100 1
00111011 1
10100001 1
11011010 1
00100010 1
01001000 1
01000101 1
10011101 1
01111101 1
10111100 1
11101110 1
01111100 1
00110011 1
10001010 1
01111000 1
01010111 1
01111011 1
01001101 1
00010001 1
10110010 1
00001000 1
01011111 1
01101000 1
10010001 1
00100011 1
01010001 1
00011000 1
01111001 1
01001111 1
11110101 1
11011111 1
11000000 1
11111001 1
11010001 1
01000001 1
11101111 1
11000110 1
11111110 1
00100111 1
00101101 1
11111111 1
00000000 1
10001110 1
11000101 1
00010110 1
01011100 1
10000011 1
01000000 1
10100110 1
11010000 1
10000010 1
00111101 1
10011100 1
10011111 1
01011000 1
01000010 1
10111111 1
00001100 1
01101101 1
11010101 1
00111111 1
11001100 1
10101110 1
10011011 1
00001011 1
11110001 1
00100101 1
11111000 1
11010110 1
10010010 1
10101010 1
11011011 1
11100010 1
01101111 1
10000101 1
00011100 1
00101100 1
11101010 1
10001100 1
00111100 1
11100001 1
10100011 1
10100010 1
10110001 1
01010100 1
01100001 1
10010000 1
11001001 1
11110100 1
01101010 1
11110111 1
11001010 1
11110010 1
10111001 1
00111000 1
01110001 1
00110100 1
