8 20
128
00110111 01111111100100111010
11011111 01111111001100101010
00011010 01000111101010010010
10111111 01001111100101101110
10101111 01111110101100111110
00011001 00010111101010000011
01111111 01111111000101101110
00110011 01010101101000110011
01110001 01000111000000110111
01100100 00001111001011111110
00011111 01100111101100001010
11010010 00100111101000110011
00111110 01101111100011111010
11010001 01100111001001110110
10101010 01010111101000110110
10110011 01100111101001110111
11110001 01000101001000110111
00010000 00010111101001010001
01011101 01101111001100001110
10101011 01010111101000110110
10000100 00111110000010111000
10100000 00010111101000110011
01010101 01101101001101011110
10001110 01111110100000111110
11100010 00000011001000110011
11110010 00010111000001110011
11010011 00110111001001110010
01110111 01111111000101110110
10010100 00011111101011111010
01001101 01001111000101111110
00001111 01010111101101011010
11011101 00111111101100101110
11010000 01100111001000100111
01000110 00001110001010011110
00100010 01110010101001110011
00010010 01000111101010010011
10100010 01010011101000110111
10111001 00110111100001110010
10110101 00011111100111111010
00101001 00110110101000110010
11111111 01101111000101101010
01011000 00000101001010010100
00000000 00110110101000110011
00010001 00010111101010010000
11011001 01100111001001110111
00101101 00011111101110111010
10000001 00010110100011110000
01011010 01010101001011010110
10110001 00110111100001110011
11011011 00110111101001110011
01000000 00100110000011110111
00100011 01110010101000110011
00010110 11101111101010010010
00011011 01000111101001000011
01000101 01001110000100111110
00001110 01010111100011010010
10101000 00010111101000110010
10010001 00010101101010110010
00000100 00011110100000111010
11001100 01101110000001111110
11110100 00101111000000111110
11010110 01101111001000111010
01111000 01000111000000110110
11110101 00101101000100111110
11001010 01000011000001110010
01110010 00000111000000100111
11011100 00101111001000111110
00101110 01011111101011110010
00110001 00010101101001110011
11000110 00101110001001111010
01010010 01010111001011000111
10100001 00010111101000110011
10000111 01111110100101111110
00111101 00111111101111101010
10001010 01010111101000110110
01010110 10111111001011011110
11100111 01101110001100111010
00000111 01011110100100011010
11010101 00101111001101111110
00001001 00110110101011110011
11101011 00000011001000110010
00101000 00110110101000110010
11010111 01111111001101111010
10100110 01111110101000111110
01110101 00101111000100110110
11000010 01000010000001110011
00101011 01110010101000110010
10001001 00010111100011110011
11101001 01000111001001110111
00000011 01110010101000010010
00101010 01110010101001110010
10110010 01100111100001110111
10110110 01001111100001111110
01111110 01101111001010111110
10100111 01111110101100111110
01000111 00001110000101010110
01101101 00011111001101110110
10110000 00110111101001110011
01100110 01001111001010111110
10100011 01010011101000110111
01110011 00010111000001110111
00100111 01011111101100111010
10110111 01001101100101111110
11011010 00100111001000110010
11101110 01101110001000111010
10111000 00110111101001110010
11110111 01111101001101111010
00110010 01000111101001110011
01100111 01001111001101110110
11001001 00000111001000110111
10010111 01011111101100111110
10101001 00010111101000110010
01111101 00111111000100101110
10010011 01010101101000110110
01010111 10111101001100010110
00001010 01110010101011010010
11001111 00111110000101111010
00111010 01000101101001110010
10000010 01010010000000110111
11100011 00000011001000110011
10010110 01001111101001111110
01011001 00000111001001010111
00011110 11100101101010011010
01111001 01000111000000110110
11111000 01000101000000110110
10010101 00011101101110111010
11101101 00101110001101111110
01001110 00001111001010011110
