8 20
256
01101100 00000001000111011110
10110000 01010101000000111110
00001110 10011101000101010100
00011110 10011101000001010101
01010001 00001011010011011110
01100000 00001001000111111100
10010011 01111101010000110010
10110001 01011101000000111010
10000110 11011101000101010110
10001011 00011111000101010100
11011001 00010001000010111000
00001010 00011101000101110100
00011111 10011101000011010101
00010001 00001101000000101110
01110000 00001001000011111100
10111110 10010100000001010101
00000100 00001101000101011100
01111110 10010001000011010100
11101110 10010000000111010100
01101101 00010101000111111110
11000100 01011001000111011100
01101001 00000101000110011110
00100100 00001101000101011100
01011110 10010001000011010100
10110100 11011101000001011110
10101011 00010111000111110101
01000010 00000001000111110110
11111111 10010011000011110000
00001111 10011101000111010100
11101100 00010001000111011110
01101000 00000001000110011100
00101010 00010101000101110101
10011111 10011101000011010001
01011011 00010111000010110100
10001010 00011101000101110100
00110101 10011101000001101110
00010111 10011101010001110110
10100100 01011101000101011100
11011011 00010110000010110000
00111001 00010111010011011101
11010010 01010101010011110110
01101011 00010011000110110100
01100001 00001111000111011100
00110000 00001101000000011100
11000010 01110101000111110110
00100010 00000101000100010100
11001011 00110000000110110101
01011100 10000001010011011100
11010100 11011001000011011110
11111110 10010001000011010100
01100010 00000101000111110100
10101110 10010101000101010101
01000101 00011111000111001100
11110100 11011001000011011110
01010000 00001001000011111110
00001100 00010101000101011110
01111011 00010111000010110100
00010011 00001101010000110110
10100001 01011111000100111100
01101010 00010101000110010100
00110111 10010101010001110110
11100111 11010101000111010110
10000011 01011111000100010110
10110110 11010101010001010110
00000011 00001101000100010110
00010101 10011101000011111110
11110110 11010001010011010110
10111101 10011110010001011001
11110101 11010011010011111010
10100111 11010111000101010110
01011111 10010011000011010100
10010000 01010101000000011110
10101111 10010111000101010101
00111000 00010101010001111101
00110001 00001101000010111110
11001001 00010101000110011111
11001100 00010001000111011111
10010110 11011101010001010110
11110001 01011011010011011010
10001101 00010101000111011110
11011110 10010000000011010100
01100110 10000001000111010110
10010101 11010101000011111010
00010110 10001101010001010110
00000001 00001101000100101100
01010011 00000111010011010110
11100011 01110001000111110110
10010001 01011101000000111010
10000001 01011111000100111100
00100011 00000101000100010110
10110010 01110101010000110110
11001110 10010000000111010101
11000000 01011001000111111100
10101101 00010111000101011111
11011000 00011001010010011100
10001110 10011101000101010100
11101011 00110000000110010100
00100111 10010101000101010110
01110110 10000001010011010110
01111001 00000001000010111100
10001001 00010111000101111110
11011100 10010001010011011100
01100111 10010111000111010110
00111111 10010101000001010101
10100000 01011101000100111100
00111011 00010101000011010101
00000101 00011101000111111100
10000010 01011101000100010110
10111001 00010110010011111001
01011001 00000001000010111100
10100010 01010101000100110110
01110010 00000101010011110100
10100101 01011111000101011100
10000101 01011111000111111100
11111101 10011000000011111000
10001000 00010101000101111110
01111100 10000001010011011100
10001111 10011111000111010100
10011110 10011101000001010101
01110100 10001001000011011110
00111101 10010111010001011101
01001100 00000101000111011111
01000011 00000011000111110110
01001000 00000101000110011111
10101010 00010101000101110101
01110011 00000111010011010110
11001101 00010111000111111111
01010101 10011011010011001110
10011011 00111101000001010001
00011011 00011101000001010101
01110111 10010011010011010110
01001101 00010101000111111111
00001011 00011101000101010100
00000000 00001101000100011100
00001001 00010111000101111110
10011001 00010111010001011001
01011000 00000001010010011100
01001011 00010011000110110101
10011101 10011111010011011001
01000110 10000101000111010110
10011010 00111101000001110101
10110011 01110101010010110010
00011010 00011101000001110101
11111100 10010000010011011100
11100100 01011001000111011100
11110111 11010011010011110010
11111000 00011000010010011100
11010001 01011011010011011010
10111000 00011100010001111101
10000000 01011101000100011100
00010100 10001101000001011110
11111010 00010101000010010100
10111100 10010100010001011101
10111111 10010100000001010001
01100100 00001001000111011100
11011111 10010010000011010000
01101110 10010001000111010100
01001111 10010111000111010101
00111100 10010101010001011101
00000110 10001101000101010110
11000011 01110001000111110110
01000111 10010111000111010110
10110101 11010101000001011010
10100011 01010111000110010110
00111010 00010101000001110101
11011010 00010100000010010100
11000101 01011101000111011100
11100010 01110101000111010110
01100101 00011111000111001100
00011001 00010111010001011101
01000001 00001111000111011100
01100011 00000011000111110110
11110011 01010111010011010010
11101001 00010101000110111110
00000010 00001101000100010110
00110011 00000101010000110110
00110100 10001101000001011110
10010111 11011101010011110010
11000111 11010101000111010110
10101100 00010101000101011111
10101000 00010101000101111111
11110000 01010001000011011110
00010010 00001101010000010110
00011101 10010111010011011101
01000100 00001101000111011100
01110101 10011011010011011110
01111101 10010001000011011100
00111110 10010101000001010101
01000000 00001101000111111100
00110110 10000101010001010110
00100110 10000101000101010110
11000001 01011101000111011100
01010100 10001001000011011110
00101101 00010111000101011111
01011010 00010101000010010100
00101100 00010101000101011111
01001110 10010101000111010101
10011000 00011101010001111101
10111011 00110100000011110001
10000100 01011101000101011100
00001101 00010111000111011110
01111000 00000001010010011100
01111111 10010011000011010100
11010000 01010001000011111110
11100101 01011101000111111100
00100000 00001101000100011100
11101111 10010100000111110100
00101000 00010101000101111101
11010111 11010011010011010010
01010111 10010011010011010110
00011000 00010101010001111101
00000111 10011101000101010110
11101010 00110100000110010100
11010110 11010001010011010110
11001000 00010001000110011111
00001000 00010101000101111110
10110111 11010101010001010010
00101001 00010111000111111111
11110010 01010101010011010110
11010011 01010111010011010010
10010100 11011101000001011110
00100001 00001101000110101100
11101101 00010101000111011110
10000111 11011111000111010110
10111010 00110100000001110101
01111010 00010101000010010100
00011100 10010101010001011101
11101000 00010001000110011110
01101111 10010111000111010100
00101110 10010101000101010101
00100101 00011101000101111100
11011101 10011001000011011000
01110001 00001011010011001110
10001100 00010101000101011110
01010110 10000001010011010110
11100001 01011101000111011100
11000110 11010001000111010110
00101111 10010101000101010101
11100000 01011001000111011100
00010000 00001101000000011110
11001111 10010100000111010101
01011101 10010001000011011100
10011100 10010101010001011101
11111011 00010111000010010000
11100110 11010001000111010110
00101011 00010101000111010101
11010101 11010011010011011010
01001010 00010001000110010101
10100110 11010101000101010110
11111001 00010000000010011000
10010010 01111101010000010110
10101001 00010111000111011111
01001001 00000101000110011111
11001010 00110100000110010101
00110010 00000101010000010100
01010010 00000101010011110110
