8 20
64
10100010 10100011101001110100
00010100 01100011111001001110
01111100 00001011100011011110
01010001 11111011111011101101
11011000 10101011110111111110
01011100 00000011100001011110
10010100 10101011111001101110
00101001 01110010110001110100
01101111 00111011100001111111
00011110 10101011110101010100
01000001 11110010111001101101
00110000 11101001111011101110
10101100 10100010110011110100
01001111 00110011110011111111
10111110 10100011100101010100
11011110 10101011110101011110
11101011 10110011100101111110
01100011 01111011100001101101
10111001 10010011110011111100
00111111 10111001110101110100
00111100 10001001100001010100
10000000 10100010111001110100
10110101 10110011110001100110
00110110 11001011101101000100
00101010 11101011000001110100
11111001 10010011100011111111
01111010 00100011110011111110
00111000 10001011100011111110
11010001 11110011111111111101
11000101 10110010111111111101
01011110 00100011110101011110
01001010 00000011110001111110
10111000 10100011100011111100
11000110 10100011101111111100
11010100 10100011111001111110
11111101 10010011100011111111
01011000 00100011100011111110
00001110 11101011110011110100
11111100 10100011100011011110
00010111 00110011110101100100
11110010 11101011101011111100
11111111 10110011110111111110
00111101 00111001100001010100
00000110 10000011101011100100
01101101 10111010110001111111
11001000 10100011100101111110
01101110 00101011100001111110
00010101 10110011111001000110
01100110 11001011101011101100
10011100 10100001110101011110
11011101 10011011100101111111
10000101 10111010111111110100
11011011 10110011110111111110
01010011 01110011110011101111
10111100 10100011110001010100
01000101 10111010111011001101
00011001 00111011100011111100
01001101 10110011110011111111
00100111 00111011100011100100
10111011 10111011100011110101
00010011 11111011111011100110
11110001 11110011110011111101
01010101 00111011111001001111
10001001 11011010100101110100
