8 20
32
10000001 00000000100100111010
10110011 00000101100100110010
11001111 10100000111111110110
01011000 10011000011111011100
01110110 10010101110111010100
11110101 10110101100110110100
00011100 10010101010000010101
01101010 10001100110100000000
10110110 10000001111100110001
00101000 10010101100000010100
00001010 10000000000100010100
11000000 10000000101100111110
01110100 10010101110111010000
01110011 00100101111111110100
10010011 00010000100100111010
01000011 10110010111110110000
01001011 10010000111101110100
10010101 00010001101100111000
00010001 10000000101100111000
11111010 10010101110110000100
11110001 00101101100110110110
11110111 00100101111111110100
10000000 10010000101000100011
00010000 10000000111000000000
11100101 10010101100101110100
11111110 10000101111110110110
00000101 10010011100100111000
10011111 10010001101100111110
10101100 10000101100000010111
11111011 10101101110110110000
10101001 10010101100100110100
00010110 10010101110100010001
