8 2
128
10011110 01
01011010 01
01011101 00
01110011 00
11001111 00
01000111 00
01001111 00
01000011 00
01100000 00
10011101 01
01110111 00
00101000 11
00001000 11
10010110 01
11001010 01
11010111 00
10110001 11
01001011 00
01100101 00
10000001 00
10100000 10
10101111 01
10001111 00
10010101 00
10101011 01
11011011 00
11000111 00
11010000 01
00001100 11
10111010 00
10101110 00
01111101 00
00101101 11
10111110 00
01100011 00
00110111 11
00110100 00
00010110 01
11000101 00
01000000 01
11011010 01
00111110 00
10000101 00
00010011 01
11101000 00
11010010 01
11001110 01
01111010 00
11010110 01
01001100 01
00011100 01
00011101 11
01001000 01
10011100 01
10100101 01
11101111 00
00110101 11
10110100 00
01101011 00
01011100 01
01100010 00
10111011 01
00010000 01
11001001 00
00010001 10
10000110 01
11100111 00
00100100 10
10010010 01
10001011 00
11001011 00
10100010 10
11111110 00
00100111 01
10000111 01
10110011 11
10111000 01
01100111 00
10010001 00
00111111 01
10101100 00
11100100 00
11110000 00
01110010 00
11110100 00
11010011 00
01010110 01
10011011 00
00110001 11
01110110 00
10110010 01
01000010 01
00111101 11
00010111 01
01001110 01
10010000 01
11101010 00
10111111 01
10101000 00
10100001 11
11100010 10
01000110 01
11010100 01
10111001 01
01010001 00
10001010 01
00101010 00
10101001 01
01001010 01
01011000 01
00110000 00
01010111 00
10111101 01
00101111 01
10011000 01
11110110 00
11110111 00
01011111 00
00000000 11
10011001 01
11011111 00
11000110 00
00011011 00
10100100 00
01101110 00
10011111 00
00000100 11
01100100 00
