8 2
64
00010010 00
11001001 00
11010101 00
10010110 00
01100011 00
00110011 10
00100111 10
10000110 00
10100101 00
00001010 01
00010111 00
11010111 00
01011100 00
01111011 10
10011110 00
10111101 00
10000101 00
11000111 01
10011001 00
00111001 00
01001111 00
01011001 10
10111010 00
00010001 10
01110011 00
01000010 01
01110001 00
00011000 00
00110001 00
10111000 00
11100011 00
10110110 10
11001111 01
11111111 00
00000001 10
11000010 01
11100101 00
01001110 00
00011111 00
10111011 00
00100001 10
11010100 00
10010010 00
01100110 00
11110000 00
11111010 00
01101001 00
11011101 00
00011001 10
11011110 00
00111100 00
11110111 00
01010011 00
11101100 00
10001101 00
10110010 00
01010110 00
01111111 00
01111101 00
00111111 00
10110101 00
11010110 00
00100010 10
00011101 00
