8 5
128
11011000 00100
11101001 00101
00100000 00000
01000001 00000
10011110 11100
00110100 00010
01100001 00100
00100110 01000
01011101 01010
00100001 00111
01101111 10010
00011100 00001
00100010 11000
01101001 00100
10010110 11100
11110011 11110
01111000 00010
11010000 00101
10100100 00110
10110011 11110
10001101 01110
10010010 11100
00110001 00000
00001011 11000
01101101 01110
00010001 00110
01111101 01000
11000011 01000
10100101 01100
01110011 11111
11100010 11010
11110101 01010
10111010 01101
10110100 00000
00001100 10110
01001000 00011
11110100 00000
11111101 01010
11011111 00110
00011011 01111
10011011 11110
11111011 01111
10000111 00000
10001100 00100
11000101 01000
10111011 01111
01011000 00100
01100000 00011
00101101 01100
10010100 10100
10000100 00110
00101000 00100
10001000 00110
11000100 00011
10100111 00001
00000010 11010
01101000 00110
10000011 01000
00010101 01110
11010110 01101
10101101 01100
00100100 00100
11010010 01101
01010111 00110
10110001 00010
11110010 11100
01110000 00111
10111111 00111
10011000 10100
01001100 00101
00101111 10000
11010101 01111
00010010 01100
11001110 01010
01100010 11011
11111000 00000
11010011 01111
10101110 01010
11001101 01100
00000110 11010
10111110 01101
01100110 01011
00110000 00110
11110001 00010
01111100 00010
11100001 00100
11111111 00111
00011110 01101
00011111 00111
11000111 00000
01110111 00111
11001011 01000
10011001 10010
11001111 00000
11000001 00000
10001111 00000
01000111 00000
10110111 00110
10001001 00100
10100001 00100
11101010 11011
11101110 01011
10000010 01010
10101001 00100
01101100 00100
10110010 11100
11011100 00000
11101000 00111
01010000 00000
10010101 11110
00001010 11110
11101011 11000
01001101 01101
11001001 00100
00011101 01011
01110110 01101
01110010 11101
10010111 10110
00111000 10010
10011010 11000
11100000 00110
01100011 11000
00000111 10001
10110101 01010
01011100 00010
10100011 11001
01010011 01110
00000000 10010
