8 5
256
00100110 01011
00111011 00001
01000000 00000
11010010 00000
10101110 01001
01110011 01001
01010100 01000
11011000 01001
11110110 01001
10011111 00011
10100000 00001
10000011 00010
11001101 00011
10101000 00011
01001100 00001
01110110 01001
00101111 01001
01111001 01011
00111101 01011
00011010 00001
11111000 01001
01000111 00000
00101010 01001
11000100 00001
10001111 00011
00100001 01001
11111101 01001
00011000 01011
01100011 01001
10000000 01000
01100001 00011
00010111 00010
01010000 01000
10001110 00001
01000110 00000
00110101 01001
00010001 01000
01001001 00001
10011100 01011
11010111 00011
00000001 01000
10010010 00010
11001011 00011
10101100 01011
11110010 01001
10010111 00001
00111100 00011
00000101 01000
10110111 01001
00100011 01011
01101110 00001
11111110 01001
00100100 00001
10110010 01011
00110011 01011
10100011 00001
01011010 00001
10111111 00011
00001101 01010
11010100 01001
11101000 00001
11111111 00011
11100010 01001
00101001 01011
00100111 00011
10010001 01010
01111111 01001
11110101 01001
01101001 00011
10111110 01001
00101100 00011
10100101 01011
11011001 01011
01011110 00001
00000110 00010
01001011 00011
01011000 01001
11010001 01010
01100111 00001
10100001 01011
00000100 01000
01000101 00000
10111000 00011
10010110 00011
00011011 00001
10100110 01011
01011001 01001
01100100 00011
01110100 01011
11011011 00011
01111010 01001
10001011 00010
01100000 00001
10011000 01011
01010001 01000
10110110 01011
00101011 00001
11101001 00011
10101010 00001
11110100 01011
00010010 00010
01001110 00001
00101000 01011
10110101 01011
00111001 01011
01101011 00001
11010110 00001
00110111 00011
11111011 01011
11101011 01011
11000111 00011
11100001 00011
10010100 01001
00100000 01001
01000010 00010
01110010 01001
10000111 00001
10111001 01001
00010100 01000
11110001 01011
01010010 00000
00100101 01001
11011010 00001
01101101 00001
00001111 00000
11011101 01011
01101111 01001
01101000 00011
00001100 01010
01111000 01011
01010110 00000
00000011 00010
00011101 01010
11100100 00011
10100111 01001
01001010 00011
01011011 00001
11010101 01011
11110011 00011
00001011 00010
01100010 01001
01111101 01001
01111110 00001
11001111 00011
10011001 01000
10000001 01010
10111011 01011
01000100 01000
01111011 00001
10001100 01011
10000101 01011
11100000 00001
00011100 01010
11100110 01001
11001001 01001
00001000 01011
10101101 01001
01101010 01001
11111001 01011
00111010 01001
01110001 01011
11101010 00001
10011011 00011
11001110 00001
10001001 01000
11100111 01011
01001111 00001
00111111 01001
00101101 01011
11000000 01000
10000100 01001
11111010 00001
11100101 00001
00101110 00001
10100100 01001
11101101 00001
11001010 00011
00010011 00010
10110001 01011
00000000 01000
10111100 01011
01110000 01001
10111101 01001
00010110 00010
11110111 01011
01000011 00010
10100010 01011
00110110 01011
00110100 00001
11000001 00000
00010000 01000
00100010 01011
01101100 00001
11101110 01001
00001010 00011
11000010 00010
10101001 01001
00110010 01011
00011110 00000
11010000 01000
10000010 00010
11110000 01001
00001001 01010
01011111 00001
10001010 00011
10011101 01001
11001000 00001
01001000 01001
01111100 01001
01010111 00000
00110000 01001
01001101 01001
11101100 00011
00011111 00001
01100101 00001
10011010 00001
01011101 01001
00111000 01011
11101111 00011
11010011 00010
10111010 00001
11011100 01001
11011111 00011
10110011 00001
10110000 00001
00011001 01010
11111100 01011
11000011 00010
10001000 01011
01011100 01001
10101011 01011
00111110 00001
10110100 01001
00000010 00010
10010101 01011
10001101 01001
01000001 01000
11001100 01001
01110111 00001
10101111 00011
11011110 00001
11000110 00001
11000101 01011
00110001 01001
01010101 01000
11100011 00011
00010101 01000
10000110 00011
01010011 00000
10010011 00000
01110101 01001
00000111 00010
10010000 01000
00001110 00000
01100110 01001
10011110 00001
