8 5
64
10010011 01110
01101010 11100
10111100 11100
10110110 11110
10101001 01100
10001000 01110
00110010 01100
00101110 11000
00011101 01101
00011001 01100
10010010 11110
01011001 11110
11010001 01111
10001101 11100
11011110 11101
11111100 11110
10100100 01100
11011111 11111
10001001 11100
01111001 11100
10100011 11100
00111100 11100
10101011 11100
10111011 01100
11011000 11111
11101101 11110
00111000 01110
01110011 01100
11110001 01110
01010011 11101
01101001 01110
01111111 11101
01010110 11101
01111010 01100
00011000 01110
00111010 01000
11000011 11110
11111010 11100
00010110 11101
00010001 11100
11111001 01100
00011011 01101
10000110 11100
10010001 01101
11110010 11100
10110101 01100
00101100 11110
01011101 11111
11010011 01110
00101111 11000
01101111 11101
11000110 01101
11011010 11110
10110010 11110
10100111 11100
00110100 11110
11001111 11101
10000111 11110
00010011 01101
01010010 01101
11101100 11100
00101011 01000
01111011 01100
10101111 11100
