100 100
51 -89 -94 -38 -36 -25 -50 -31 68 -17 8 -38 -79 -56 -24 -94 67 93 90 1 17 -44 -35 -12 -27 -52 81 17 -52 41 -30 44 -29 -97 31 -77 53 -37 -27 31 -48 -28 37 -6 -66 -99 -63 -26 -34 75 -41 -51 75 -74 67 24 -42 -20 61 -87 53 -89 2 8 -36 -48 -3 62 67 93 -88 17 -98 4 -88 -91 25 65 -67 81 -45 20 -99 -59 -15 -97 79 76 100 -41 -4 78 4 101 -27 78 -17 -35 -38 -14
50 -99 -28 8 18 -78 11 3 -97 25 54 -16 22 -66 -37 92 48 -79 50 -10 -1 -95 29 1 -70 86 -77 -21 72 -64 -54 93 -5 76 -30 -91 48 -37 52 -40 -90 30 -47 68 52 -77 -13 23 -69 62 -10 -47 -4 -28 41 -29 4 82 24 -20 -94 -85 -66 51 64 -51 -58 6 82 -98 87 -10 -16 -71 88 6 73 54 -24 16 -74 -70 9 21 19 87 -19 -72 -52 -78 -89 86 -77 -38 -18 67 -29 -27 -21 75
-41 47 62 -96 97 -81 -72 66 0 3 94 55 17 69 -73 -23 92 88 -59 40 82 -41 52 -78 -45 -99 14 -25 37 34 -30 86 -56 27 13 -39 -23 59 76 -69 -86 -63 43 -98 -39 -30 -43 64 94 41 -17 13 -64 61 -36 -17 76 -76 -37 23 82 98 -62 -49 22 -21 -35 -97 18 18 99 96 -72 -79 34 68 -71 53 -84 21 -86 26 -84 6 -76 60 -47 -53 93 -78 85 96 6 11 -23 28 -6 30 31 77
-44 70 -92 -92 -29 -97 75 -31 -72 -64 -84 98 46 93 18 -19 49 44 -57 -60 40 6 -37 40 -17 41 -41 -73 -81 65 -90 -45 -30 79 38 -70 9 -12 -23 -2 -11 -23 0 -93 -46 -94 -72 37 -32 -89 -76 -90 70 -59 -2 24 71 23 -23 49 -34 -40 54 50 -87 72 94 -15 5 -8 -30 28 61 -4 62 82 75 -31 0 -10 37 13 71 85 -24 19 39 -90 -66 -76 27 91 67 94 64 42 -76 26 96 101
-75 -17 -92 -68 -64 17 -36 -73 -22 -86 18 24 -53 -80 -36 -62 90 -26 51 -44 -29 -74 15 -6 81 -48 -62 25 71 -75 -9 78 0 72 62 -12 45 59 15 42 -37 -65 -26 -47 65 100 33 29 77 93 30 47 -80 -80 -85 -69 77 25 -49 80 -16 27 77 47 -14 19 53 -43 20 -86 -70 -95 8 -68 65 4 -77 -91 97 -65 2 55 34 39 90 18 21 19 59 57 -85 17 -60 -39 23 -30 -55 15 41 36
6 46 -37 68 65 -29 -12 96 -69 -58 -81 49 -66 22 -39 -28 -58 -52 -49 -72 87 -68 15 -57 -81 -48 25 -40 49 -5 101 -60 -39 52 93 45 35 7 -35 -9 56 56 -78 -26 92 81 57 -88 20 94 89 87 33 -52 -83 23 -38 -33 -94 57 -16 48 -10 34 5 17 77 -13 28 -40 24 36 -84 -9 61 85 62 -36 -47 -55 13 -74 -42 35 31 -63 5 11 -11 65 78 -86 50 -11 -56 24 -5 -46 -39 59
66 83 44 11 -1 -36 -88 62 -48 99 -40 79 40 -38 9 -95 -87 42 90 -79 42 -11 -98 41 -62 86 -96 -17 -76 60 21 -24 8 -18 74 98 13 52 -39 -40 -78 -16 -38 -61 23 -84 20 10 -42 51 73 -96 -11 47 77 50 -29 16 54 -51 27 51 67 -90 -82 -9 -93 -68 -51 -5 -80 3 -5 -3 19 22 38 -70 -33 93 -64 97 -98 44 -55 92 9 48 20 73 -24 -5 -62 60 -28 73 75 -35 0 -91
-69 -93 -31 90 -41 -63 -94 -60 64 45 -54 87 15 47 -1 -37 -62 15 35 11 -66 -57 49 -23 75 -20 61 -17 -6 -6 -10 61 22 -45 -98 28 37 -16 -38 -79 12 -55 -16 54 46 -89 -52 -95 -41 -89 15 -30 22 90 87 -12 71 40 -57 98 -53 22 49 52 40 5 -88 62 -5 -42 -91 95 26 2 63 -59 89 -75 59 58 76 -12 -36 -75 -6 -92 -87 -5 -5 -8 53 -69 46 95 -36 -19 -56 -32 -28 28
-50 89 -62 36 33 -43 33 -6 -3 -32 -12 -61 96 -40 60 -3 89 -52 62 17 -65 -55 57 95 4 91 76 56 90 14 40 99 55 -16 13 -36 -73 29 -89 70 -79 -68 41 83 20 88 -65 69 -35 10 7 18 100 -25 63 17 0 98 11 48 17 -12 -34 -82 60 94 -40 28 -4 -86 -56 -33 -37 -54 -27 -6 -81 -27 -99 -50 -64 -36 21 -23 39 -83 -70 -28 92 91 -56 -47 65 97 -44 -43 10 -31 68 -98
-94 70 81 11 -60 22 64 -93 40 -38 37 82 -80 -33 75 67 84 5 -42 41 61 50 -46 79 57 -97 -54 49 12 6 -27 72 23 70 -40 30 -93 6 98 -20 69 69 73 -63 89 -57 35 -25 31 38 81 85 5 36 61 -50 5 12 74 -53 96 82 -51 68 45 18 94 96 101 -82 -11 -43 -17 8 81 70 -20 -86 22 -42 74 8 88 100 -20 27 -43 26 -18 96 -61 16 -41 -70 -69 -71 1 51 -11 53
-63 -37 29 -1 -91 -38 -29 -88 8 88 -9 85 39 -79 -63 -80 20 98 88 -88 20 -40 0 27 101 -17 -57 76 -78 29 -63 24 -66 -34 85 51 -91 22 93 -47 77 37 -78 -61 93 -33 82 -38 20 97 55 88 -42 -77 46 95 88 -80 80 94 54 -12 -67 64 -28 24 84 99 7 43 33 -96 -94 76 -68 41 -24 34 98 99 38 -9 -7 7 -3 89 -40 73 -61 96 58 -56 87 -88 -35 -40 -18 30 -70 -38
-39 -85 -78 -81 -32 48 -45 -6 -39 -44 -37 64 18 -76 94 42 62 83 -58 -79 2 -4 34 42 -28 -5 72 -15 -93 0 -52 -27 -10 -8 -26 -59 -27 -43 73 71 48 -4 -13 -30 49 -56 20 -99 19 -85 -86 93 0 -36 47 52 82 1 -60 -46 45 83 78 41 -90 36 20 46 -36 -43 63 -6 87 -34 -58 -4 -92 41 99 32 52 -16 66 47 87 -35 -3 27 -67 67 -74 -64 -98 -3 -13 -93 -23 -5 -86 68
-53 -76 22 61 -57 12 80 -31 70 41 -47 8 8 -10 -28 13 14 -90 -34 98 -33 1 71 88 -37 17 -61 -85 -7 -9 -8 67 -44 2 28 68 -34 -57 44 -39 -1 -61 -93 18 54 51 20 32 -53 -23 -33 -77 88 -78 -29 87 91 -52 -10 -40 22 58 40 -46 86 41 77 -46 -90 -93 -94 52 -39 -58 -16 46 96 -43 5 -82 -27 98 85 68 15 -65 82 -64 16 31 100 -1 -9 21 -21 -84 41 7 -42 92
-6 63 67 32 83 -37 -77 -91 11 43 67 -33 -62 89 -50 -72 72 -60 50 -74 -28 82 -1 -11 -18 -98 -12 -98 59 -29 40 98 -39 -67 40 54 75 -58 -12 -64 -81 -83 -54 -83 -53 62 -66 -2 -93 62 -42 -99 -33 -17 -81 45 47 -44 24 -48 75 -78 -67 68 -85 -65 -65 -57 79 -93 -9 89 -74 63 -39 101 95 97 -14 31 -26 71 3 -39 -29 26 42 -29 33 21 36 -61 92 34 22 82 29 28 8 -13
-27 56 34 99 29 -25 -20 15 -25 -14 58 -87 -68 15 97 52 96 -95 75 -15 -81 -24 83 38 78 -65 96 56 -68 -93 19 -95 75 -59 -68 -11 79 -11 91 -24 -38 27 60 28 81 -4 37 58 64 1 59 77 -25 80 69 55 -90 -87 -68 -56 50 8 69 -35 -54 -29 15 1 46 -21 27 -71 -89 67 -10 29 55 22 9 3 -41 23 101 12 -94 -70 78 61 -82 81 7 -34 81 36 51 0 35 48 -97 -95
96 20 45 48 30 -53 70 91 44 -5 100 -12 45 94 -30 -21 52 -97 -86 6 -25 72 -23 87 2 -94 21 -96 -90 38 14 -2 29 69 -36 -84 -12 56 -72 -96 -47 -74 -25 73 -31 -64 -32 25 102 -46 -79 -77 16 -83 -71 -50 51 -29 8 -59 -42 50 -8 -31 -74 5 96 63 -37 -13 13 -86 -43 -20 2 43 61 83 76 54 -40 9 68 -36 100 -57 -32 47 -30 -11 87 6 89 -44 -75 19 88 -99 46 -68
12 79 -57 -57 -86 96 -7 -34 -70 20 76 30 -48 56 -6 53 37 -18 72 48 -78 19 -100 88 -84 -64 -47 66 89 -2 -9 65 -33 -33 8 -61 -70 43 19 -1 -79 -52 -57 -95 -84 -51 85 92 -76 74 92 -49 -26 8 -53 90 15 -76 75 -3 -43 36 -18 -72 68 -55 -31 -16 58 -38 67 -3 -88 -34 80 -26 -30 -16 7 -68 -66 34 -70 24 -25 27 36 36 -99 -91 -42 -35 -15 -42 43 -86 7 -91 99 1
-33 21 -16 -82 -37 14 -60 -32 13 18 59 -88 -71 -60 86 -66 -84 44 53 -1 -68 93 97 -14 22 66 83 73 -73 -78 -12 -18 49 -55 97 -89 -39 61 2 -11 -10 68 -73 51 -76 -66 64 11 -41 -16 57 45 56 77 102 33 -26 -24 55 -63 -100 -35 -63 7 -98 -12 8 -33 -98 85 -6 27 -28 -88 -3 -92 -85 -17 64 -33 39 -87 -5 -45 -72 -84 11 84 43 7 -12 22 -61 -84 -90 99 85 69 -53 15
-47 -54 22 -20 -29 -3 -67 15 71 -3 -9 -27 30 75 -17 60 -41 33 80 38 95 23 59 11 27 24 -70 -77 -75 96 -4 -95 23 -80 -86 81 -32 4 18 101 61 -39 27 17 -83 -62 76 40 94 -28 51 -46 30 -61 20 -22 0 2 -16 -100 74 -32 47 -23 -76 -98 -92 2 10 -32 53 90 58 -23 81 34 28 61 -91 58 72 -99 0 -15 -47 -4 37 50 -92 -98 13 -74 88 50 14 -41 88 74 -29 45
59 -48 -27 65 -33 12 -82 32 -69 -95 -16 41 -11 -75 -80 -18 -38 -23 -49 2 4 69 -2 -34 102 -48 -96 -34 -13 23 -62 -75 -89 29 23 -90 -100 -1 80 24 -19 72 74 -81 -18 -82 -24 59 -3 58 -17 77 65 66 -44 5 8 -91 25 25 79 1 44 -53 51 -25 -55 58 80 87 -7 97 38 -39 -5 -48 -41 -36 44 -93 44 -92 -15 -7 -26 -16 96 19 -54 56 9 -23 -29 95 -88 -50 41 -45 -14 88
7 -12 -76 80 97 -81 55 88 66 27 -57 -97 -76 -70 84 -71 54 -5 -69 67 -1 88 -42 41 -20 38 -82 -53 51 77 -56 -60 36 -70 -15 65 15 -66 41 -41 -85 -71 94 -98 58 -16 -83 -82 22 -61 -64 -67 -38 -57 -67 -38 -46 15 -9 -14 -16 77 44 -76 19 29 -45 -75 89 -42 -89 24 15 14 94 -70 -49 60 18 79 -54 42 -63 73 -87 45 -71 101 100 -76 53 -60 -85 12 45 72 -95 -77 -45 62
-96 28 86 6 -3 -9 -97 29 60 -92 35 -75 64 -37 -15 1 51 -81 24 -66 23 -73 1 14 -77 44 -21 -44 -1 44 -48 -97 -57 61 26 86 68 23 -63 43 89 70 51 -74 -56 -74 86 -99 86 -67 81 -81 13 -55 75 -39 44 -18 -12 -76 71 -61 -51 -48 -93 35 31 -62 52 84 66 -19 -43 32 -23 0 -36 -83 47 73 -74 -43 90 50 -18 -94 33 -47 58 -56 -59 86 -12 80 4 83 56 -39 58 50
-68 -42 -38 -30 -40 -66 7 73 -8 37 -50 80 -94 61 65 73 52 8 -46 84 18 69 -97 -28 39 10 -39 80 98 21 -22 55 78 -87 64 -59 53 94 -48 -69 -45 -2 54 57 44 -34 -43 62 1 -31 84 44 56 -20 7 83 -16 -72 -59 -27 92 55 79 -40 55 -15 89 -40 -16 -74 -74 -36 53 45 -18 -55 -75 5 84 -46 65 35 -40 81 9 -23 60 0 -15 23 -75 1 -97 -68 -14 98 78 7 -4 -52
-73 62 32 -37 45 42 80 41 20 17 73 41 50 15 46 -25 21 -95 48 3 -65 43 -15 -69 100 98 6 37 -28 -72 94 35 -86 -36 -17 36 65 25 -68 -22 95 -63 -19 49 -65 40 -59 87 -72 95 -33 -62 91 -81 100 -31 -25 -81 -71 -47 -90 -2 -91 -80 49 -48 86 -1 35 49 -85 -24 -69 -53 23 -48 30 26 -35 -96 -36 11 -61 -69 -36 -26 37 25 -15 -98 69 28 -88 43 -74 -10 54 54 -22 20
73 15 -14 -67 32 68 -38 85 23 -70 42 28 60 97 94 4 -17 2 -64 -69 -92 -97 85 85 -83 95 15 -89 -63 -39 19 53 87 81 88 69 52 -95 -86 8 -59 -12 28 -19 -24 69 -62 89 48 -1 -85 87 -88 4 84 70 -65 -7 -22 -52 76 97 -18 55 59 -70 86 60 40 47 26 31 20 82 4 47 50 -81 53 97 78 77 14 -12 73 74 -86 -3 -59 -49 -44 -25 97 -88 24 83 -63 -53 24 -69
-50 -98 6 -90 -26 -68 -1 -88 78 -30 -77 -3 95 -25 12 46 -92 2 97 91 15 49 18 -37 -43 -35 9 -90 -16 65 -22 86 13 88 93 -78 -59 -35 -3 -40 42 -83 61 27 101 0 36 56 34 -32 -21 -2 71 67 56 38 -63 -63 60 12 -16 54 94 8 34 -48 -95 54 55 -92 0 -87 -42 20 41 54 -44 44 -45 -27 -97 -1 78 26 13 -60 -70 -80 -64 68 21 66 83 87 -61 -59 43 17 -78 85
43 -24 -18 -44 30 -54 -49 -90 46 44 -32 57 -26 30 -11 -68 57 57 96 -74 54 91 -21 88 -55 5 72 56 57 -53 -64 -6 41 58 28 -19 -73 4 -77 48 41 -10 33 77 -81 34 12 30 -100 -42 -34 -23 -11 62 -25 -90 -91 -70 -6 45 -86 -5 27 102 94 57 98 -8 41 -82 49 26 60 -6 -3 -74 2 -5 -17 14 98 35 -75 -95 65 25 -32 84 102 51 53 12 -42 -63 16 3 4 21 98 0
-25 52 -5 -73 66 -22 -62 66 50 -53 97 87 27 20 -6 39 46 70 -65 -49 -10 58 -27 -21 -26 -98 -19 -61 -87 3 54 -48 -6 -42 41 -72 21 -18 -59 -53 8 77 -20 -53 -85 -39 -73 -70 26 -63 -44 53 50 -49 -77 -31 -89 16 -58 46 81 22 48 -5 -77 -60 30 49 18 52 97 12 71 -16 -59 -96 -28 68 36 -78 -98 -36 58 -56 48 -24 -46 41 -18 95 -52 -77 45 57 -4 -64 -47 39 67 41
23 -3 4 -41 -37 -95 -38 -66 6 -47 73 -77 48 47 -33 -11 75 69 -38 76 83 3 -93 -89 15 4 -56 30 81 51 22 -98 92 59 -28 -95 34 -78 -43 -23 -69 59 -16 -24 13 68 -41 -4 -9 -71 -35 48 -13 -37 100 -21 84 -49 46 -78 -64 -57 54 -41 -10 33 -96 -25 51 76 -2 97 47 -17 -70 -22 -87 -81 21 102 39 63 -99 -95 -52 65 24 73 -35 -47 48 80 24 19 18 -51 72 44 -86 15
-78 -30 -43 47 -44 -53 22 -58 15 -14 -10 -32 7 -39 -22 -85 35 -69 40 -2 -25 -84 69 95 98 -69 16 -16 24 10 58 51 -69 19 -90 36 4 32 -14 -8 47 -84 73 17 46 64 55 -22 -20 -17 -60 -47 14 82 -56 17 -28 97 20 80 90 13 49 63 95 -26 -88 97 -52 -66 -79 73 -68 94 -41 14 83 -74 -76 57 68 -58 4 -85 79 55 -32 43 -67 -98 -43 46 84 -86 -32 30 -22 -35 77 -42
-69 -56 71 38 48 5 76 -70 -89 13 -91 7 -53 33 -8 -15 -7 -12 -45 -49 64 -66 28 98 -22 43 20 1 -56 95 36 -56 -80 -3 -52 63 65 -34 -87 25 68 -8 -2 70 38 -44 10 58 57 7 11 -31 -32 -31 54 37 77 99 43 53 5 -91 31 14 37 15 -75 -47 -42 -63 4 58 -48 -88 64 -4 -73 -67 -51 17 -64 -52 -57 36 11 78 14 -58 57 5 76 -65 67 -55 5 79 101 12 -92 -20
-17 31 59 51 76 -24 -82 3 101 -91 -41 67 78 -67 -100 8 -80 -2 -79 -91 -30 -75 83 -58 23 -11 -3 -74 5 -6 -47 -34 -76 47 -70 19 15 70 -7 34 -79 7 -99 -35 -31 3 -61 77 67 73 85 21 -66 -41 -8 76 20 -83 85 20 -45 -94 99 -85 74 -40 -88 -27 88 14 -66 71 11 76 61 7 -57 15 -7 28 6 -65 -44 97 -59 71 -18 -81 50 8 6 -46 -79 41 -72 20 42 -84 -39 -90
18 15 -19 -87 95 91 31 -13 72 -92 79 -19 -69 -44 13 7 64 -47 -50 65 74 -17 81 73 58 -38 -58 0 65 70 -17 -14 -9 8 91 60 -23 94 -40 -91 -50 -20 -45 23 92 55 19 -3 74 -93 -8 26 62 76 -65 13 -78 -99 -51 89 -56 46 -42 -29 -91 27 71 -55 -27 47 -27 43 -51 -26 12 21 -6 -8 72 69 74 -60 7 53 -78 -29 -67 74 54 1 -10 -55 59 68 -23 48 45 -66 -26 16
99 -34 15 56 98 40 -83 97 24 38 -72 81 99 18 -19 67 30 -15 -12 -80 13 -12 -53 55 43 55 -85 -94 21 -16 -11 -7 73 -16 -77 50 -79 -1 99 69 -7 97 -49 -17 22 -39 -90 -68 -18 -24 -57 102 22 2 82 -8 -51 56 -29 -67 59 30 63 -62 -34 -13 -92 20 -13 77 -5 -67 -57 -93 -19 -8 -11 29 35 -36 26 -80 44 -77 -19 92 -54 -79 -88 -77 55 -15 -1 -62 4 75 -76 88 81 -43
-15 22 -28 13 -70 70 -73 50 19 72 81 78 -96 -35 -62 -43 -11 -4 -1 88 -31 -7 -42 -24 16 -72 -3 62 28 -97 -62 8 62 -40 -59 -13 78 22 -27 75 -56 18 -64 88 83 56 7 4 -11 77 97 62 -65 2 34 -71 50 3 70 -91 -99 88 -11 82 5 -58 19 86 74 98 50 17 -63 3 -80 79 -84 80 -76 -70 -36 -49 -60 64 -24 -45 -81 61 52 51 -55 27 73 82 -32 80 -92 -31 -18 -17
-10 -53 89 -78 39 -90 -87 -15 -86 -5 99 71 -1 -71 4 96 43 -21 26 -87 95 89 75 53 100 33 -52 -6 49 -51 97 -15 -9 -6 -62 -14 19 45 -51 94 45 57 -24 24 -69 101 -44 -26 24 -90 34 -57 4 -96 20 -46 -96 -36 -10 40 94 -39 -44 4 -8 -91 70 17 -50 50 25 19 94 81 -15 70 -78 -14 74 -7 -98 -31 29 -9 94 60 15 38 49 15 2 89 -14 -41 55 -84 88 -86 39 -89
1 2 24 31 77 -11 38 -14 -41 52 6 62 -31 -83 -31 38 46 24 -14 -74 -69 89 -53 64 54 -41 -51 16 -83 -75 -72 -10 4 92 46 -53 -86 -19 90 7 71 -88 33 6 -40 26 45 96 -34 -44 98 101 49 -98 84 -66 -83 88 -95 -95 35 -58 75 52 -82 -73 80 -2 -68 -47 32 62 20 -38 -54 -31 -79 10 52 -55 -90 -76 -57 54 63 -12 68 70 54 -9 53 -46 98 -99 -38 97 58 -63 100 72
72 12 36 48 13 -18 102 -92 -85 -94 21 52 -52 -97 5 10 40 19 -40 -24 24 101 -5 -46 39 -27 52 -30 -71 73 5 83 95 57 -84 64 68 -42 -33 -90 67 6 86 -62 -58 88 61 61 -12 -38 81 1 -55 -27 50 -20 11 -80 -98 22 31 26 60 -68 6 57 74 -73 -33 21 86 -7 49 67 42 -88 36 63 -100 -34 -13 50 13 22 -66 59 44 79 -39 -98 64 10 70 0 -75 -91 -65 24 -12 -72
-42 70 48 -43 -38 91 61 32 -65 -43 43 -44 -79 -32 -26 56 -42 41 71 -54 67 -33 78 -73 -25 -91 -96 -59 2 34 90 -96 4 32 -92 -29 77 -9 11 -81 -97 -47 87 -30 -75 97 -60 -29 -10 64 -64 -83 -49 -4 -69 -31 -43 -45 37 36 77 -71 97 -66 0 -42 32 -96 -81 -84 77 -45 -94 41 -38 23 -90 -51 -18 64 -63 -79 -5 -90 -60 42 58 71 -67 -70 -64 67 70 -31 92 3 33 -22 55 -38
29 55 43 68 98 -67 -27 -19 70 49 -93 0 -30 -41 -32 -74 -44 49 -21 -62 -49 -35 -57 79 0 52 -19 28 -90 -83 -28 -64 -95 67 -81 21 68 -87 -11 8 -78 72 -68 -50 75 -36 -1 75 48 88 -25 78 71 -76 2 -42 13 -88 -22 -49 -44 -100 75 42 -42 -22 69 -40 -90 63 -63 -51 63 30 71 -66 8 72 -47 79 37 -83 -47 1 60 74 21 -15 49 43 -12 35 -65 -54 6 -70 87 -80 -97 -18
-33 1 -50 -46 76 -1 -50 72 -65 -87 3 -95 94 23 -42 -95 -29 78 -58 -65 28 98 -24 -45 55 -29 30 80 91 -44 6 -26 -75 94 -68 75 -83 -63 -13 -97 -61 -72 -84 3 28 93 46 65 13 -98 -51 -17 48 -41 -65 73 -20 -49 26 -24 -57 -43 -57 -15 -11 -58 -87 55 -78 -46 -11 -69 50 17 76 43 24 -22 -66 -45 1 44 37 71 -81 84 64 -45 -49 -75 -38 -75 3 -18 -8 -91 -27 95 -35 26
100 47 -5 87 -24 -61 15 45 -49 84 -20 -2 -17 34 -29 98 4 -40 4 5 -7 -27 -19 -45 -53 -23 -30 -81 -9 -63 -71 49 42 -34 36 24 5 101 20 57 51 40 -64 -48 93 -86 -27 18 26 -95 31 -49 5 67 16 -88 52 -75 -69 -19 -2 89 -29 -87 -3 -54 24 -55 92 9 -60 91 96 60 -34 20 100 -98 98 -71 -17 21 59 -34 -63 -93 -37 7 7 -18 -90 39 56 -72 95 4 59 -70 72 -15
-91 -87 94 13 -75 -44 23 33 -32 88 -22 -77 45 -96 -47 98 26 42 73 89 46 8 87 17 -62 16 79 51 -33 -51 -85 54 -52 93 -80 -32 93 -67 98 -8 -81 37 -54 -40 36 -39 46 -81 80 26 -4 -66 -84 -52 100 34 -17 -98 6 -37 -85 -31 -40 -89 -45 41 99 -34 53 30 -89 -9 87 -65 41 76 -54 -79 -79 41 -100 0 -24 33 81 -16 -13 49 32 -44 13 8 -78 -70 48 4 -14 34 38 -53
-49 70 21 14 -5 -24 -12 71 -49 1 -29 30 -36 88 -32 35 93 70 1 64 18 30 -27 64 -56 21 87 73 60 -69 -98 -45 41 -6 -67 55 -85 45 -93 -11 42 7 -73 -44 100 -91 -29 -10 -32 -58 92 21 5 43 54 81 40 38 55 -40 41 -16 94 0 87 70 50 -79 23 -94 59 -3 85 59 56 -63 46 23 -90 -92 21 -52 58 -7 -17 48 48 85 -60 -58 -90 -10 9 -7 94 -23 29 -30 78 77
72 47 -30 -49 43 40 -95 86 -87 -43 69 87 -66 -28 62 93 -7 -13 -52 -79 48 -70 -69 -48 -30 26 -32 -58 46 12 29 15 10 -29 42 45 19 -47 -52 -68 23 -86 -47 -31 -74 -69 65 48 -76 78 6 -43 69 64 -47 42 69 -44 -63 -38 87 -7 10 -71 85 40 -36 -38 -98 49 74 -53 -56 -24 42 35 65 9 -66 46 21 -60 1 78 -91 -33 69 46 -79 38 4 -86 -38 67 -40 -9 -46 12 38 11
96 34 -23 -38 30 33 6 75 -78 92 60 56 -27 40 11 -72 -75 37 -14 83 58 -66 93 -18 -72 83 -40 54 -20 -85 69 -21 77 85 -92 -41 72 89 -75 -44 52 26 -64 54 -66 -82 21 -8 82 65 -12 -75 46 9 -65 -77 -24 52 -5 83 -40 -37 43 -77 -52 18 -17 -27 -29 -72 -12 -33 -98 74 1 42 29 11 -99 -82 -60 7 -70 57 51 39 5 97 -56 93 -21 30 -63 -89 -26 60 -63 -62 90 -55
96 -37 -75 77 -57 -50 25 -8 -15 -38 59 -66 -97 30 0 2 41 -41 31 -20 94 53 -45 100 34 -86 -93 -22 -25 41 -24 78 -63 -8 80 46 -34 10 -70 -75 -92 39 96 -74 -1 92 -93 -74 85 90 47 -44 19 -99 24 -60 -18 57 -83 29 -78 -94 65 -79 -45 18 -16 -27 -97 2 -80 42 21 -53 -73 -72 -5 94 -10 31 -57 102 -69 77 81 76 -80 30 56 -3 -82 75 -78 -28 11 -99 -63 69 61 -60
-8 32 -28 -20 79 -3 -73 81 -99 41 -83 64 -5 -30 -29 12 -52 72 72 -21 -9 82 99 -26 -15 100 83 61 -14 -19 -71 100 -25 47 -4 48 -5 -67 -91 -84 -76 -45 -19 -2 18 44 21 0 -23 -12 -95 -91 -63 77 66 0 -68 -61 -34 40 -83 25 -19 52 -10 -94 -63 -17 28 -13 -51 -66 51 -39 -94 -94 89 -14 -96 -28 26 -28 57 78 -28 -58 -83 -85 66 -75 -11 32 -9 59 79 99 -39 -99 -69 -83
-39 25 100 -38 -44 83 6 -54 -82 67 20 -65 -30 41 -45 71 -18 10 -73 -40 -54 -15 -60 76 9 -3 -39 -93 -47 -92 -3 100 -57 20 -80 -75 -9 -13 -64 34 90 11 69 62 -31 75 32 -77 -90 32 79 -77 -35 -27 9 -74 11 60 30 -61 21 31 -37 -65 -28 47 -90 77 25 85 -18 -28 -51 -63 16 -70 -16 -48 -46 57 -53 81 -34 5 -29 -70 40 76 -25 9 40 73 95 83 42 -27 -66 11 3 -7
-59 -24 38 -43 79 81 42 61 59 -8 71 -50 21 -45 93 -37 55 -70 26 31 70 -72 41 -69 58 -42 97 64 -48 -24 88 -9 65 92 -38 -6 -27 5 -86 4 64 -2 -6 44 77 32 -74 -36 81 7 -35 32 96 -21 83 81 70 46 -71 6 71 -85 26 37 67 -33 -7 -2 -52 -54 -91 55 -24 -23 -93 69 -48 -13 -27 59 30 88 -11 -2 -92 -34 2 -94 74 -73 93 -33 16 36 13 41 30 -22 65 -48
-51 -61 35 45 83 67 99 15 57 -54 95 65 0 -16 -39 -98 -85 36 -32 72 -46 78 -31 29 -36 20 -60 25 75 -56 5 -41 -27 -9 88 86 32 97 -37 46 -26 -89 -5 -25 -56 62 99 -65 -98 -63 -50 62 -97 -79 -68 -32 53 -91 -57 40 81 56 56 12 85 -48 27 -9 -55 85 14 -71 102 -37 32 81 -42 17 72 -27 83 -74 -29 -49 79 91 25 81 86 79 -94 68 -38 15 19 -79 18 66 86 81
16 39 -93 -37 -44 45 -3 0 41 4 -31 -70 80 -34 -92 58 -47 -37 90 -93 -1 -56 -11 -23 -15 -40 -26 86 23 1 62 -20 76 95 91 74 45 -80 -58 86 99 -90 38 -60 -92 -23 -73 73 -32 -71 -85 36 75 28 82 -71 58 62 26 29 -10 5 43 71 77 102 83 84 -29 -35 96 36 -36 98 84 57 94 9 73 -64 87 45 0 15 -65 85 -1 -70 -68 17 19 -84 -38 -89 30 -71 39 24 65 33
-68 -38 -58 -72 -16 51 -90 -66 -94 64 63 1 49 79 -23 -92 65 -63 -71 -96 16 -32 -91 10 99 -41 -36 96 -22 16 -33 71 102 5 47 -52 -79 -51 -18 -1 1 -34 -28 -46 76 99 6 58 -57 4 56 -29 12 -3 27 97 30 -97 37 -72 -30 -42 50 -78 -71 47 -31 -80 83 5 44 -24 25 50 43 -84 73 -43 -61 -67 32 -7 34 -57 -46 19 46 17 34 -71 -24 69 11 88 -71 -10 30 48 79 68
-59 -85 -58 4 69 -71 72 46 52 6 -17 -37 -14 95 75 -27 62 -97 -15 -8 60 66 -41 -67 22 23 -21 54 20 -78 -20 -19 32 1 63 39 5 -69 -90 74 32 -20 -60 57 -100 48 -40 86 -27 -14 23 60 -14 -31 -61 -20 -29 -19 -1 -41 -42 -25 -75 -49 -62 97 91 -86 8 -20 -39 43 -52 -17 -61 1 10 -68 17 -51 -7 52 -52 29 -36 10 62 21 37 -46 -1 49 -78 60 58 -65 -72 -59 95 -78
44 68 -85 34 0 78 57 96 -63 -64 -58 78 -14 -8 6 -10 66 -69 -66 74 61 100 52 -38 -79 -1 -17 -64 38 -94 51 -49 78 23 84 -98 -8 85 -68 50 -5 -71 55 -99 29 -59 86 41 -62 16 17 84 52 -71 92 8 -74 -44 -82 57 -31 6 -76 -33 -40 38 -22 -60 52 -52 -64 78 -12 90 96 -21 31 97 -71 -87 -47 44 0 12 -9 12 -94 5 -39 64 -10 58 -42 -35 -11 64 -93 41 72 28
-58 -30 -83 0 9 6 42 31 -4 81 -63 44 -44 -63 11 -54 -70 -38 -54 7 -37 49 -38 -66 30 7 33 80 -93 77 36 45 -96 30 -61 55 -97 82 35 -8 60 57 96 54 -81 60 41 1 -65 19 -58 -18 55 -2 -69 82 -82 33 -24 -97 79 6 -76 -46 -65 -74 8 39 3 89 -89 -24 92 32 -46 -21 81 84 80 -65 100 -79 -58 21 89 -57 26 62 87 -70 -43 50 -31 53 81 38 -91 34 -75 53
-11 -92 2 48 84 -23 -31 -19 44 -82 -70 -70 -8 91 -68 -41 -2 7 75 -58 -72 88 -91 27 -71 11 -43 78 -90 -54 87 67 14 64 4 -32 26 -20 100 -30 82 97 10 -17 88 40 12 -21 -8 -4 40 -38 -94 28 80 80 22 81 4 54 58 -19 21 78 -49 -34 67 101 75 28 -67 -3 -84 -68 -12 -48 -85 -79 -58 51 -37 100 36 29 38 80 80 85 -85 -44 -32 -93 -93 73 80 24 28 -83 32 -48
-35 6 72 93 19 -16 98 85 -2 33 -45 70 87 0 -7 -10 -81 -85 -82 1 -41 -90 -90 -35 -99 -79 31 -16 -14 -7 -70 -73 87 74 31 49 28 70 -85 22 62 -58 86 -64 78 43 -88 85 9 -79 -44 37 -74 -72 53 0 -21 27 83 51 93 28 44 -22 69 6 -12 45 36 -74 9 -29 -57 -36 -23 -53 101 -86 58 -29 -18 -58 84 29 -23 -3 -10 72 24 7 -81 70 63 -32 0 87 -72 -17 79 -85
-18 -59 -47 -13 10 -58 -76 89 -67 46 37 -16 28 37 -23 -92 -71 78 51 -23 1 9 72 70 -27 82 -79 -55 -86 49 -14 25 -97 24 45 94 21 16 -85 -80 48 -96 -86 85 -85 -71 25 -36 -84 -88 -12 -59 18 78 -38 -13 31 -98 -41 -86 -27 -14 -30 -50 66 72 -92 55 -28 -83 63 -42 -33 69 -28 16 -36 50 97 74 -25 68 78 -14 77 12 -11 96 -84 -44 -68 -69 -92 -16 40 -75 -49 100 -92 -63
20 30 -76 -62 28 7 -88 60 -52 -96 75 58 -72 33 89 -70 -19 -84 47 -91 42 91 75 -42 -65 29 -11 27 -4 11 32 78 34 37 8 -57 -72 87 54 -4 -20 23 -68 -65 -55 27 6 98 65 -35 -14 14 -15 -10 -66 -91 27 -23 13 26 -3 70 83 -70 -25 100 -97 -52 -76 61 -61 -87 -83 -10 -19 -96 -9 51 -28 -52 67 81 23 47 -43 -72 42 -7 95 23 38 -95 -86 49 -71 -59 -67 -7 -36 -67
-35 -83 -1 -47 -14 58 71 84 15 71 17 66 -18 28 25 -65 -41 -98 -40 55 18 78 -28 -73 42 49 -58 31 69 64 19 50 28 -96 -26 -6 34 -83 -53 19 76 -61 78 5 -6 -36 -32 36 -1 34 -35 8 34 -7 39 -67 -97 6 26 58 -19 -94 -22 55 100 -36 99 -50 -1 75 57 -97 34 20 60 -2 42 69 63 -57 -14 -13 -99 -30 84 67 -49 31 -35 84 -89 -1 48 -59 -51 -67 -47 26 23 -19
-50 34 -59 48 7 68 34 -74 34 31 54 -47 76 -85 -64 -66 62 -85 45 -70 89 -39 44 95 31 -64 -41 -31 -27 75 -59 57 -55 -50 -5 87 0 15 -58 -95 40 -1 -47 38 -11 70 9 29 76 56 22 -31 87 84 79 34 98 20 -24 -20 49 -75 79 100 -15 -37 -62 55 84 -91 76 93 -94 28 42 -69 -99 39 -21 49 87 -90 35 60 11 24 -53 92 86 44 11 64 11 -11 -28 46 -62 -80 -60 90
96 66 -32 66 -39 75 -40 73 74 -59 -47 97 -58 96 -90 70 -53 -11 -2 75 68 -35 56 74 -68 13 58 -30 14 -75 -98 -98 39 -8 -49 -36 73 8 -15 -31 -67 63 40 -60 -64 29 -73 -86 -11 0 -66 73 7 -91 13 56 -94 -92 99 42 58 -80 -38 -37 -56 28 -84 -24 89 76 -90 -9 -47 -56 17 -40 5 93 40 -42 -37 -95 -63 44 -100 -65 -52 85 -91 -18 10 -70 -64 -53 94 -51 19 -64 -73 -89
87 98 -28 69 -49 -14 -80 31 97 -62 -67 40 -66 -84 50 -6 21 38 -87 -59 43 55 -64 69 72 31 -25 89 93 -63 -56 58 38 76 36 -79 -93 72 17 40 -35 93 30 -41 13 33 -99 96 -64 96 -92 -11 -19 41 91 -29 98 -49 -5 -78 50 -37 14 13 -26 64 -68 -20 -98 22 27 60 -95 -3 41 16 -47 3 28 -87 97 -92 15 -27 41 -49 -74 -87 -97 63 -93 -97 14 -50 -95 -75 -89 29 98 -68
-1 85 34 97 -91 -22 -71 38 94 -65 82 90 -38 -23 -17 -23 -46 -32 5 13 22 -77 -39 -50 -49 73 65 3 19 47 59 -33 89 -85 -21 73 4 31 56 -95 52 -60 55 -84 44 82 84 51 -36 -70 -94 28 12 83 47 43 -92 51 63 -52 -36 -58 -88 89 93 -68 16 75 89 56 -51 85 47 -19 -61 -78 1 68 -72 6 -94 69 -58 -86 61 86 -34 -67 57 22 -5 -75 -15 -39 77 42 75 51 -61 -89
101 -62 -78 71 -96 -41 78 41 -95 53 -90 -6 63 25 47 -52 98 64 -44 -43 -78 -77 62 -14 -44 62 -20 -31 -32 -49 44 -88 7 -80 68 -28 -89 101 91 97 -83 87 13 100 -68 -38 23 -18 18 17 18 59 -91 45 -85 -53 70 54 -58 27 -9 34 -9 -19 -31 49 29 61 -90 -8 -78 59 -15 -28 -20 -31 42 -73 -11 -89 1 -19 -61 -5 21 74 -21 -35 -22 24 48 -40 -55 44 11 -36 -76 0 -45 28
3 12 46 -29 47 -94 -6 -93 99 -52 -89 86 -99 68 44 -54 -53 -47 -80 82 50 57 -49 79 17 -81 -19 83 -33 -21 -72 46 9 2 50 55 1 -79 44 -71 39 50 -1 71 -86 -58 -96 69 15 -49 38 -72 -1 83 37 -95 -20 -60 83 -88 -33 75 3 86 -83 -21 -25 -86 -13 36 -65 -56 -49 97 22 -88 18 12 59 85 88 52 18 23 -59 9 -68 -23 28 7 -9 -98 75 -95 66 -28 72 -39 -3 8
63 -23 54 8 91 -34 72 40 -65 -87 -8 -42 -9 -18 -8 79 40 29 -8 -68 -48 41 -73 -52 -17 -64 -1 4 -55 -72 63 45 99 44 -32 86 -62 -83 -8 96 -81 -34 21 -36 50 81 -97 -81 15 -29 -89 74 -46 -100 -66 84 79 -28 60 53 -1 102 50 10 79 73 69 6 17 -71 80 -25 83 13 -66 -34 40 55 12 21 22 22 -23 60 -61 34 -79 -86 42 38 -49 -97 -6 -75 -39 57 -1 33 71 102
-77 89 15 -41 -86 -92 96 98 92 -62 -52 -4 -11 87 56 -90 -52 43 -16 -84 -77 -21 19 70 36 19 -38 -62 67 100 34 93 -26 -40 -80 53 12 -16 22 54 41 79 88 -62 26 -14 -95 -20 10 -17 73 -12 -26 -26 19 57 101 98 48 81 41 97 29 -27 -65 -78 11 -13 -72 -25 -65 -36 -85 71 -14 75 -50 -25 -94 79 -89 -83 3 -42 -62 67 66 25 83 34 82 -21 -94 -37 -95 -71 97 -68 34 1
-63 -62 29 -96 -32 -73 -9 -20 13 -8 -58 84 -9 -61 70 57 76 -39 -11 2 96 -57 -74 21 45 -91 37 19 41 89 96 11 60 13 0 -75 98 -14 -86 -88 -97 53 -57 -4 1 -88 68 19 -87 -2 62 5 -20 -66 26 55 59 -72 84 41 -4 -88 94 -25 20 37 -89 101 -70 -52 25 86 69 62 -53 -90 -40 -49 -78 -10 59 29 7 -78 -96 -72 53 64 101 36 -65 -85 19 45 97 99 97 41 10 71
83 57 -96 71 -18 -21 7 -27 -29 -59 85 -81 -53 49 23 -48 -32 -68 -14 10 35 -1 42 -49 -61 -75 37 102 -85 69 64 -6 -33 23 98 -53 8 65 -63 -94 -22 50 84 -2 12 96 38 80 -46 13 98 77 -85 77 -63 17 83 -94 -91 -83 98 29 -47 30 95 -59 65 85 -59 -12 -82 50 16 -83 -59 55 -54 -94 43 -57 79 40 40 -32 19 55 80 -48 -99 -97 -67 -60 89 49 -84 -37 64 62 -80 84
-54 91 27 72 100 59 36 12 51 65 -36 48 -69 -44 -93 -97 96 13 16 53 -12 -56 -69 55 -65 -75 73 -22 101 -65 9 -67 78 -20 -47 38 -48 -53 69 -96 47 -95 90 5 -18 23 5 13 99 -48 -93 94 47 49 32 -44 4 34 -87 8 -18 8 -21 -24 -49 -26 78 -46 17 -93 22 9 -78 55 84 -7 -12 -43 85 83 42 -44 -59 35 -62 55 -59 89 -94 -72 -30 -51 -98 -88 -52 43 -83 -54 9 -30
-30 73 13 74 4 62 81 102 77 -52 -50 -72 90 84 5 94 -81 -26 -39 56 -4 2 -61 13 36 -55 -7 -50 27 -13 -4 -73 3 3 77 -8 -22 85 -22 56 81 -12 4 -74 -64 -36 65 15 22 -85 -13 58 85 -67 -51 31 101 94 -43 76 27 -27 -24 79 -31 -27 -25 96 26 79 0 0 65 80 8 68 -6 63 24 59 72 -93 32 -96 65 96 -68 -69 6 77 66 -18 49 66 30 15 -33 21 -60 90
-69 63 -78 52 -80 34 -75 -85 52 88 -4 -82 77 91 -52 -26 -49 87 -90 44 -55 21 -72 78 13 -42 -19 -39 62 -79 -20 1 -4 -70 -9 1 -27 -67 -12 92 43 25 -52 83 81 80 -3 -7 41 -12 90 22 39 35 -15 42 -55 -40 57 88 -61 -4 96 28 -47 24 5 32 71 -62 -96 -81 -81 90 -55 21 -76 -40 -33 -66 -30 -20 -96 74 -95 87 -32 -70 -21 68 0 67 -96 77 -80 47 29 -34 -42 -57
75 38 -72 90 -27 61 82 0 28 85 50 89 -12 -71 -60 -89 -78 32 32 -75 -58 80 -80 -55 -45 -61 53 58 95 25 4 -27 -67 20 40 88 47 58 -88 28 -33 36 -29 -92 93 51 66 -89 32 55 88 53 -40 -90 -86 -51 -39 -7 79 -88 54 20 -61 43 -23 -37 81 32 -74 95 10 15 19 70 -38 52 96 -86 -12 -6 43 33 -17 -79 61 -28 91 -65 -8 74 46 -87 -37 29 -33 5 -82 59 -59 49
-92 8 53 -82 -9 39 11 43 -87 70 61 -64 -91 -5 94 32 -70 75 -48 17 30 -100 -96 -29 -90 25 -81 34 -92 -60 24 31 -74 -78 85 77 4 97 -82 -20 16 92 -43 -12 -43 -19 77 68 26 81 48 62 44 -86 -70 -17 78 71 -50 18 56 -74 94 -59 -28 74 -50 -73 -85 41 -28 -91 68 94 -87 -26 -58 -4 -6 -26 43 -82 -11 -11 -32 61 42 55 -99 -85 -81 -75 -74 -22 64 51 -27 -12 -80 -25
-15 -91 5 -97 1 93 59 97 56 59 101 9 -44 73 4 -96 -77 -70 -68 -4 31 85 35 62 -22 -7 -46 99 4 -15 100 -26 5 -66 -52 66 -10 9 41 61 52 86 16 -65 -19 34 31 -26 -80 -65 -1 73 9 49 62 101 85 -77 66 -91 -97 -13 -16 90 3 -35 17 19 62 66 -21 -37 -57 38 77 64 4 -4 12 -12 82 -24 39 34 39 11 -54 87 -82 -19 -80 79 77 45 -68 76 -44 -80 50 -17
59 -43 -50 -78 11 -5 -95 58 15 -84 14 74 -72 -1 -80 -39 -64 -12 -41 36 95 -72 -87 89 -60 76 61 19 -8 70 47 62 -57 -57 19 -54 98 -77 76 -98 -37 -60 76 -58 82 -60 0 -1 -60 -59 -26 60 20 -43 -21 -99 -27 61 -18 -80 -57 -23 -47 4 -92 18 90 100 68 -82 -7 -60 -76 -92 -24 -88 69 97 20 4 44 -41 -76 -100 84 -54 -3 27 45 54 68 67 88 81 19 21 -14 -30 -86 -85
0 24 12 73 49 -17 -94 2 -58 28 43 -14 -86 48 46 82 35 -60 -8 -80 -28 73 -26 -61 45 -13 -25 89 85 -97 6 68 -100 -82 27 -61 33 -72 -78 57 -76 -78 -16 -73 48 67 34 56 -20 -10 48 -80 -9 29 -24 -23 -32 28 24 61 -68 -84 55 -14 -18 9 6 -50 53 39 -26 31 16 -43 94 36 -90 76 97 -35 -10 27 7 -50 54 -94 -60 -35 -11 -75 -53 64 70 10 52 23 63 77 -2 -96
59 27 88 -26 76 89 -57 67 58 -89 35 82 45 -91 79 43 -63 80 -69 -7 93 40 33 100 50 80 -48 79 -33 -73 -82 -40 -85 -81 -61 79 -27 -6 -82 88 81 -89 -6 -65 18 77 52 -40 -30 36 -72 -90 51 67 94 13 13 65 47 21 -30 -9 -78 -10 -76 -89 39 52 -47 72 85 67 -44 -63 -40 -28 23 74 93 85 -62 96 -26 38 -20 81 91 -10 -59 71 21 -98 31 -40 -69 82 71 65 60 -51
37 -76 -50 -76 -38 88 -33 -91 32 -51 -1 97 5 74 -90 92 -86 -41 74 -90 43 -75 -8 -45 96 -78 -23 -36 91 -6 55 2 -16 57 92 -9 -88 -10 7 85 11 -14 101 -21 -45 10 -87 31 -77 98 -86 90 -67 -41 2 -72 -15 -40 16 51 -13 99 41 -79 93 13 61 83 -50 36 -98 -53 21 -32 69 22 45 29 94 -81 89 -65 -44 85 14 27 -71 -36 -36 -50 53 92 38 78 71 -70 79 -74 -56 3
-13 -80 -49 -68 -69 -79 -75 71 -43 9 -92 -40 -10 19 21 -71 15 64 -3 10 -34 -44 85 -63 101 -87 4 75 96 84 -58 19 -97 46 -59 12 -81 57 -79 8 21 99 -46 -76 -75 -75 -18 -10 12 98 -66 57 45 83 -13 93 98 34 -27 27 -80 24 -22 -89 -89 89 100 -11 96 -97 -15 -43 -57 100 -14 -40 -50 90 90 91 -19 -68 37 -51 -93 4 86 9 87 21 80 -3 -65 -34 11 -10 29 54 -97 -9
37 -28 -79 89 78 -20 90 29 -74 93 -14 51 46 31 -60 76 5 -67 -15 82 21 -53 -82 3 29 -49 -2 2 -43 93 -9 -90 85 -48 -58 -33 -36 -37 3 -3 102 -18 -92 76 27 -44 68 -79 70 75 -69 10 22 27 -29 18 -8 3 33 73 27 -33 -44 82 25 96 95 -5 7 42 86 51 -40 -90 -30 17 22 15 -74 -89 -17 40 92 58 46 -90 -81 -89 -67 16 -61 -66 -10 62 51 -92 -42 -7 26 80
-75 -67 99 -51 -45 -50 -98 18 -13 64 -3 -86 -23 101 88 11 -26 56 65 55 -37 23 -8 11 90 16 1 34 -29 -94 1 40 71 -79 -44 78 83 -13 -54 -93 -19 -70 100 -10 27 40 -77 -30 -16 89 7 39 17 16 27 60 -25 97 80 17 -88 53 -92 54 -20 -33 -77 -80 -27 -74 -59 47 -67 54 56 -49 -37 -88 81 -43 66 -52 -82 15 100 -35 38 -93 79 23 -33 -63 58 -96 12 97 12 21 75 9
87 -30 76 56 74 99 -43 -14 31 -36 39 44 49 89 -17 -16 7 1 -42 -31 -59 -9 24 -79 -98 -18 49 -93 11 13 -30 71 58 94 37 33 -59 -18 52 -27 -92 71 95 39 21 80 83 -22 41 58 -3 -46 -19 -88 -24 31 -96 -19 -55 6 -90 21 87 55 41 101 -78 -21 14 25 43 2 13 46 -94 -55 63 43 -15 32 -37 -84 -50 71 76 -35 31 -66 -33 24 51 -67 81 -45 6 62 93 -57 23 -60
89 -93 28 -37 81 -37 78 46 101 -48 46 100 -20 63 57 28 -65 -83 -83 -84 -8 50 -54 60 59 6 -37 -86 -99 69 -36 77 17 36 12 70 -85 11 54 79 27 -89 -97 5 44 -97 51 21 102 67 88 42 76 -32 91 62 -81 13 -89 74 14 -64 -32 -3 67 10 31 53 -64 38 82 27 -67 10 -67 -12 -42 -56 -1 84 0 -77 9 70 -88 80 95 -50 75 -56 -7 -50 0 99 66 60 67 -64 80 76
14 60 52 -65 -73 -82 80 26 26 49 -68 78 67 -56 94 -61 34 43 -90 -12 -100 -75 99 3 13 51 -12 -11 -56 46 -45 -24 -57 49 16 89 -14 89 -10 -45 94 98 -69 64 -51 -14 -35 -19 -8 -34 77 7 95 -92 83 94 70 75 68 87 -23 72 3 -73 -5 -45 -36 -28 55 60 85 -56 -44 -8 -39 4 39 -50 49 62 -70 52 -12 68 -94 -94 -51 -97 62 99 -8 94 47 75 -39 -50 13 -13 85 -5
-40 -21 16 60 69 76 46 -24 34 16 98 -3 -54 -63 65 -11 -33 -77 18 84 -36 72 -7 27 -25 -43 -79 13 -55 -22 -40 40 38 -28 29 -53 12 -47 99 65 -40 -16 28 -95 18 52 -23 -62 85 85 -69 42 2 -75 -95 59 -40 44 -22 79 -40 -69 70 -33 96 -39 -71 -95 75 -47 87 70 66 -23 -33 43 -98 -39 94 -63 49 98 35 -34 14 -9 60 -92 -87 -66 15 66 -22 58 14 83 -80 -44 -46 -93
-24 -42 22 53 -69 81 -66 -17 40 81 9 -35 -45 -74 -73 81 -21 -44 7 -28 34 -35 14 69 55 -42 -18 77 -31 10 -18 -17 -93 -97 95 13 98 102 -64 15 -13 99 28 -98 -44 66 63 39 -66 78 -6 68 34 -14 -59 90 11 -65 31 64 101 58 -8 -91 -5 -93 -79 4 -26 -52 -91 10 -14 -96 -75 -69 26 47 -68 -40 -90 -9 -38 -24 102 -76 65 47 -88 64 -69 68 90 -92 -84 -3 -49 -78 -67 96
49 -93 29 17 -62 -57 -54 -74 -34 -29 25 8 -98 -87 66 -1 76 52 -66 11 -32 99 16 12 94 62 57 -62 -63 -37 76 12 -39 -29 21 -98 -65 -25 -76 -85 15 65 30 79 -41 -81 3 37 -86 -60 85 -95 -35 14 55 -64 -82 58 -52 15 -85 -57 2 -14 -35 -39 10 34 -64 9 87 -41 99 44 -92 86 2 86 60 87 98 -59 27 -59 73 80 6 -82 12 -37 74 80 7 -96 -86 90 96 -77 86 51
0 -93 -52 -86 41 73 -67 -65 -40 33 -91 80 -9 66 45 11 6 -77 97 -85 78 32 78 37 -91 -59 83 -4 79 31 -5 52 70 5 -97 38 81 -77 -86 -21 -66 91 -13 -80 86 1 -20 -100 -69 89 -43 23 50 -95 -9 62 75 56 -26 -83 79 -35 -62 -50 -81 -85 98 81 -23 22 -58 -45 79 21 -53 -20 31 -39 -15 101 -22 -77 -61 -19 -83 -40 78 -30 -27 -88 21 -34 68 10 -89 20 45 -43 1 -95
-67 76 -94 40 92 66 78 -83 -77 98 -79 68 -60 -85 -87 -10 22 -27 -84 19 -61 65 -66 15 -44 -43 -33 64 65 4 1 -100 61 95 15 -86 -37 -73 -20 -99 61 -27 -41 65 87 -75 -40 83 34 -71 -55 52 59 -79 -16 -61 -80 -92 -11 -80 64 37 -83 -22 95 42 -55 27 95 52 98 32 -53 19 84 -64 51 -22 -77 9 -81 -23 25 -91 -40 -2 49 -74 48 3 -41 -24 -71 -58 39 -66 9 -82 71 -62
-82 89 -12 -64 -78 -64 -24 -49 -45 64 50 -5 15 -36 17 -30 63 -38 -41 -36 3 86 -98 57 83 19 -94 -11 -33 48 -10 -76 -53 55 21 -35 -99 71 -64 21 -75 53 31 64 -49 45 74 -96 65 -77 -99 -36 -30 -62 14 -41 95 79 -92 3 -4 -71 83 66 -27 -96 59 -77 -49 59 86 -55 -86 -14 27 39 -47 -37 18 -16 72 53 -14 -79 92 89 7 68 97 -28 46 42 34 -17 91 -31 93 96 -22 90
94 -50 31 -36 44 21 87 74 3 55 53 9 28 85 78 97 19 59 -85 29 -85 98 -43 4 84 -94 14 12 -64 -9 -25 100 17 -7 -54 -57 -16 -64 -63 -49 -42 29 -1 -41 -95 -95 17 68 -15 -81 3 4 -6 101 -86 -57 -6 -51 24 -45 18 -14 -23 65 10 13 -71 -64 -15 35 -59 -85 -22 -98 -43 69 18 17 96 25 94 77 -44 -99 -82 15 -33 -30 -2 54 80 -69 68 81 84 -50 -36 1 79 -7
-72 3 -70 -95 91 -18 -94 -22 -18 5 -65 -80 -37 81 57 21 13 -98 91 29 99 1 13 -33 -22 -39 -58 -79 -69 35 -47 97 84 -26 1 95 8 -56 -87 -11 -8 95 -14 -69 38 55 101 57 56 -15 0 49 -30 0 68 22 -49 90 -78 11 -10 46 -22 -63 -70 -7 -7 61 13 -46 68 -20 -56 59 -57 32 91 9 -65 -83 12 -66 -46 -36 31 -75 -52 -97 26 84 -33 94 55 -84 24 -20 -27 -52 0 61
5 -68 -43 -73 -56 -33 -40 -46 -76 -58 -46 8 -89 20 -52 -79 -51 -22 27 -74 98 -5 87 63 86 8 82 24 85 -87 86 2 -45 39 -59 -21 45 79 -22 24 -57 59 -17 -74 44 31 -43 45 58 22 22 5 -54 -83 -75 40 81 -80 90 -58 79 28 -65 32 97 -38 81 -98 -82 53 74 89 -65 50 68 77 97 93 91 -79 75 -42 92 95 66 -9 86 43 58 70 -9 -13 79 -8 1 -67 94 26 -89 94
21 82 -19 51 -14 10 24 -52 16 -54 82 -6 -49 72 -69 68 16 -10 47 -6 -20 26 -67 -72 -69 -63 -65 102 52 42 -86 -75 -77 -62 -52 -59 -87 71 5 82 44 93 -13 -86 -10 17 56 -47 -24 -101 -59 -13 50 -41 -26 15 -16 -86 35 92 54 -12 -52 -72 96 13 93 53 -64 15 36 92 -53 73 72 4 13 84 96 57 -47 -28 9 73 -27 -63 -72 -15 18 -88 -91 -96 7 78 -68 45 88 41 -48 -66
19 -44 -52 -16 -32 -89 20 100 33 -36 0 -61 -78 -80 -56 57 -2 78 41 66 8 49 11 -67 -84 0 -66 -37 -15 63 88 91 -65 25 -16 4 -59 -97 74 -62 38 19 79 43 35 55 19 -33 52 -57 -83 -69 13 -54 -25 -91 -33 74 -19 11 61 -85 -79 89 -9 -70 39 70 45 -42 51 19 -23 -4 3 -96 -30 -12 72 88 -61 26 -67 17 -41 -52 -69 -79 -47 91 -26 -73 -45 -50 43 94 -72 80 81 85
23 72 53 -50 -53 15 -75 91 71 88 -28 21 10 -25 43 91 -87 3 -94 26 -30 -100 -90 75 -28 -89 -35 -55 -83 27 93 -37 -34 -76 53 -20 -22 -29 -9 -33 -38 -30 -83 -36 29 -86 14 53 -37 52 -83 -34 -72 -46 -61 22 -4 100 -66 -86 -20 10 -17 44 86 78 -10 52 33 -66 37 98 -72 -1 71 61 4 11 -71 56 -7 98 52 -14 -62 43 36 -49 -62 -36 102 -91 48 16 -70 101 -13 74 -8 -83
36 -20 -9 60 -22 -47 -79 -28 -59 101 0 32 -48 96 -13 -90 53 -47 96 9 -6 87 41 72 84 20 -80 72 69 -26 28 -78 -89 86 -18 73 20 -75 49 -38 85 5 -36 -4 34 -70 14 -81 3 -59 26 -94 -13 25 0 -49 -65 2 83 -96 -43 -37 22 -54 -54 -87 -46 57 66 71 -37 -18 -18 -38 78 -27 40 -81 6 -84 98 -20 89 56 -37 -79 75 -25 16 21 2 27 65 -55 -28 73 78 -67 -70 30
