20 20
29 -78 44 -30 20 43 81 -23 30 8 19 -58 -49 -60 33 58 -84 85 -2 -60
-70 -62 12 -26 -97 75 -98 -17 -96 -16 -53 79 62 -90 80 -7 1 -29 79 -68
41 -83 -59 -79 24 -94 -50 69 42 2 -87 63 -77 102 57 -93 60 -26 -47 65
32 21 27 -5 34 -58 -29 -5 37 39 -73 96 -13 42 -22 -49 22 -25 -35 87
94 -77 -77 59 -48 43 -39 -68 76 -29 -33 -32 76 31 32 101 62 24 -39 45
66 93 -27 -94 -20 -23 -75 74 -66 -39 -38 -53 -77 90 5 62 -93 -63 -81 -25
-4 -95 -43 62 0 -16 49 28 92 -92 49 13 -5 -14 -1 52 53 58 10 -4
70 -54 46 -88 -1 14 -9 96 -37 50 -45 -94 -13 31 -8 1 -40 92 94 51
-46 38 54 -71 74 49 58 -65 -6 64 24 -51 61 36 18 42 39 -96 -91 35
64 -12 -5 47 -5 66 36 86 -45 -44 7 60 -44 -20 -71 98 9 98 77 -52
5 -63 -27 -48 -39 -30 81 45 11 40 -87 -14 -25 -30 -60 -89 -31 -97 102 -58
94 -75 10 16 -33 13 -40 24 -68 41 44 95 69 98 21 -3 28 94 91 74
-98 -24 -50 -71 46 38 83 51 58 47 38 56 -10 93 -45 -1 -19 -74 -65 51
1 21 -95 60 -61 -7 48 -88 -51 -82 70 7 7 -71 99 -19 48 -38 -3 -69
-34 98 -53 -41 -47 -28 83 -87 33 1 -68 -38 -49 -32 34 -85 55 15 10 -85
92 -2 68 -75 -13 -70 -88 35 95 65 33 31 -16 4 -79 -62 -33 -42 -8 92
-77 -67 -91 73 -58 41 -75 27 -91 53 -76 91 77 -62 39 62 -36 -59 -16 76
-95 -76 98 -8 76 -76 -21 81 59 12 -85 -26 -70 -76 -43 -7 -12 -43 15 -46
80 18 90 67 -20 -77 -3 90 0 -55 69 65 38 -1 38 -63 37 -64 -75 -51
83 -37 12 40 75 -46 20 0 46 -87 -20 87 46 -93 46 102 -6 17 -95 71
