30 30
-59 -94 -50 7 71 46 93 -36 -90 24 80 55 55 -26 67 -42 -74 73 -15 81 -80 -15 94 55 -34 -31 31 -44 35 38
-34 87 -37 80 -102 -82 -28 20 -62 -38 -7 -3 -19 76 -13 -59 -90 -32 -63 13 22 -84 67 54 -79 -38 -42 -23 -78 -42
-80 -10 31 3 32 83 94 -55 -71 -7 -82 -48 -62 3 -30 -101 -6 -4 -30 76 -65 74 46 -81 84 48 -69 -23 83 -80
-59 -93 33 -90 -18 -62 -58 10 -41 -68 44 59 -1 60 -20 -38 -11 40 65 19 -27 -93 -29 -55 71 -98 61 -7 -36 80
79 -56 12 -99 -81 -18 -80 -20 -67 -2 -64 -46 -58 91 84 93 -60 -27 -61 82 57 60 -91 -64 -87 79 98 -66 -68 -59
-35 -98 -90 -42 40 37 -30 -14 -87 44 -2 -15 29 74 80 93 42 -76 87 -33 39 51 -42 -20 72 0 98 61 3 -56
-4 35 87 -98 50 -36 23 69 74 19 -18 -71 44 80 61 -43 77 -65 -86 97 -7 -84 -95 25 77 81 50 -41 -85 -97
48 -62 57 -40 -49 79 22 15 -62 51 64 58 -97 -98 49 -96 85 84 46 64 -75 -7 -82 28 12 16 -44 72 -68 57
-7 -4 100 -25 -81 80 19 46 4 20 75 65 56 -78 11 81 57 -64 56 13 64 88 83 -60 -88 -59 82 -20 39 -24
-99 -34 -62 -29 -40 5 12 85 12 94 -7 100 -70 95 1 -24 13 -48 -9 14 -4 -39 -7 -18 72 8 0 82 86 49
-20 -2 65 7 9 -53 -74 27 -3 -68 1 19 -68 77 64 34 72 -29 -30 -44 82 -47 67 -50 -89 -26 -49 -90 -42 72
-6 9 16 -60 -28 16 42 17 -101 -71 56 -30 27 52 -21 -4 41 12 42 -75 -101 -59 -4 -14 -7 -95 14 -7 11 11
-70 32 39 -46 -20 68 -63 77 98 -4 -19 -6 -68 -42 93 10 -28 -74 80 -13 -71 98 -77 -61 37 -6 -63 -8 19 -83
22 61 35 63 -45 -55 54 -102 -63 45 -24 73 7 29 56 -84 -42 98 32 -67 -4 -31 -39 12 28 -59 -90 -69 -10 -81
-41 -38 53 -75 14 7 -19 5 -46 -55 15 -27 25 -13 -2 86 -5 50 49 7 8 37 32 92 -94 -41 -72 -20 -1 37
-5 41 -39 48 5 -79 47 52 28 35 -88 72 3 -40 -3 -30 -47 92 92 -97 -27 -86 -45 96 -23 43 -19 14 -65 78
85 25 63 -73 -41 92 68 49 89 -30 -12 -82 -28 -37 5 -95 -29 -22 -83 -97 90 2 2 95 -1 -47 27 -36 2 51
-16 72 64 91 43 22 -65 90 -37 -58 23 -89 28 41 83 4 93 16 -9 47 67 18 -10 84 78 71 -93 -53 -8 -31
45 -50 95 -98 62 42 -69 -59 -63 -17 -56 91 -42 -54 10 -61 77 90 -22 28 -33 -61 5 -68 -40 -80 41 97 84 -40
0 -1 71 93 -2 -50 26 -10 59 -77 53 43 92 -33 78 -89 -44 62 -99 -92 40 -38 -6 61 -6 -57 12 82 -86 44
-54 53 80 15 93 -64 86 51 -59 -60 -51 7 80 70 89 20 -65 96 73 -28 -3 82 -84 -56 -28 98 -100 -21 -34 67
-50 15 49 36 -88 -71 13 -34 -6 -86 -88 18 79 76 -87 26 -19 -11 -27 10 -84 26 63 67 95 -93 -4 -73 9 -86
-97 65 -83 31 -45 6 -22 77 56 -25 49 -72 47 -72 69 -42 -28 -47 -47 19 37 -97 21 -84 73 90 -43 -43 -40 -61
46 -16 -95 28 33 -3 -82 -81 82 26 70 59 -81 -49 -73 73 40 -26 -93 4 79 16 -96 32 -68 -8 79 -18 -2 12
-42 35 49 -36 43 -45 -7 36 -10 29 55 89 -4 34 35 -44 60 59 -70 94 93 -10 -97 27 2 -61 -81 24 -3 -36
86 -33 -93 18 90 30 91 -74 41 77 -89 -15 -13 68 68 42 -43 -17 -13 55 70 2 44 -36 86 78 -19 -60 -78 -40
-50 29 51 54 81 39 -23 -39 -25 80 -67 66 -1 49 48 60 74 -22 59 -59 -81 -61 80 -90 -53 -46 88 9 -1 65
-77 -8 22 6 43 93 53 -8 -35 -15 77 -3 -97 -16 -85 66 -12 45 -23 98 -66 -9 66 70 -79 -27 26 -13 67 -78
-56 94 -100 -46 -27 66 63 -69 1 68 -8 40 -29 -54 -1 100 80 87 13 -46 61 67 -67 85 77 68 -35 -62 -62 -68
18 -67 -90 97 54 59 -6 -24 87 13 -92 64 -56 -33 -60 61 -47 -92 -81 -40 -87 -59 61 88 20 -90 -31 -39 94 67
