
1.2-5-6-120-25-62413104.in rendezve

K=5   L=6   
01234 012345
----- ------
00000 000101
00001 ******
00010 ******
00011 010111
00100 000001
00101 000001
00110 010011
00111 010010
01000 ******
01001 010111
01010 010011
01011 010110
01100 010011
01101 010010
01110 ******
01111 010011
10000 ******
10001 110101
10010 010011
10011 ******
10100 010011
10101 110011
10110 010000
10111 110011
11000 ******
11001 100111
11010 010110
11011 010111
11100 000010
11101 000011
11110 010011
11111 010011

függőségek
m     l n m
11111 0 5 1f
11010 1 3 0b
00000 2 0 00
11110 3 4 17
11111 4 5 1f
11111 5 5 1f

l=1
000 0
001 1
010 1
011 1
100 1
101 1
110 0
111 1
