9 12
270
110101001 110010011110
100110000 110010010000
010010010 111111000000
110100110 011010000001
100010010 010111000010
111111000 110110000000
101000010 011111010010
101001000 101111010001
100101010 010010010000
111101110 010010010000
110100001 100010000010
011000100 001111010011
110101111 011010001000
011111101 000110100110
111110001 110110010000
100111011 000011000100
111110111 010110010000
000011100 010111000000
011100011 111110110010
110100111 011010000000
000011101 000111000000
101011100 111011010001
001001001 011011111100
111100110 010010010001
010010011 111111100001
111100011 011110010010
001101111 111111001001
011101000 011010100010
110011110 011011010010
000010010 110011000011
101111100 101110010000
100010101 110011000000
010010111 111111000001
111110011 000110010000
100001000 100111000001
001101100 011010110000
011000010 111111010000
010010110 111111100000
000111011 110111000100
100010110 000011000010
011100001 011110110010
100001010 010111010010
001101110 111010100000
010111001 011010100110
001111111 111111001100
010000011 110111000001
100000101 110011010000
100100100 100110000001
100001011 010011001110
110110000 101010000000
101110101 111111010000
100011111 010011000110
110110101 111010000000
011001101 001011100010
010100110 111010000010
111111011 000110010100
011111100 000110100011
011010111 110011110001
010011101 000111000110
000000101 010111000000
001010000 001011000000
011101001 011110101111
111000101 100011010000
000100100 000010100000
100101101 100111001100
011000001 011011110010
101000000 101111010001
000000000 010011000000
001010101 001011000000
101111010 001110010000
011000000 011111010011
010100001 000010100010
010001110 111111000000
110111110 011010010000
111111100 110110010000
111101101 100110001101
001011001 011011011100
101011110 011011000010
111111010 000110000000
000110110 110010000001
111000010 011111010001
001110110 111110110001
111110110 010110010000
110011111 011011010111
011000110 110111010000
001010011 111011010010
110110011 011010000000
100011100 110011000001
010111011 111010000111
011111011 110110100111
001101010 111110000000
100000010 010111000010
111011000 111011010000
110110110 011010000000
111101010 011010000010
100101011 010011001100
010000001 000111100010
101001100 111011010001
111110100 110110010000
110111000 111010000000
001110011 111111110000
100100011 010011000000
101011101 101011011000
000110111 110011100000
011100100 000010110011
101010000 101011000001
010010001 000111000010
100010100 110011000001
010111010 111010100010
011011001 011011000110
001011111 111011101110
011001010 111111000000
000111001 010111100101
011110110 110110110010
011000011 111011010000
111010101 100011010000
001111001 011111111101
001011100 011011010000
100010111 000011000010
100011001 110111000100
100111111 010111010100
100110010 010010000000
010101100 001010100010
000001101 000101000000
110001100 100111010000
000110101 010011100001
101101011 011111001101
111111110 010110010000
111010000 110011010000
000111111 110011100100
100001001 110111001100
110100000 100010000010
011111000 010110100011
101110000 111110010000
001110111 111111010000
101010011 011011010010
000001010 110011000011
011001110 110111000000
010001010 110111000000
000110000 010110100000
000101011 110111001100
110011010 011011010010
010101001 010010101110
001000010 111011010011
101110011 001111010000
001101011 111111101101
100010011 010111000010
100100010 010010000000
010110111 111010100011
110011000 110111010000
000100111 110011100000
010100100 011010100011
110101100 101010010000
000111110 110010000001
000010011 110011100010
110100101 111010000000
101000011 011011010010
110001110 011111010011
000110001 000111100001
000100000 010110100000
100110111 010111000000
100010000 100111000001
111010001 110011010000
000010111 110101000010
111100000 111010010010
100100101 110111010000
000000011 110001000010
000110010 110110100001
001100011 111111110000
111101100 100010010000
001011101 001011011100
101100001 111111000000
101010101 101011000000
101101101 101111011000
000100010 110110100001
101001110 011011000010
000000010 110011000011
110111100 111010010000
010110011 111010000011
100110110 010110000000
010101101 001010101111
001000111 111011010010
001110010 111110010001
101010111 011011010010
000101000 000110100000
111110101 110110010000
110110010 011010000000
111110010 000110010000
000011111 110011000010
000001111 110001001010
000011000 000011000000
100101111 010111011001
000010101 010101000000
000000110 110111000011
000010000 010011000000
001110001 011111100001
100000000 110111010001
000010001 000011000000
110010000 110111000000
010111111 111010100111
111100001 111110010010
000110011 110111000000
000001100 010111100000
011101111 110110001010
010000101 010111000010
110000010 010111000000
100111110 010110000000
001101000 001110110000
101011111 011011001010
101000110 011011010010
001100010 111110010001
011001011 111011001100
010101111 111010101110
100111001 110011000100
110110111 011010000000
000010100 000111000000
111000100 100111010000
011110001 010110110010
001111011 111111101100
011010001 010011010010
001111101 001111111001
001001111 111011001010
001001010 111011000011
010000110 111111000000
011100010 111010010010
101100110 011110010000
001100111 111111010000
010100111 111010100010
010110000 001010100011
011100111 110110010010
000101110 110010000000
011101110 110010100010
011011100 000011000010
110010010 011111000010
111010111 010011010011
001101101 001111111100
100001110 010011000010
010100101 011010100010
111100101 100110010000
000101010 110110100001
011101011 111110101110
101111111 011111011100
000100011 110111000000
000101100 010010100000
001001011 111011001110
101101000 101010010000
101101100 111110010000
011110000 010110110011
010110010 111010100010
111010100 100011010000
110111101 111010000100
110010011 011111000011
011010100 001011010010
101000111 011011010010
110010110 001111000010
110101010 010010000010
010111110 111010000010
001010010 111011110011
001110100 011110100000
010001100 001111000011
100111000 110010000000
100001111 010011011010
011010000 011011010010
000001001 010011100100
010101000 010010100011
010011001 010111000110
110010101 110101000000
101110100 101110000000
100101110 010110000000
100011101 100011000100
